190.0 0.064
191.0 0.063
192.0 0.039
193.0 0.083
194.0 0.034
195.0 0.041
196.0 0.045
197.0 0.031
198.0 0.046
199.0 0.036
200.0 0.017
201.0 0.011
202.0 0.033
203.0 0.03
204.0 0.027
205.0 0.02
206.0 0.025
207.0 0.022
208.0 0.017
209.0 0.018
210.0 0.009
211.0 0.027
212.0 0.03
213.0 0.019
214.0 0.043
215.0 0.014
216.0 0.024
217.0 0.015
218.0 0.017
219.0 0.021
220.0 0.023
221.0 0.011
222.0 0.014
223.0 0.021
224.0 0.028
225.0 0.021
226.0 0.024
227.0 0.028
228.0 0.025
229.0 0.006
230.0 0.018
231.0 0.013
232.0 0.012
233.0 0.012
234.0 0.012
235.0 0.015
236.0 0.017
237.0 0.009
238.0 0.005
239.0 0.016
240.0 0.015
241.0 0.014
242.0 0.008
243.0 0.016
244.0 0.021
245.0 0.017
246.0 -0.003
247.0 0.025
248.0 0.004
249.0 0.013
250.0 0.029
251.0 0.03
252.0 0.019
253.0 0.019
254.0 0.016
255.0 0.029
256.0 0.006999
257.0 0.029
258.0 0.024
259.0 0.025
260.0 0.039
261.0 0.021
262.0 0.014
263.0 0.023
264.0 0.022
265.0 0.014
266.0 0.018
267.0 0.048
268.0 0.032
269.0 0.045
270.0 0.024
271.0 0.023
272.0 0.02
273.0 0.022
274.0 0.028
275.0 0.019
276.0 0.034
277.0 0.048
278.0 0.029
279.0 0.047
280.0 0.012
281.0 0.042
282.0 0.038
283.0 0.055999
284.0 0.022
285.0 0.036
286.0 0.031
287.0 0.053
288.0 0.019
289.0 0.032
290.0 0.023
291.0 0.058
292.0 0.044
293.0 0.041
294.0 0.038
295.0 0.014
296.0 0.022
297.0 0.048
298.0 0.041
299.0 0.051
300.0 0.019
301.0 0.031
302.0 0.009
303.0 0.045
304.0 0.04
305.0 0.045
306.0 0.068
307.0 0.082
308.0 0.013
309.0 0.028
310.0 0.038
311.0 0.012
312.0 0.062
313.0 0.078
314.0 0.003
315.0 0.067
316.0 0.02
317.0 0.019
318.0 0.049
319.0 0.05
320.0 0.057
321.0 0.054
322.0 0.052
323.0 0.08
324.0 0.041
325.0 0.039
326.0 0.068999
327.0 0.086999
328.0 0.074
329.0 0.069999
330.0 0.068
331.0 0.102
332.0 0.067
333.0 0.078
334.0 0.049
335.0 0.068
336.0 0.055999
337.0 0.059
338.0 0.051
339.0 0.075
340.0 0.052
341.0 0.044
342.0 0.058
343.0 0.054
344.0 0.057
345.0 0.054
346.0 0.067
347.0 0.075
348.0 0.054
349.0 0.069999
350.0 0.078
351.0 0.077
352.0 0.09
353.0 0.106
354.0 0.114
355.0 0.167
356.0 0.191
357.0 0.251
358.0 0.313
359.0 0.438
360.0 0.562
361.0 0.761
362.0 1.023
363.0 1.406
364.0 1.908
365.0 2.601
366.0 3.49
367.0 4.648
368.0 6.126
369.0 7.922
370.0 10.066
371.0 12.55
372.0 15.297
373.0 18.294
374.0 21.43
375.0 24.532
376.0 27.607
377.0 30.559
378.0 33.411
379.0 36.11
380.0 38.651
381.0 41.097
382.0 43.435
383.0 45.741
384.0 47.92
385.0 49.858999
386.0 51.659
387.0 53.328
388.0 54.891
389.0 56.363
390.0 57.738
391.0 59.02
392.0 60.217
393.0 61.315
394.0 62.343
395.0 63.268
396.0 64.146999
397.0 64.98
398.0 65.745
399.0 66.465
400.0 67.125
401.0 67.747
402.0 68.344
403.0 68.88
404.0 69.398
405.0 69.877
406.0 70.357
407.0 70.757
408.0 71.184
409.0 71.591
410.0 71.967
411.0 72.354
412.0 72.670999
413.0 73.007
414.0 73.322
415.0 73.617
416.0 73.895
417.0 74.165
418.0 74.411
419.0 74.681
420.0 74.914
421.0 75.111999
422.0 75.334999
423.0 75.521
424.0 75.726
425.0 75.902
426.0 76.101
427.0 76.259999
428.0 76.417
429.0 76.581999
430.0 76.714
431.0 76.845
432.0 77.011
433.0 77.134999
434.0 77.220999
435.0 77.307
436.0 77.434
437.0 77.542999
438.0 77.642
439.0 77.751
440.0 77.854999
441.0 77.971999
442.0 78.101
443.0 78.188
444.0 78.33
445.0 78.444
446.0 78.569
447.0 78.687
448.0 78.795
449.0 78.896999
450.0 78.992999
451.0 79.129
452.0 79.238
453.0 79.34
454.0 79.467
455.0 79.559
456.0 79.664999
457.0 79.738
458.0 79.845999
459.0 79.955
460.0 80.045
461.0 80.135
462.0 80.200999
463.0 80.297
464.0 80.345999
465.0 80.426
466.0 80.506999
467.0 80.583
468.0 80.626
469.0 80.694999
470.0 80.705
471.0 80.777
472.0 80.861
473.0 80.881
474.0 80.939
475.0 80.971999
476.0 81.004
477.0 81.038
478.0 81.061
479.0 81.095
480.0 81.139
481.0 81.203999
482.0 81.215999
483.0 81.273
484.0 81.301
485.0 81.337999
486.0 81.382
487.0 81.411999
488.0 81.438
489.0 81.476
490.0 81.51
491.0 81.56
492.0 81.581999
493.0 81.633
494.0 81.671
495.0 81.711
496.0 81.767
497.0 81.821999
498.0 81.855
499.0 81.917
500.0 81.942
501.0 82.006999
502.0 82.06
503.0 82.107
504.0 82.154
505.0 82.213
506.0 82.273
507.0 82.339
508.0 82.384999
509.0 82.442
510.0 82.499
511.0 82.581
512.0 82.628999
513.0 82.674
514.0 82.741
515.0 82.8
516.0 82.864
517.0 82.916
518.0 82.988
519.0 83.029
520.0 83.096
521.0 83.157
522.0 83.218999
523.0 83.268
524.0 83.325999
525.0 83.384
526.0 83.418
527.0 83.488
528.0 83.518
529.0 83.572999
530.0 83.611
531.0 83.672
532.0 83.69
533.0 83.747
534.0 83.798
535.0 83.83
536.0 83.89
537.0 83.907
538.0 83.945
539.0 83.982
540.0 83.997
541.0 84.026
542.0 84.060999
543.0 84.08
544.0 84.119
545.0 84.126
546.0 84.147
547.0 84.166
548.0 84.176
549.0 84.202
550.0 84.214999
551.0 84.213
552.0 84.232
553.0 84.249
554.0 84.245
555.0 84.238
556.0 84.247
557.0 84.258
558.0 84.249
559.0 84.236999
560.0 84.223
561.0 84.217
562.0 84.229
563.0 84.228
564.0 84.179999
565.0 84.217
566.0 84.196
567.0 84.213
568.0 84.206999
569.0 84.2
570.0 84.202
571.0 84.211
572.0 84.192
573.0 84.197999
574.0 84.2
575.0 84.184
576.0 84.196
577.0 84.199
578.0 84.202
579.0 84.19
580.0 84.192
581.0 84.182
582.0 84.155999
583.0 84.148
584.0 84.137
585.0 84.116
586.0 84.079
587.0 84.05
588.0 84.023
589.0 83.992999
590.0 83.965999
591.0 83.94
592.0 83.906
593.0 83.88
594.0 83.857
595.0 83.855
596.0 83.842
597.0 83.818
598.0 83.811
599.0 83.809
600.0 83.81
601.0 83.821
602.0 83.806
603.0 83.813999
604.0 83.81
605.0 83.816999
606.0 83.825
607.0 83.839
608.0 83.835
609.0 83.852
610.0 83.860999
611.0 83.864999
612.0 83.877
613.0 83.875
614.0 83.894
615.0 83.911
616.0 83.926999
617.0 83.932
618.0 83.938999
619.0 83.965999
620.0 83.970999
621.0 83.974999
622.0 83.994
623.0 84.004
624.0 84.018
625.0 84.017
626.0 84.045999
627.0 84.045999
628.0 84.062
629.0 84.057999
630.0 84.086
631.0 84.083
632.0 84.09
633.0 84.11
634.0 84.111999
635.0 84.111
636.0 84.128
637.0 84.128
638.0 84.152
639.0 84.158999
640.0 84.165
641.0 84.189
642.0 84.175
643.0 84.179
644.0 84.179
645.0 84.187
646.0 84.206
647.0 84.182999
648.0 84.187
649.0 84.199
650.0 84.2
651.0 84.211
652.0 84.2
653.0 84.197
654.0 84.199
655.0 84.19
656.0 84.179999
657.0 84.213
658.0 84.176
659.0 84.185
660.0 84.19
661.0 84.167
662.0 84.148
663.0 84.146
664.0 84.136
665.0 84.128
666.0 84.128
667.0 84.114999
668.0 84.092
669.0 84.096
670.0 84.075
671.0 84.051
672.0 84.033
673.0 84.027
674.0 84.019
675.0 83.991
676.0 83.986
677.0 83.965999
678.0 83.945
679.0 83.921
680.0 83.922
681.0 83.902
682.0 83.864
683.0 83.871
684.0 83.867
685.0 83.843
686.0 83.816999
687.0 83.789
688.0 83.769
689.0 83.747
690.0 83.717
691.0 83.705
692.0 83.681
693.0 83.652
694.0 83.631
695.0 83.607
696.0 83.579
697.0 83.557999
698.0 83.533
699.0 83.513
700.0 83.488
701.0 83.467
702.0 83.443
703.0 83.422
704.0 83.393
705.0 83.372999
706.0 83.352999
707.0 83.324
708.0 83.311
709.0 83.295
710.0 83.271
711.0 83.247
712.0 83.217
713.0 83.199
714.0 83.175
715.0 83.162
716.0 83.155
717.0 83.119
718.0 83.092999
719.0 83.079
720.0 83.056
721.0 83.033
722.0 83.018
723.0 83.008
724.0 82.970999
725.0 82.967
726.0 82.933
727.0 82.92
728.0 82.914
729.0 82.899
730.0 82.867999
731.0 82.860999
732.0 82.843999
733.0 82.825
734.0 82.804999
735.0 82.779
736.0 82.759
737.0 82.752
738.0 82.745
739.0 82.711
740.0 82.701
741.0 82.678
742.0 82.665
743.0 82.652
744.0 82.645
745.0 82.623
746.0 82.589
747.0 82.584999
748.0 82.584
749.0 82.555
750.0 82.547
751.0 82.533
752.0 82.502
753.0 82.491
754.0 82.476
755.0 82.47
756.0 82.474999
757.0 82.429
758.0 82.42
759.0 82.403
760.0 82.392
761.0 82.363
762.0 82.367999
763.0 82.349
764.0 82.321999
765.0 82.307
766.0 82.292
767.0 82.291
768.0 82.272
769.0 82.26
770.0 82.233
771.0 82.227999
772.0 82.196
773.0 82.173
774.0 82.179
775.0 82.136
776.0 82.111999
777.0 82.081999
778.0 82.045
779.0 81.994
780.0 81.982999
781.0 81.971
782.0 81.969
783.0 81.977
784.0 81.982
785.0 81.988
786.0 81.982999
787.0 81.949
788.0 81.938
789.0 81.918
790.0 81.894
791.0 81.872999
792.0 81.869
793.0 81.833999
794.0 81.807
795.0 81.789999
796.0 81.772
797.0 81.746
798.0 81.737
799.0 81.713
800.0 81.678
801.0 81.652
802.0 81.64
803.0 81.61
804.0 81.588
805.0 81.568
806.0 81.548
807.0 81.506
808.0 81.473
809.0 81.446
810.0 81.447
811.0 81.408
812.0 81.364
813.0 81.351
814.0 81.327
815.0 81.294
816.0 81.276
817.0 81.26
818.0 81.23
819.0 81.187
820.0 81.152999
821.0 81.114
822.0 81.111
823.0 81.079
824.0 81.05
825.0 81.014
826.0 80.993
827.0 80.961
828.0 80.927
829.0 80.915
830.0 80.87
831.0 80.84
832.0 80.801999
833.0 80.779
834.0 80.768
835.0 80.73
836.0 80.693
837.0 80.663
838.0 80.638
839.0 80.596
840.0 80.559
841.0 80.525
842.0 80.483
843.0 80.474
844.0 80.444
845.0 80.391
846.0 80.367
847.0 80.321
848.0 80.305
849.0 80.282
850.0 80.218
851.0 80.193
852.0 80.185
853.0 80.154
854.0 80.084999
855.0 80.073
856.0 80.041
857.0 79.999
858.0 79.953
859.0 79.941
860.0 79.889
861.0 79.864
862.0 79.83
863.0 79.776
864.0 79.767
865.0 79.694
866.0 79.693
867.0 79.67
868.0 79.624
869.0 79.596
870.0 79.551
871.0 79.52
872.0 79.515
873.0 79.447999
874.0 79.415
875.0 79.398
876.0 79.357999
877.0 79.34
878.0 79.297
879.0 79.264
880.0 79.207
881.0 79.168
882.0 79.136
883.0 79.078
884.0 79.006
885.0 78.979
886.0 78.919
887.0 78.878
888.0 78.837999
889.0 78.807
890.0 78.789
891.0 78.742
892.0 78.714
893.0 78.678
894.0 78.649
895.0 78.624
896.0 78.604
897.0 78.574999
898.0 78.551
899.0 78.534
900.0 78.503
901.0 78.459999
902.0 78.480999
903.0 78.47
904.0 78.477
905.0 78.447999
906.0 78.444
907.0 78.464999
908.0 78.474999
909.0 78.480999
910.0 78.502
911.0 78.539
912.0 78.556
913.0 78.569
914.0 78.598999
915.0 78.605
916.0 78.624
917.0 78.639
918.0 78.644
919.0 78.652
920.0 78.672
921.0 78.663
922.0 78.68
923.0 78.661
924.0 78.68
925.0 78.676
926.0 78.673
927.0 78.655
928.0 78.645
929.0 78.651
930.0 78.641
931.0 78.632
932.0 78.651
933.0 78.621
934.0 78.617
935.0 78.633
936.0 78.622
937.0 78.586
938.0 78.619
939.0 78.58
940.0 78.588
941.0 78.589
942.0 78.565
943.0 78.563
944.0 78.564
945.0 78.573
946.0 78.56
947.0 78.549
948.0 78.566
949.0 78.538
950.0 78.525
951.0 78.542
952.0 78.539
953.0 78.522
954.0 78.515
955.0 78.526
956.0 78.529
957.0 78.536
958.0 78.509
959.0 78.527
960.0 78.529
961.0 78.541
962.0 78.574
963.0 78.556
964.0 78.556
965.0 78.578
966.0 78.586999
967.0 78.596999
968.0 78.595
969.0 78.608999
970.0 78.621
971.0 78.608
972.0 78.62
973.0 78.617999
974.0 78.639
975.0 78.675
976.0 78.676999
977.0 78.675
978.0 78.706
979.0 78.703999
980.0 78.683
981.0 78.727
982.0 78.71
983.0 78.705
984.0 78.715999
985.0 78.73
986.0 78.732
987.0 78.749
988.0 78.765
989.0 78.769
990.0 78.807
991.0 78.813
992.0 78.816
993.0 78.834999
994.0 78.839
995.0 78.868
996.0 78.854
997.0 78.878
998.0 78.901
999.0 78.905
1000.0 78.951
1001.0 78.962
1002.0 78.982
1003.0 79.001
1004.0 79.008
1005.0 79.057999
1006.0 79.054
1007.0 79.09
1008.0 79.09
1009.0 79.101999
1010.0 79.124
1011.0 79.135
1012.0 79.166
1013.0 79.188
1014.0 79.209
1015.0 79.22
1016.0 79.253
1017.0 79.259999
1018.0 79.252
1019.0 79.286999
1020.0 79.297
1021.0 79.349
1022.0 79.345
1023.0 79.369999
1024.0 79.36
1025.0 79.406
1026.0 79.403
1027.0 79.417
1028.0 79.438
1029.0 79.474999
1030.0 79.498
1031.0 79.513
1032.0 79.551
1033.0 79.55
1034.0 79.576
1035.0 79.599
1036.0 79.622
1037.0 79.649
1038.0 79.657
1039.0 79.669
1040.0 79.700999
1041.0 79.708
1042.0 79.741
1043.0 79.759
1044.0 79.774999
1045.0 79.798999
1046.0 79.806
1047.0 79.840999
1048.0 79.796
1049.0 79.822
1050.0 79.828
1051.0 79.825999
1052.0 79.871
1053.0 79.898
1054.0 79.928999
1055.0 79.967999
1056.0 79.971999
1057.0 79.977
1058.0 79.991
1059.0 80.052
1060.0 80.032
1061.0 80.022
1062.0 80.073
1063.0 80.076
1064.0 80.087
1065.0 80.136
1066.0 80.128
1067.0 80.139
1068.0 80.132
1069.0 80.162
1070.0 80.171
1071.0 80.247
1072.0 80.203999
1073.0 80.249
1074.0 80.238
1075.0 80.246
1076.0 80.197
1077.0 80.245
1078.0 80.281
1079.0 80.303
1080.0 80.293
1081.0 80.337999
1082.0 80.36
1083.0 80.349
1084.0 80.331
1085.0 80.345
1086.0 80.367
1087.0 80.347
1088.0 80.387
1089.0 80.388
1090.0 80.39
1091.0 80.331
1092.0 80.355
1093.0 80.43
1094.0 80.387
1095.0 80.357999
1096.0 80.416
1097.0 80.359
1098.0 80.413
1099.0 80.391
1100.0 80.391
