190.0 0.055
191.0 0.116
192.0 0.044
193.0 0.072
194.0 0.076
195.0 0.044
196.0 0.047
197.0 0.04
198.0 0.038
199.0 0.043
200.0 0.024
201.0 0.035
202.0 0.026
203.0 0.047
204.0 0.022
205.0 0.027
206.0 0.02
207.0 0.013
208.0 0.023
209.0 0.017
210.0 0.018
211.0 0.046
212.0 0.024
213.0 0.021
214.0 0.023
215.0 0.019
216.0 0.04
217.0 0.025
218.0 0.017
219.0 0.039
220.0 0.026
221.0 0.013
222.0 0.032
223.0 0.037
224.0 0.003
225.0 0.028
226.0 0.019
227.0 0.043
228.0 0.015
229.0 0.024
230.0 0.018
231.0 0.014
232.0 0.009
233.0 0.022
234.0 0.026
235.0 0.038
236.0 0.014
237.0 0.019
238.0 0.015
239.0 0.025
240.0 0.019
241.0 0.02
242.0 0.03
243.0 0.018
244.0 0.021
245.0 0.03
246.0 0.012
247.0 0.013
248.0 0.026
249.0 0.022
250.0 0.028
251.0 0.048
252.0 0.013
253.0 0.02
254.0 0.02
255.0 0.028
256.0 0.026
257.0 0.006
258.0 0.045
259.0 0.047
260.0 0.0
261.0 0.023
262.0 0.026
263.0 0.037
264.0 0.033
265.0 0.035
266.0 0.046
267.0 0.058
268.0 0.043
269.0 0.024
270.0 0.048
271.0 0.037
272.0 0.038
273.0 0.036
274.0 0.04
275.0 0.083
276.0 0.018
277.0 0.062
278.0 0.033
279.0 0.069999
280.0 0.03
281.0 0.035
282.0 0.035
283.0 0.073
284.0 0.039
285.0 0.035
286.0 0.02
287.0 0.053
288.0 0.034
289.0 0.03
290.0 0.045
291.0 0.062
292.0 0.055
293.0 0.04
294.0 0.044
295.0 0.051
296.0 0.05
297.0 0.029
298.0 0.046
299.0 0.084
300.0 0.05
301.0 0.059
302.0 0.062
303.0 0.066
304.0 0.055
305.0 0.057
306.0 0.080999
307.0 0.111
308.0 0.086999
309.0 0.094
310.0 0.098
311.0 0.119
312.0 0.105
313.0 0.116
314.0 0.139
315.0 0.219
316.0 0.191
317.0 0.203
318.0 0.227
319.0 0.225
320.0 0.235
321.0 0.282
322.0 0.299
323.0 0.337
324.0 0.312
325.0 0.364
326.0 0.352
327.0 0.409
328.0 0.432
329.0 0.430999
330.0 0.459
331.0 0.51
332.0 0.544
333.0 0.555
334.0 0.574
335.0 0.624
336.0 0.645999
337.0 0.708
338.0 0.749
339.0 0.805999
340.0 0.882
341.0 0.954
342.0 1.02
343.0 1.115
344.0 1.244
345.0 1.35
346.0 1.498
347.0 1.691
348.0 1.858
349.0 2.1
350.0 2.387
351.0 2.705
352.0 3.127
353.0 3.59
354.0 4.148
355.0 4.805
356.0 5.548
357.0 6.465999
358.0 7.502
359.0 8.72
360.0 10.115
361.0 11.729
362.0 13.535
363.0 15.577
364.0 17.783
365.0 20.225
366.0 22.769
367.0 25.47
368.0 28.217
369.0 30.99
370.0 33.672999
371.0 36.292
372.0 38.753
373.0 41.021
374.0 43.075
375.0 44.94
376.0 46.638
377.0 48.177
378.0 49.602
379.0 50.979
380.0 52.224
381.0 53.473
382.0 54.642
383.0 55.967
384.0 57.261
385.0 58.387
386.0 59.514999
387.0 60.612999
388.0 61.757
389.0 62.86
390.0 63.938
391.0 65.048
392.0 66.135
393.0 67.203999
394.0 68.262
395.0 69.321
396.0 70.355
397.0 71.41
398.0 72.446999
399.0 73.468
400.0 74.479
401.0 75.459
402.0 76.429
403.0 77.369
404.0 78.278
405.0 79.145
406.0 80.013
407.0 80.824
408.0 81.62
409.0 82.372
410.0 83.083
411.0 83.772
412.0 84.422
413.0 84.996
414.0 85.56
415.0 86.094
416.0 86.57
417.0 86.991
418.0 87.389
419.0 87.743
420.0 88.065
421.0 88.376
422.0 88.636
423.0 88.839
424.0 89.012
425.0 89.122999
426.0 89.220999
427.0 89.294
428.0 89.298999
429.0 89.313
430.0 89.27
431.0 89.236999
432.0 89.131
433.0 89.022
434.0 88.883
435.0 88.735
436.0 88.545
437.0 88.372
438.0 88.219
439.0 88.011
440.0 87.802
441.0 87.573
442.0 87.318
443.0 87.075999
444.0 86.824
445.0 86.560999
446.0 86.307999
447.0 86.038
448.0 85.761
449.0 85.501
450.0 85.227
451.0 84.977
452.0 84.717
453.0 84.458999
454.0 84.187
455.0 83.962999
456.0 83.691
457.0 83.449
458.0 83.226
459.0 82.973
460.0 82.742999
461.0 82.521
462.0 82.325999
463.0 82.134
464.0 81.934
465.0 81.748
466.0 81.574
467.0 81.415
468.0 81.286999
469.0 81.128999
470.0 80.97
471.0 80.882
472.0 80.772
473.0 80.663
474.0 80.599
475.0 80.474999
476.0 80.435
477.0 80.366
478.0 80.325
479.0 80.262999
480.0 80.241
481.0 80.202
482.0 80.194
483.0 80.203
484.0 80.194
485.0 80.183
486.0 80.195
487.0 80.2
488.0 80.233
489.0 80.259
490.0 80.297
491.0 80.352
492.0 80.393
493.0 80.432999
494.0 80.506999
495.0 80.572999
496.0 80.661
497.0 80.73
498.0 80.824
499.0 80.903
500.0 81.006
501.0 81.121
502.0 81.215
503.0 81.331
504.0 81.45
505.0 81.572999
506.0 81.713
507.0 81.851
508.0 81.982999
509.0 82.12
510.0 82.27
511.0 82.421
512.0 82.572
513.0 82.738999
514.0 82.911
515.0 83.067
516.0 83.248
517.0 83.406
518.0 83.592999
519.0 83.764
520.0 83.947
521.0 84.126
522.0 84.292
523.0 84.492
524.0 84.674
525.0 84.87
526.0 85.047
527.0 85.214
528.0 85.41
529.0 85.607
530.0 85.809
531.0 85.997999
532.0 86.197999
533.0 86.392
534.0 86.590999
535.0 86.774
536.0 86.973
537.0 87.178
538.0 87.349
539.0 87.539
540.0 87.752
541.0 87.914999
542.0 88.111999
543.0 88.312
544.0 88.465999
545.0 88.671
546.0 88.831
547.0 89.012
548.0 89.183
549.0 89.364
550.0 89.515999
551.0 89.703
552.0 89.848
553.0 89.991
554.0 90.169999
555.0 90.313
556.0 90.475
557.0 90.633
558.0 90.742999
559.0 90.915
560.0 91.083
561.0 91.251
562.0 91.375
563.0 91.497
564.0 91.611
565.0 91.744
566.0 91.871
567.0 91.971
568.0 92.068
569.0 92.191
570.0 92.271
571.0 92.357999
572.0 92.477
573.0 92.551
574.0 92.613
575.0 92.682
576.0 92.758
577.0 92.822999
578.0 92.893
579.0 92.937
580.0 93.016
581.0 93.071
582.0 93.121
583.0 93.197
584.0 93.27
585.0 93.33
586.0 93.432999
587.0 93.505
588.0 93.586
589.0 93.662
590.0 93.748
591.0 93.82
592.0 93.905
593.0 93.953
594.0 94.0
595.0 94.05
596.0 94.105
597.0 94.126
598.0 94.15
599.0 94.167999
600.0 94.173
601.0 94.178
602.0 94.172
603.0 94.166
604.0 94.164
605.0 94.133
606.0 94.124
607.0 94.089999
608.0 94.052
609.0 94.015
610.0 93.971999
611.0 93.926
612.0 93.884
613.0 93.821
614.0 93.77
615.0 93.72
616.0 93.648
617.0 93.599
618.0 93.512
619.0 93.447999
620.0 93.386
621.0 93.301999
622.0 93.244
623.0 93.148
624.0 93.077
625.0 92.981
626.0 92.895
627.0 92.818
628.0 92.727
629.0 92.632
630.0 92.551
631.0 92.452
632.0 92.349999
633.0 92.267
634.0 92.146
635.0 92.062
636.0 91.956
637.0 91.857
638.0 91.759999
639.0 91.655
640.0 91.541
641.0 91.456999
642.0 91.345
643.0 91.215999
644.0 91.119
645.0 91.018
646.0 90.904
647.0 90.815
648.0 90.693
649.0 90.593999
650.0 90.483
651.0 90.363
652.0 90.259
653.0 90.133
654.0 90.035
655.0 89.929
656.0 89.807999
657.0 89.707
658.0 89.575999
659.0 89.480999
660.0 89.365
661.0 89.25
662.0 89.155
663.0 89.025
664.0 88.935
665.0 88.809
666.0 88.697
667.0 88.568
668.0 88.482
669.0 88.348
670.0 88.254
671.0 88.145
672.0 88.045
673.0 87.923
674.0 87.807999
675.0 87.733
676.0 87.597
677.0 87.488999
678.0 87.405
679.0 87.292999
680.0 87.164
681.0 87.089
682.0 86.973999
683.0 86.875
684.0 86.693
685.0 86.565
686.0 86.485
687.0 86.38
688.0 86.275
689.0 86.178
690.0 86.092
691.0 85.992
692.0 85.912
693.0 85.81
694.0 85.715
695.0 85.638
696.0 85.536999
697.0 85.432
698.0 85.361
699.0 85.262
700.0 85.19
701.0 85.099999
702.0 85.014
703.0 84.931
704.0 84.848
705.0 84.777
706.0 84.692
707.0 84.604
708.0 84.533
709.0 84.450999
710.0 84.384
711.0 84.296
712.0 84.235
713.0 84.148
714.0 84.098
715.0 84.011
716.0 83.944
717.0 83.874
718.0 83.8
719.0 83.738
720.0 83.673
721.0 83.611999
722.0 83.55
723.0 83.489999
724.0 83.428
725.0 83.369
726.0 83.299
727.0 83.242
728.0 83.182
729.0 83.133
730.0 83.072
731.0 83.021999
732.0 82.952
733.0 82.908
734.0 82.864999
735.0 82.777999
736.0 82.774
737.0 82.703999
738.0 82.664
739.0 82.616999
740.0 82.564
741.0 82.509999
742.0 82.462999
743.0 82.433
744.0 82.403
745.0 82.355
746.0 82.303
747.0 82.271
748.0 82.226999
749.0 82.205
750.0 82.142
751.0 82.13
752.0 82.114
753.0 82.057999
754.0 82.027
755.0 81.998
756.0 81.958
757.0 81.943
758.0 81.91
759.0 81.884999
760.0 81.855999
761.0 81.828999
762.0 81.795
763.0 81.769
764.0 81.744
765.0 81.71
766.0 81.686
767.0 81.655
768.0 81.611
769.0 81.577999
770.0 81.584
771.0 81.539
772.0 81.533
773.0 81.518
774.0 81.537
775.0 81.52
776.0 81.536
777.0 81.552
778.0 81.574
779.0 81.614
780.0 81.622
781.0 81.577
782.0 81.556
783.0 81.514
784.0 81.459
785.0 81.406
786.0 81.407
787.0 81.392
788.0 81.403
789.0 81.411999
790.0 81.443
791.0 81.438999
792.0 81.44
793.0 81.452
794.0 81.447
795.0 81.426
796.0 81.446
797.0 81.455
798.0 81.474
799.0 81.496
800.0 81.491
801.0 81.514
802.0 81.515
803.0 81.536
804.0 81.541
805.0 81.547
806.0 81.572999
807.0 81.579
808.0 81.602
809.0 81.611
810.0 81.652999
811.0 81.66
812.0 81.682
813.0 81.69
814.0 81.711
815.0 81.730999
816.0 81.753
817.0 81.752
818.0 81.795
819.0 81.812
820.0 81.825
821.0 81.858
822.0 81.896999
823.0 81.908999
824.0 81.941
825.0 81.935999
826.0 81.982999
827.0 82.008
828.0 82.044
829.0 82.057999
830.0 82.102
831.0 82.126
832.0 82.149
833.0 82.188
834.0 82.215
835.0 82.25
836.0 82.261
837.0 82.313999
838.0 82.333
839.0 82.377
840.0 82.404
841.0 82.429
842.0 82.473
843.0 82.516
844.0 82.533
845.0 82.560999
846.0 82.593
847.0 82.65
848.0 82.673
849.0 82.711
850.0 82.753
851.0 82.795
852.0 82.828
853.0 82.867
854.0 82.905
855.0 82.938999
856.0 82.981
857.0 83.026
858.0 83.05
859.0 83.096999
860.0 83.143
861.0 83.186
862.0 83.23
863.0 83.261
864.0 83.303
865.0 83.348
866.0 83.387
867.0 83.431999
868.0 83.505
869.0 83.525
870.0 83.555
871.0 83.608
872.0 83.655999
873.0 83.699
874.0 83.746
875.0 83.798
876.0 83.823
877.0 83.889
878.0 83.918
879.0 83.979
880.0 84.003
881.0 84.045999
882.0 84.111999
883.0 84.19
884.0 84.28
885.0 84.355999
886.0 84.46
887.0 84.509999
888.0 84.577
889.0 84.629
890.0 84.709999
891.0 84.730999
892.0 84.801999
893.0 84.854
894.0 84.923
895.0 84.967
896.0 85.027
897.0 85.078
898.0 85.116
899.0 85.178
900.0 85.196
901.0 85.275
902.0 85.289999
903.0 85.319
904.0 85.354
905.0 85.378
906.0 85.392
907.0 85.426
908.0 85.413
909.0 85.431
910.0 85.431
911.0 85.462999
912.0 85.441999
913.0 85.477
914.0 85.484
915.0 85.505
916.0 85.535
917.0 85.577
918.0 85.598
919.0 85.645
920.0 85.679
921.0 85.733
922.0 85.764
923.0 85.81
924.0 85.853
925.0 85.916
926.0 85.959
927.0 86.006
928.0 86.041
929.0 86.086
930.0 86.153
931.0 86.2
932.0 86.258
933.0 86.297
934.0 86.346999
935.0 86.402
936.0 86.441999
937.0 86.487
938.0 86.556
939.0 86.572
940.0 86.649
941.0 86.672
942.0 86.729999
943.0 86.777
944.0 86.853
945.0 86.878999
946.0 86.932
947.0 86.983
948.0 86.997999
949.0 87.067
950.0 87.124
951.0 87.155
952.0 87.188
953.0 87.221
954.0 87.283
955.0 87.31
956.0 87.358999
957.0 87.421
958.0 87.463
959.0 87.538
960.0 87.563999
961.0 87.646
962.0 87.665
963.0 87.714
964.0 87.763
965.0 87.801
966.0 87.883
967.0 87.902
968.0 87.955
969.0 87.998
970.0 88.036999
971.0 88.071999
972.0 88.138
973.0 88.16
974.0 88.199
975.0 88.26
976.0 88.31
977.0 88.337
978.0 88.373
979.0 88.452
980.0 88.492
981.0 88.517
982.0 88.611999
983.0 88.731
984.0 88.795999
985.0 88.815999
986.0 88.861
987.0 88.905
988.0 88.958
989.0 88.976
990.0 89.036
991.0 89.078
992.0 89.122999
993.0 89.141
994.0 89.205
995.0 89.220999
996.0 89.267
997.0 89.312
998.0 89.357
999.0 89.396
1000.0 89.412
1001.0 89.447
1002.0 89.483
1003.0 89.519
1004.0 89.581
1005.0 89.608
1006.0 89.668
1007.0 89.678
1008.0 89.727999
1009.0 89.758
1010.0 89.793
1011.0 89.831999
1012.0 89.878999
1013.0 89.905999
1014.0 89.941
1015.0 89.967
1016.0 90.003999
1017.0 90.045
1018.0 90.081999
1019.0 90.129
1020.0 90.142
1021.0 90.164
1022.0 90.215
1023.0 90.253
1024.0 90.286
1025.0 90.306
1026.0 90.305
1027.0 90.346
1028.0 90.329
1029.0 90.404
1030.0 90.422
1031.0 90.456999
1032.0 90.449
1033.0 90.519
1034.0 90.562
1035.0 90.563
1036.0 90.613
1037.0 90.613999
1038.0 90.671
1039.0 90.706
1040.0 90.746
1041.0 90.733
1042.0 90.75
1043.0 90.789
1044.0 90.816
1045.0 90.852
1046.0 90.864
1047.0 90.869999
1048.0 90.927
1049.0 90.913
1050.0 90.931
1051.0 90.964999
1052.0 90.979
1053.0 90.992999
1054.0 91.03
1055.0 91.057999
1056.0 91.077
1057.0 91.077
1058.0 91.119
1059.0 91.129
1060.0 91.146
1061.0 91.167
1062.0 91.161
1063.0 91.195
1064.0 91.194
1065.0 91.235
1066.0 91.271
1067.0 91.3
1068.0 91.303
1069.0 91.325
1070.0 91.337
1071.0 91.313999
1072.0 91.38
1073.0 91.378
1074.0 91.364999
1075.0 91.391
1076.0 91.367
1077.0 91.486999
1078.0 91.491
1079.0 91.429
1080.0 91.459
1081.0 91.447
1082.0 91.527
1083.0 91.529
1084.0 91.554999
1085.0 91.557
1086.0 91.568
1087.0 91.537
1088.0 91.593
1089.0 91.557999
1090.0 91.625999
1091.0 91.622
1092.0 91.643
1093.0 91.625999
1094.0 91.691999
1095.0 91.651
1096.0 91.651
1097.0 91.637999
1098.0 91.691999
1099.0 91.64
1100.0 91.703999
