190.0 0.027
191.0 0.122
192.0 0.019
193.0 0.085999
194.0 0.064
195.0 0.073
196.0 0.041
197.0 0.036
198.0 0.035
199.0 0.027
200.0 0.018
201.0 0.044
202.0 0.042
203.0 0.044
204.0 0.038
205.0 0.025
206.0 0.033
207.0 0.019
208.0 0.025
209.0 0.028
210.0 0.021
211.0 0.039
212.0 0.024
213.0 0.016
214.0 0.029
215.0 0.015
216.0 0.02
217.0 0.013
218.0 0.025
219.0 0.037
220.0 0.03
221.0 0.02
222.0 0.036
223.0 0.021
224.0 0.021
225.0 0.025
226.0 0.027
227.0 0.033
228.0 0.028
229.0 0.014
230.0 0.02
231.0 0.019
232.0 0.024
233.0 0.02
234.0 0.02
235.0 0.033
236.0 0.02
237.0 0.02
238.0 0.018
239.0 0.015
240.0 0.02
241.0 0.022
242.0 0.014
243.0 0.024
244.0 0.022
245.0 0.015
246.0 0.023
247.0 0.027
248.0 0.031
249.0 0.019
250.0 0.018
251.0 0.037
252.0 0.013
253.0 0.036
254.0 0.027
255.0 0.015
256.0 0.018
257.0 0.033
258.0 0.018
259.0 0.053
260.0 0.028
261.0 0.031
262.0 0.039
263.0 0.029
264.0 0.027
265.0 0.023
266.0 0.028
267.0 0.054
268.0 0.042
269.0 0.03
270.0 0.053
271.0 0.036
272.0 0.035
273.0 0.033
274.0 0.047
275.0 0.059
276.0 0.041
277.0 0.051
278.0 0.031
279.0 0.024
280.0 0.042
281.0 0.044
282.0 0.069999
283.0 0.071
284.0 0.029
285.0 0.057
286.0 0.038
287.0 0.054
288.0 0.045
289.0 0.022
290.0 0.049
291.0 0.041
292.0 0.047
293.0 0.053
294.0 0.061
295.0 0.019
296.0 0.028
297.0 0.047
298.0 0.048
299.0 0.059
300.0 0.053
301.0 0.059
302.0 0.05
303.0 0.037
304.0 0.032
305.0 0.032
306.0 0.033
307.0 0.067
308.0 0.034
309.0 0.046
310.0 0.042
311.0 0.033
312.0 0.055
313.0 0.05
314.0 0.035
315.0 0.099
316.0 0.049
317.0 0.064
318.0 0.058
319.0 0.048
320.0 0.059
321.0 0.063
322.0 0.08
323.0 0.072
324.0 0.048
325.0 0.089
326.0 0.061
327.0 0.084
328.0 0.051
329.0 0.065
330.0 0.055999
331.0 0.073
332.0 0.044
333.0 0.043
334.0 0.045
335.0 0.066
336.0 0.042
337.0 0.046
338.0 0.022
339.0 0.079
340.0 0.06
341.0 0.055
342.0 0.04
343.0 0.055
344.0 0.048
345.0 0.05
346.0 0.052
347.0 0.061
348.0 0.054
349.0 0.049
350.0 0.054
351.0 0.062
352.0 0.075
353.0 0.072
354.0 0.076
355.0 0.095
356.0 0.1
357.0 0.122
358.0 0.142
359.0 0.185
360.0 0.238
361.0 0.317
362.0 0.421
363.0 0.57
364.0 0.781
365.0 1.077
366.0 1.474
367.0 2.067
368.0 2.836
369.0 3.864
370.0 5.183999
371.0 6.837999
372.0 8.795999
373.0 11.122
374.0 13.771
375.0 16.715
376.0 19.88
377.0 23.266
378.0 26.771
379.0 30.305
380.0 33.73
381.0 37.063
382.0 40.171
383.0 43.23
384.0 46.067
385.0 48.457
386.0 50.649999
387.0 52.641
388.0 54.503
389.0 56.229
390.0 57.918
391.0 59.491
392.0 61.057
393.0 62.624
394.0 64.215999
395.0 65.771999
396.0 67.376
397.0 68.947999
398.0 70.521999
399.0 72.047
400.0 73.507
401.0 74.887
402.0 76.161
403.0 77.33
404.0 78.372
405.0 79.258
406.0 80.02
407.0 80.621
408.0 81.086
409.0 81.418
410.0 81.648
411.0 81.723999
412.0 81.706999
413.0 81.608999
414.0 81.447
415.0 81.208
416.0 80.937
417.0 80.640999
418.0 80.333
419.0 80.02
420.0 79.711
421.0 79.413
422.0 79.149
423.0 78.920999
424.0 78.68
425.0 78.517
426.0 78.378
427.0 78.333
428.0 78.301
429.0 78.34
430.0 78.401
431.0 78.53
432.0 78.707
433.0 78.917
434.0 79.218999
435.0 79.534
436.0 79.874
437.0 80.303
438.0 80.713
439.0 81.199
440.0 81.643
441.0 82.17
442.0 82.679999
443.0 83.182
444.0 83.709999
445.0 84.233
446.0 84.706
447.0 85.209
448.0 85.631
449.0 86.054
450.0 86.447
451.0 86.819
452.0 87.137
453.0 87.399
454.0 87.661
455.0 87.843
456.0 88.003
457.0 88.114999
458.0 88.173999
459.0 88.197999
460.0 88.166
461.0 88.09
462.0 87.985
463.0 87.861
464.0 87.673999
465.0 87.467
466.0 87.273
467.0 87.012999
468.0 86.739
469.0 86.467
470.0 86.167
471.0 85.851999
472.0 85.528
473.0 85.212
474.0 84.891
475.0 84.592
476.0 84.268
477.0 83.985
478.0 83.670999
479.0 83.395
480.0 83.143
481.0 82.909
482.0 82.687
483.0 82.481
484.0 82.253
485.0 82.081
486.0 81.943999
487.0 81.809
488.0 81.702
489.0 81.611
490.0 81.556
491.0 81.53
492.0 81.515
493.0 81.518999
494.0 81.563
495.0 81.626
496.0 81.699
497.0 81.811
498.0 81.923
499.0 82.079
500.0 82.244
501.0 82.450999
502.0 82.643
503.0 82.88
504.0 83.134
505.0 83.345
506.0 83.63
507.0 83.887999
508.0 84.17
509.0 84.467
510.0 84.780999
511.0 85.077
512.0 85.384
513.0 85.68
514.0 86.005
515.0 86.304999
516.0 86.61
517.0 86.914999
518.0 87.209999
519.0 87.502
520.0 87.795999
521.0 88.058
522.0 88.307999
523.0 88.546
524.0 88.759
525.0 89.012
526.0 89.197
527.0 89.365
528.0 89.542999
529.0 89.711
530.0 89.839
531.0 89.944
532.0 90.047
533.0 90.11
534.0 90.176
535.0 90.214
536.0 90.219
537.0 90.224999
538.0 90.211
539.0 90.178
540.0 90.139
541.0 90.056
542.0 89.968999
543.0 89.842
544.0 89.739999
545.0 89.602999
546.0 89.471999
547.0 89.294
548.0 89.132
549.0 88.94
550.0 88.743
551.0 88.524999
552.0 88.354999
553.0 88.114999
554.0 87.911
555.0 87.705999
556.0 87.485
557.0 87.236999
558.0 86.985
559.0 86.758
560.0 86.567
561.0 86.314
562.0 86.075
563.0 85.838
564.0 85.607
565.0 85.402999
566.0 85.177
567.0 84.976
568.0 84.735
569.0 84.55
570.0 84.325
571.0 84.128
572.0 83.928
573.0 83.757
574.0 83.592999
575.0 83.422
576.0 83.26
577.0 83.108
578.0 82.984
579.0 82.842
580.0 82.726999
581.0 82.62
582.0 82.533999
583.0 82.426
584.0 82.364999
585.0 82.313999
586.0 82.268
587.0 82.237
588.0 82.224
589.0 82.213
590.0 82.232
591.0 82.23
592.0 82.258
593.0 82.284
594.0 82.34
595.0 82.386
596.0 82.449
597.0 82.509
598.0 82.593
599.0 82.674
600.0 82.752
601.0 82.854
602.0 82.950999
603.0 83.064
604.0 83.170999
605.0 83.284
606.0 83.428
607.0 83.568
608.0 83.7
609.0 83.847
610.0 83.992
611.0 84.157
612.0 84.304
613.0 84.467
614.0 84.634
615.0 84.807999
616.0 84.958999
617.0 85.136
618.0 85.322
619.0 85.485
620.0 85.667
621.0 85.843
622.0 86.031
623.0 86.197999
624.0 86.373
625.0 86.55
626.0 86.721
627.0 86.895
628.0 87.077
629.0 87.255
630.0 87.428
631.0 87.585
632.0 87.732
633.0 87.872
634.0 88.056
635.0 88.205999
636.0 88.349
637.0 88.491
638.0 88.619
639.0 88.748
640.0 88.871
641.0 88.985
642.0 89.099999
643.0 89.211
644.0 89.289
645.0 89.403
646.0 89.491
647.0 89.553
648.0 89.637
649.0 89.688999
650.0 89.739
651.0 89.810999
652.0 89.828
653.0 89.893
654.0 89.912
655.0 89.939
656.0 89.944999
657.0 89.934
658.0 89.947999
659.0 89.95
660.0 89.925999
661.0 89.922
662.0 89.872
663.0 89.841
664.0 89.802
665.0 89.734
666.0 89.692
667.0 89.641
668.0 89.56
669.0 89.483999
670.0 89.403
671.0 89.31
672.0 89.226
673.0 89.134999
674.0 89.038
675.0 88.948
676.0 88.83
677.0 88.703
678.0 88.587999
679.0 88.486
680.0 88.337
681.0 88.223
682.0 88.082
683.0 87.941999
684.0 87.804
685.0 87.643
686.0 87.504
687.0 87.355
688.0 87.208
689.0 87.066
690.0 86.929999
691.0 86.777
692.0 86.619999
693.0 86.46
694.0 86.309
695.0 86.161
696.0 86.009
697.0 85.854
698.0 85.702
699.0 85.548999
700.0 85.390999
701.0 85.25
702.0 85.107999
703.0 84.934
704.0 84.788
705.0 84.631999
706.0 84.509
707.0 84.36
708.0 84.204
709.0 84.075
710.0 83.934
711.0 83.797
712.0 83.667999
713.0 83.516
714.0 83.396
715.0 83.265999
716.0 83.147
717.0 83.032
718.0 82.922
719.0 82.793
720.0 82.684
721.0 82.58
722.0 82.454
723.0 82.343999
724.0 82.245
725.0 82.152
726.0 82.059
727.0 81.959999
728.0 81.899999
729.0 81.808
730.0 81.718999
731.0 81.642
732.0 81.555
733.0 81.514
734.0 81.431
735.0 81.355999
736.0 81.315
737.0 81.255
738.0 81.196
739.0 81.15
740.0 81.088
741.0 81.057
742.0 81.029
743.0 80.986
744.0 80.965
745.0 80.932
746.0 80.917
747.0 80.89
748.0 80.87
749.0 80.866
750.0 80.847
751.0 80.837
752.0 80.843
753.0 80.842
754.0 80.842
755.0 80.852
756.0 80.876
757.0 80.879
758.0 80.893
759.0 80.92
760.0 80.955
761.0 80.959
762.0 80.991999
763.0 81.026
764.0 81.06
765.0 81.077
766.0 81.138
767.0 81.157
768.0 81.223999
769.0 81.277999
770.0 81.312
771.0 81.358
772.0 81.406
773.0 81.477999
774.0 81.545999
775.0 81.633
776.0 81.691
777.0 81.774999
778.0 81.849
779.0 81.946
780.0 82.008
781.0 82.072999
782.0 82.133
783.0 82.179999
784.0 82.221999
785.0 82.292
786.0 82.37
787.0 82.45
788.0 82.531
789.0 82.61
790.0 82.718999
791.0 82.791
792.0 82.923
793.0 83.005
794.0 83.089
795.0 83.185
796.0 83.27
797.0 83.372999
798.0 83.453
799.0 83.556
800.0 83.634
801.0 83.74
802.0 83.845
803.0 83.934
804.0 84.021
805.0 84.101
806.0 84.216
807.0 84.313
808.0 84.402999
809.0 84.477999
810.0 84.569
811.0 84.667
812.0 84.761
813.0 84.828999
814.0 84.931
815.0 85.012
816.0 85.102
817.0 85.178
818.0 85.259
819.0 85.343999
820.0 85.432
821.0 85.497
822.0 85.593
823.0 85.661
824.0 85.746
825.0 85.827
826.0 85.875999
827.0 85.946
828.0 86.021
829.0 86.087
830.0 86.167
831.0 86.223
832.0 86.268
833.0 86.328999
834.0 86.394
835.0 86.453
836.0 86.524
837.0 86.571
838.0 86.624
839.0 86.682
840.0 86.697999
841.0 86.756999
842.0 86.828
843.0 86.839
844.0 86.885
845.0 86.931
846.0 86.955
847.0 87.004
848.0 87.023
849.0 87.048
850.0 87.08
851.0 87.113
852.0 87.121
853.0 87.156
854.0 87.187
855.0 87.185999
856.0 87.200999
857.0 87.194999
858.0 87.215
859.0 87.223
860.0 87.22
861.0 87.217999
862.0 87.219
863.0 87.216
864.0 87.207
865.0 87.214
866.0 87.211
867.0 87.188
868.0 87.184
869.0 87.17
870.0 87.132
871.0 87.141
872.0 87.104
873.0 87.067
874.0 87.09
875.0 87.039999
876.0 86.999
877.0 86.980999
878.0 86.938999
879.0 86.919
880.0 86.893
881.0 86.841
882.0 86.800999
883.0 86.815
884.0 86.766
885.0 86.729999
886.0 86.723
887.0 86.69
888.0 86.625
889.0 86.572
890.0 86.548
891.0 86.489999
892.0 86.435
893.0 86.389
894.0 86.338
895.0 86.287
896.0 86.231
897.0 86.2
898.0 86.102
899.0 86.05
900.0 85.988
901.0 85.918
902.0 85.803
903.0 85.761
904.0 85.689
905.0 85.614999
906.0 85.541
907.0 85.477999
908.0 85.365
909.0 85.280999
910.0 85.188
911.0 85.098
912.0 85.009999
913.0 84.933
914.0 84.804999
915.0 84.74
916.0 84.662
917.0 84.572
918.0 84.497
919.0 84.405
920.0 84.33
921.0 84.241
922.0 84.170999
923.0 84.084999
924.0 84.001
925.0 83.914
926.0 83.835
927.0 83.753
928.0 83.677
929.0 83.595
930.0 83.523
931.0 83.469
932.0 83.378
933.0 83.315
934.0 83.223
935.0 83.142
936.0 83.076
937.0 82.999
938.0 82.918
939.0 82.833
940.0 82.753
941.0 82.686
942.0 82.611
943.0 82.529
944.0 82.468
945.0 82.394
946.0 82.325999
947.0 82.244
948.0 82.174
949.0 82.124
950.0 82.004
951.0 81.955999
952.0 81.877
953.0 81.805
954.0 81.726
955.0 81.685
956.0 81.599
957.0 81.52
958.0 81.459999
959.0 81.402
960.0 81.361999
961.0 81.274999
962.0 81.248
963.0 81.172
964.0 81.084999
965.0 81.026
966.0 80.967
967.0 80.922
968.0 80.848
969.0 80.796
970.0 80.745
971.0 80.685
972.0 80.649
973.0 80.569
974.0 80.536
975.0 80.456999
976.0 80.425
977.0 80.384
978.0 80.308
979.0 80.303
980.0 80.218
981.0 80.161
982.0 80.115
983.0 80.078
984.0 80.056
985.0 80.003
986.0 79.967999
987.0 79.91
988.0 79.908
989.0 79.83
990.0 79.825
991.0 79.762999
992.0 79.735
993.0 79.700999
994.0 79.654
995.0 79.615
996.0 79.596
997.0 79.533
998.0 79.523
999.0 79.47
1000.0 79.467
1001.0 79.434
1002.0 79.43
1003.0 79.379
1004.0 79.361
1005.0 79.32
1006.0 79.310999
1007.0 79.286
1008.0 79.271999
1009.0 79.285
1010.0 79.226
1011.0 79.218
1012.0 79.196
1013.0 79.168
1014.0 79.16
1015.0 79.148
1016.0 79.145
1017.0 79.139
1018.0 79.088
1019.0 79.102999
1020.0 79.105
1021.0 79.113999
1022.0 79.052
1023.0 79.047
1024.0 79.063
1025.0 79.066999
1026.0 79.072
1027.0 79.066
1028.0 79.054
1029.0 79.066
1030.0 79.052
1031.0 79.090999
1032.0 79.086999
1033.0 79.054
1034.0 79.078
1035.0 79.092
1036.0 79.1
1037.0 79.1
1038.0 79.113999
1039.0 79.105999
1040.0 79.143
1041.0 79.136
1042.0 79.156
1043.0 79.166
1044.0 79.127
1045.0 79.184
1046.0 79.17
1047.0 79.178
1048.0 79.179
1049.0 79.212999
1050.0 79.198
1051.0 79.285
1052.0 79.294
1053.0 79.305
1054.0 79.318999
1055.0 79.413
1056.0 79.416
1057.0 79.444
1058.0 79.423999
1059.0 79.489
1060.0 79.454
1061.0 79.489
1062.0 79.512
1063.0 79.588
1064.0 79.587
1065.0 79.616
1066.0 79.619
1067.0 79.617
1068.0 79.745
1069.0 79.699
1070.0 79.761
1071.0 79.776
1072.0 79.768
1073.0 79.75
1074.0 79.877
1075.0 79.872
1076.0 79.904
1077.0 80.006
1078.0 80.001
1079.0 80.042999
1080.0 80.069999
1081.0 80.096
1082.0 80.218999
1083.0 80.277
1084.0 80.239999
1085.0 80.282
1086.0 80.253
1087.0 80.356
1088.0 80.45
1089.0 80.411999
1090.0 80.461
1091.0 80.514
1092.0 80.545
1093.0 80.548
1094.0 80.634
1095.0 80.688999
1096.0 80.73
1097.0 80.729
1098.0 80.855
1099.0 80.908
1100.0 80.845
