190.0 0.053
191.0 0.171
192.0 0.045
193.0 0.09
194.0 0.059
195.0 0.068999
196.0 0.054
197.0 0.047
198.0 0.063
199.0 0.055
200.0 0.038
201.0 0.048
202.0 0.028
203.0 0.04
204.0 0.034
205.0 0.023
206.0 0.031
207.0 0.027
208.0 0.025
209.0 0.022
210.0 0.022
211.0 0.045
212.0 0.021
213.0 0.026
214.0 0.035
215.0 0.018
216.0 0.028
217.0 0.024
218.0 0.024
219.0 0.036
220.0 0.025
221.0 0.027
222.0 0.022
223.0 0.026
224.0 0.014
225.0 0.027
226.0 0.031
227.0 0.035
228.0 0.031
229.0 0.03
230.0 0.022
231.0 0.03
232.0 0.025
233.0 0.009
234.0 0.022
235.0 0.028
236.0 0.015
237.0 0.019
238.0 0.017
239.0 0.019
240.0 0.016
241.0 0.024
242.0 0.01
243.0 0.034
244.0 0.023
245.0 0.021
246.0 0.03
247.0 0.016
248.0 0.023
249.0 0.013
250.0 0.038
251.0 0.036
252.0 0.029
253.0 0.034
254.0 0.022
255.0 0.017
256.0 0.029
257.0 0.029
258.0 0.035
259.0 0.06
260.0 0.02
261.0 0.021
262.0 0.04
263.0 0.031
264.0 0.036
265.0 0.038
266.0 0.012
267.0 0.06
268.0 0.027
269.0 0.029
270.0 0.046
271.0 0.047
272.0 0.022
273.0 0.052
274.0 0.031
275.0 0.061
276.0 0.05
277.0 0.057
278.0 0.026
279.0 0.037
280.0 0.042
281.0 0.046
282.0 0.055999
283.0 0.076
284.0 0.049
285.0 0.034
286.0 0.031
287.0 0.05
288.0 0.045
289.0 0.059
290.0 0.043
291.0 0.076
292.0 0.013
293.0 0.077
294.0 0.055
295.0 0.051
296.0 0.036
297.0 0.042
298.0 0.067
299.0 0.068
300.0 0.055
301.0 0.042
302.0 0.041
303.0 0.042
304.0 0.042
305.0 0.031
306.0 0.055
307.0 0.093
308.0 0.057
309.0 0.022
310.0 0.039
311.0 0.067
312.0 0.036
313.0 0.066
314.0 0.064
315.0 0.083
316.0 0.028
317.0 0.073
318.0 0.048
319.0 0.068999
320.0 0.048
321.0 0.080999
322.0 0.045
323.0 0.106
324.0 0.047
325.0 0.078
326.0 0.074
327.0 0.058
328.0 0.061
329.0 0.045
330.0 0.065
331.0 0.089
332.0 0.042
333.0 0.044
334.0 0.059
335.0 0.046
336.0 0.04
337.0 0.042
338.0 0.051
339.0 0.042
340.0 0.039
341.0 0.038
342.0 0.031
343.0 0.032
344.0 0.043
345.0 0.047
346.0 0.042
347.0 0.063
348.0 0.055999
349.0 0.062
350.0 0.085999
351.0 0.085999
352.0 0.116
353.0 0.152
354.0 0.216
355.0 0.281
356.0 0.39
357.0 0.538
358.0 0.734
359.0 1.021
360.0 1.395
361.0 1.902
362.0 2.563
363.0 3.416
364.0 4.478
365.0 5.795
366.0 7.407999
367.0 9.3
368.0 11.47
369.0 13.865
370.0 16.458
371.0 19.183
372.0 21.955
373.0 24.713
374.0 27.443
375.0 30.001
376.0 32.436
377.0 34.749
378.0 36.961
379.0 39.109
380.0 41.226
381.0 43.282
382.0 45.386
383.0 47.629
384.0 49.812
385.0 51.849999
386.0 53.848
387.0 55.762
388.0 57.581
389.0 59.292999
390.0 60.862
391.0 62.263
392.0 63.517
393.0 64.641
394.0 65.585
395.0 66.385
396.0 67.061
397.0 67.617
398.0 68.042
399.0 68.398
400.0 68.657
401.0 68.898
402.0 69.079
403.0 69.288
404.0 69.482
405.0 69.691
406.0 69.928
407.0 70.191
408.0 70.517
409.0 70.869
410.0 71.26
411.0 71.708
412.0 72.196
413.0 72.728
414.0 73.291
415.0 73.873
416.0 74.473
417.0 75.081
418.0 75.678
419.0 76.283
420.0 76.861
421.0 77.44
422.0 77.988
423.0 78.462
424.0 78.956999
425.0 79.337999
426.0 79.703
427.0 79.983999
428.0 80.257
429.0 80.418
430.0 80.533999
431.0 80.61
432.0 80.605999
433.0 80.581999
434.0 80.486999
435.0 80.382
436.0 80.239
437.0 80.035
438.0 79.829
439.0 79.629
440.0 79.368
441.0 79.139
442.0 78.931
443.0 78.724999
444.0 78.489
445.0 78.265
446.0 78.084
447.0 77.928
448.0 77.798
449.0 77.682
450.0 77.592
451.0 77.544
452.0 77.544
453.0 77.529
454.0 77.581
455.0 77.649999
456.0 77.763
457.0 77.9
458.0 78.084
459.0 78.25
460.0 78.497
461.0 78.732
462.0 78.994
463.0 79.283999
464.0 79.599
465.0 79.898
466.0 80.217
467.0 80.541
468.0 80.871
469.0 81.196
470.0 81.592
471.0 81.920999
472.0 82.247
473.0 82.58
474.0 82.866
475.0 83.16
476.0 83.442
477.0 83.693
478.0 83.989
479.0 84.197
480.0 84.374
481.0 84.575999
482.0 84.69
483.0 84.831999
484.0 84.93
485.0 84.968999
486.0 85.029
487.0 85.036999
488.0 84.996
489.0 84.985
490.0 84.921
491.0 84.84
492.0 84.708
493.0 84.589
494.0 84.477999
495.0 84.308
496.0 84.155
497.0 83.944
498.0 83.775
499.0 83.569999
500.0 83.339
501.0 83.151
502.0 82.94
503.0 82.723
504.0 82.503
505.0 82.327
506.0 82.099
507.0 81.917
508.0 81.737
509.0 81.557
510.0 81.399999
511.0 81.258
512.0 81.099
513.0 80.993
514.0 80.877
515.0 80.788
516.0 80.718
517.0 80.646
518.0 80.596
519.0 80.572999
520.0 80.566999
521.0 80.556
522.0 80.596
523.0 80.64
524.0 80.671
525.0 80.765
526.0 80.823
527.0 80.932
528.0 81.035
529.0 81.155
530.0 81.313
531.0 81.477
532.0 81.631
533.0 81.797
534.0 81.973
535.0 82.177
536.0 82.36
537.0 82.565
538.0 82.807
539.0 83.021999
540.0 83.242
541.0 83.464
542.0 83.674
543.0 83.899
544.0 84.122
545.0 84.364999
546.0 84.572
547.0 84.792
548.0 85.0
549.0 85.202999
550.0 85.401
551.0 85.595
552.0 85.811
553.0 85.961
554.0 86.134999
555.0 86.279
556.0 86.449
557.0 86.563999
558.0 86.697
559.0 86.813
560.0 86.929
561.0 87.019
562.0 87.099999
563.0 87.136
564.0 87.216
565.0 87.209
566.0 87.249
567.0 87.246
568.0 87.25
569.0 87.221999
570.0 87.182
571.0 87.133
572.0 87.089
573.0 87.006
574.0 86.899
575.0 86.804999
576.0 86.709999
577.0 86.583
578.0 86.448
579.0 86.319999
580.0 86.188
581.0 86.016
582.0 85.904
583.0 85.74
584.0 85.577
585.0 85.465
586.0 85.306
587.0 85.169
588.0 85.016
589.0 84.874
590.0 84.74
591.0 84.587999
592.0 84.453999
593.0 84.311
594.0 84.155
595.0 84.006
596.0 83.867999
597.0 83.714999
598.0 83.560999
599.0 83.431
600.0 83.282
601.0 83.15
602.0 83.013
603.0 82.877
604.0 82.759
605.0 82.624
606.0 82.505
607.0 82.392
608.0 82.282
609.0 82.194999
610.0 82.091
611.0 82.024
612.0 81.938999
613.0 81.864999
614.0 81.816
615.0 81.748
616.0 81.729
617.0 81.685
618.0 81.646
619.0 81.628999
620.0 81.616
621.0 81.607
622.0 81.601
623.0 81.623
624.0 81.634
625.0 81.664
626.0 81.696
627.0 81.725
628.0 81.762999
629.0 81.828
630.0 81.884
631.0 81.957
632.0 82.015
633.0 82.103
634.0 82.179999
635.0 82.265999
636.0 82.366
637.0 82.476
638.0 82.584999
639.0 82.699
640.0 82.809
641.0 82.938999
642.0 83.038
643.0 83.177
644.0 83.318
645.0 83.447999
646.0 83.566
647.0 83.726999
648.0 83.860999
649.0 84.002
650.0 84.149
651.0 84.311
652.0 84.457
653.0 84.592999
654.0 84.751
655.0 84.898
656.0 85.057
657.0 85.206999
658.0 85.335
659.0 85.503
660.0 85.638
661.0 85.787
662.0 85.926
663.0 86.056999
664.0 86.205
665.0 86.338
666.0 86.453
667.0 86.599999
668.0 86.723
669.0 86.839
670.0 86.96
671.0 87.057
672.0 87.197
673.0 87.273
674.0 87.378
675.0 87.479
676.0 87.562
677.0 87.644
678.0 87.708
679.0 87.791
680.0 87.854
681.0 87.905999
682.0 87.985
683.0 88.018
684.0 88.039999
685.0 88.093
686.0 88.126
687.0 88.146999
688.0 88.146999
689.0 88.176
690.0 88.177
691.0 88.17
692.0 88.158999
693.0 88.16
694.0 88.144
695.0 88.113
696.0 88.074
697.0 88.047
698.0 88.005
699.0 87.956999
700.0 87.907
701.0 87.843999
702.0 87.779
703.0 87.69
704.0 87.63
705.0 87.559
706.0 87.476
707.0 87.371
708.0 87.283999
709.0 87.189
710.0 87.072
711.0 86.985999
712.0 86.871
713.0 86.748
714.0 86.632
715.0 86.514
716.0 86.406
717.0 86.28
718.0 86.16
719.0 86.017
720.0 85.893
721.0 85.751
722.0 85.634999
723.0 85.503
724.0 85.358
725.0 85.224
726.0 85.077
727.0 84.97
728.0 84.799
729.0 84.677
730.0 84.535
731.0 84.377
732.0 84.255
733.0 84.108999
734.0 83.984
735.0 83.839
736.0 83.702
737.0 83.578
738.0 83.445
739.0 83.324
740.0 83.191999
741.0 83.057999
742.0 82.934
743.0 82.816
744.0 82.694999
745.0 82.584999
746.0 82.479
747.0 82.337999
748.0 82.241
749.0 82.134
750.0 82.032
751.0 81.916
752.0 81.83
753.0 81.718
754.0 81.648
755.0 81.555
756.0 81.467
757.0 81.383
758.0 81.315
759.0 81.218999
760.0 81.149
761.0 81.081
762.0 81.011
763.0 80.942
764.0 80.892
765.0 80.845
766.0 80.782
767.0 80.723
768.0 80.647
769.0 80.632
770.0 80.56
771.0 80.539
772.0 80.508
773.0 80.488
774.0 80.458
775.0 80.447999
776.0 80.446
777.0 80.449
778.0 80.447
779.0 80.455
780.0 80.491999
781.0 80.467
782.0 80.459999
783.0 80.431
784.0 80.422
785.0 80.42
786.0 80.416
787.0 80.428
788.0 80.454
789.0 80.477
790.0 80.517
791.0 80.561
792.0 80.593
793.0 80.631
794.0 80.66
795.0 80.7
796.0 80.747999
797.0 80.809
798.0 80.852
799.0 80.892
800.0 80.92
801.0 81.013
802.0 81.061
803.0 81.139
804.0 81.19
805.0 81.233999
806.0 81.32
807.0 81.394
808.0 81.454
809.0 81.559
810.0 81.61
811.0 81.682
812.0 81.78
813.0 81.825999
814.0 81.908
815.0 81.997
816.0 82.077
817.0 82.152999
818.0 82.242999
819.0 82.325999
820.0 82.411999
821.0 82.496
822.0 82.576
823.0 82.679999
824.0 82.765999
825.0 82.859
826.0 82.949
827.0 83.031
828.0 83.128
829.0 83.223
830.0 83.292
831.0 83.414
832.0 83.489999
833.0 83.587999
834.0 83.677
835.0 83.745
836.0 83.860999
837.0 83.964
838.0 84.041
839.0 84.131999
840.0 84.214
841.0 84.313
842.0 84.409
843.0 84.485
844.0 84.584
845.0 84.694
846.0 84.768
847.0 84.85
848.0 84.926
849.0 85.028
850.0 85.091
851.0 85.174
852.0 85.277
853.0 85.345
854.0 85.423
855.0 85.495
856.0 85.589
857.0 85.634999
858.0 85.728
859.0 85.797
860.0 85.875
861.0 85.924
862.0 85.985999
863.0 86.059
864.0 86.13
865.0 86.176
866.0 86.239
867.0 86.299
868.0 86.386
869.0 86.419
870.0 86.450999
871.0 86.522
872.0 86.55
873.0 86.634999
874.0 86.645
875.0 86.699
876.0 86.765
877.0 86.766
878.0 86.819999
879.0 86.829
880.0 86.878
881.0 86.911
882.0 86.967
883.0 87.005
884.0 87.034
885.0 87.111999
886.0 87.14
887.0 87.181
888.0 87.194999
889.0 87.224
890.0 87.254
891.0 87.252
892.0 87.276
893.0 87.297
894.0 87.29
895.0 87.304999
896.0 87.309
897.0 87.309
898.0 87.295
899.0 87.274
900.0 87.253
901.0 87.254
902.0 87.251
903.0 87.203
904.0 87.18
905.0 87.148
906.0 87.093
907.0 87.036
908.0 86.992
909.0 86.938999
910.0 86.867
911.0 86.800999
912.0 86.746
913.0 86.685
914.0 86.614
915.0 86.565
916.0 86.507
917.0 86.456
918.0 86.402
919.0 86.345
920.0 86.3
921.0 86.245
922.0 86.178
923.0 86.138
924.0 86.072
925.0 86.03
926.0 85.965
927.0 85.921
928.0 85.842
929.0 85.787
930.0 85.724
931.0 85.663
932.0 85.601
933.0 85.554
934.0 85.476
935.0 85.421
936.0 85.323
937.0 85.304999
938.0 85.221999
939.0 85.146
940.0 85.080999
941.0 85.009999
942.0 84.934
943.0 84.864999
944.0 84.814
945.0 84.72
946.0 84.645
947.0 84.572
948.0 84.492999
949.0 84.438
950.0 84.371
951.0 84.274
952.0 84.201
953.0 84.111
954.0 84.025
955.0 83.97
956.0 83.885
957.0 83.811
958.0 83.747
959.0 83.674
960.0 83.614999
961.0 83.539
962.0 83.453999
963.0 83.391
964.0 83.325
965.0 83.248
966.0 83.147
967.0 83.078
968.0 83.015
969.0 82.952
970.0 82.883
971.0 82.793
972.0 82.721999
973.0 82.657
974.0 82.574
975.0 82.504
976.0 82.457
977.0 82.372
978.0 82.295
979.0 82.233999
980.0 82.152
981.0 82.08
982.0 82.068
983.0 82.05
984.0 81.994999
985.0 81.914
986.0 81.860999
987.0 81.795
988.0 81.738
989.0 81.667
990.0 81.611
991.0 81.535
992.0 81.497
993.0 81.42
994.0 81.391
995.0 81.295
996.0 81.25
997.0 81.159
998.0 81.099
999.0 81.038
1000.0 80.994999
1001.0 80.95
1002.0 80.896
1003.0 80.851
1004.0 80.812
1005.0 80.774999
1006.0 80.715999
1007.0 80.672
1008.0 80.63
1009.0 80.584
1010.0 80.53
1011.0 80.483
1012.0 80.44
1013.0 80.398
1014.0 80.384999
1015.0 80.316
1016.0 80.282
1017.0 80.255
1018.0 80.215999
1019.0 80.172
1020.0 80.138
1021.0 80.125
1022.0 80.071
1023.0 80.052
1024.0 79.97
1025.0 79.956
1026.0 79.928
1027.0 79.887
1028.0 79.876
1029.0 79.843
1030.0 79.818
1031.0 79.803
1032.0 79.783
1033.0 79.789
1034.0 79.77
1035.0 79.735
1036.0 79.727999
1037.0 79.705
1038.0 79.699
1039.0 79.691
1040.0 79.647
1041.0 79.635
1042.0 79.616
1043.0 79.603
1044.0 79.613999
1045.0 79.601
1046.0 79.588
1047.0 79.58
1048.0 79.601999
1049.0 79.619
1050.0 79.584999
1051.0 79.603
1052.0 79.581
1053.0 79.539
1054.0 79.569999
1055.0 79.552
1056.0 79.537
1057.0 79.587
1058.0 79.605999
1059.0 79.59
1060.0 79.581
1061.0 79.595
1062.0 79.589
1063.0 79.599
1064.0 79.605999
1065.0 79.625999
1066.0 79.684999
1067.0 79.654
1068.0 79.658
1069.0 79.668
1070.0 79.708
1071.0 79.712999
1072.0 79.712999
1073.0 79.703
1074.0 79.711
1075.0 79.782
1076.0 79.812
1077.0 79.78
1078.0 79.874
1079.0 79.82
1080.0 79.904
1081.0 79.845999
1082.0 79.935999
1083.0 79.944999
1084.0 79.961
1085.0 80.005
1086.0 80.056
1087.0 80.083
1088.0 80.084999
1089.0 80.084999
1090.0 80.128
1091.0 80.167
1092.0 80.156
1093.0 80.128
1094.0 80.266
1095.0 80.269
1096.0 80.334
1097.0 80.259
1098.0 80.333
1099.0 80.439
1100.0 80.340999
