190.0 0.052
191.0 0.086999
192.0 0.036
193.0 0.066
194.0 0.064
195.0 0.052
196.0 0.051
197.0 0.035
198.0 0.045
199.0 0.023
200.0 0.029
201.0 0.051
202.0 0.023
203.0 0.037
204.0 0.032
205.0 0.019
206.0 0.036
207.0 0.027
208.0 0.022
209.0 0.023
210.0 0.024
211.0 0.045
212.0 0.019
213.0 0.027
214.0 0.013
215.0 0.017
216.0 0.015
217.0 0.014
218.0 0.03
219.0 0.042
220.0 0.022
221.0 0.012
222.0 0.022
223.0 0.036
224.0 0.026
225.0 0.033
226.0 0.02
227.0 0.034
228.0 0.03
229.0 0.023
230.0 0.019
231.0 0.023
232.0 0.006999
233.0 0.012
234.0 0.021
235.0 0.041
236.0 0.024
237.0 0.006999
238.0 0.025
239.0 0.017
240.0 0.022
241.0 0.014
242.0 0.025
243.0 0.03
244.0 0.027
245.0 0.02
246.0 0.013
247.0 0.029
248.0 0.031
249.0 0.017
250.0 0.028
251.0 0.035
252.0 0.017
253.0 0.024
254.0 0.023
255.0 0.014
256.0 0.037
257.0 0.008
258.0 0.045
259.0 0.052
260.0 0.04
261.0 0.036
262.0 0.022
263.0 0.028
264.0 0.018
265.0 0.032
266.0 0.032
267.0 0.038
268.0 0.032
269.0 0.048
270.0 0.033
271.0 0.025
272.0 0.052
273.0 0.021
274.0 0.038
275.0 0.061
276.0 0.031
277.0 0.051
278.0 0.038
279.0 0.034
280.0 0.031
281.0 0.034
282.0 0.065
283.0 0.057
284.0 0.052
285.0 0.061
286.0 0.046
287.0 0.036
288.0 0.026
289.0 0.05
290.0 0.055
291.0 0.055
292.0 0.037
293.0 0.034
294.0 0.062
295.0 0.025
296.0 0.036
297.0 0.019
298.0 0.044
299.0 0.06
300.0 0.046
301.0 0.064
302.0 0.045
303.0 0.039
304.0 0.043
305.0 0.044
306.0 0.051
307.0 0.058
308.0 0.014
309.0 0.05
310.0 0.042
311.0 0.022
312.0 0.022
313.0 0.043
314.0 0.058
315.0 0.057
316.0 0.046
317.0 0.055
318.0 0.046
319.0 0.065
320.0 0.061
321.0 0.068999
322.0 0.031
323.0 0.083
324.0 0.057
325.0 0.069999
326.0 0.045
327.0 0.328
328.0 0.361
329.0 0.333
330.0 0.321
331.0 0.35
332.0 0.31
333.0 0.286
334.0 0.298
335.0 0.28
336.0 0.289
337.0 0.252
338.0 0.252
339.0 0.287
340.0 0.256
341.0 0.243
342.0 0.222
343.0 0.228
344.0 0.22
345.0 0.207
346.0 0.224
347.0 0.24
348.0 0.223
349.0 0.241
350.0 0.26
351.0 0.292
352.0 0.327
353.0 0.387
354.0 0.474
355.0 0.578
356.0 0.724
357.0 0.915999
358.0 1.19
359.0 1.536
360.0 1.988
361.0 2.555
362.0 3.263
363.0 4.135
364.0 5.141
365.0 6.368
366.0 7.781
367.0 9.366
368.0 11.15
369.0 13.076
370.0 15.13
371.0 17.229
372.0 19.346
373.0 21.43
374.0 23.503
375.0 25.491
376.0 27.387
377.0 29.218
378.0 30.991
379.0 32.674
380.0 34.305
381.0 35.886
382.0 37.413999
383.0 38.842
384.0 40.202
385.0 41.516
386.0 42.756
387.0 43.961
388.0 45.086
389.0 46.133
390.0 47.104
391.0 48.013
392.0 48.828
393.0 49.576
394.0 50.269
395.0 50.892
396.0 51.468
397.0 51.993999
398.0 52.5
399.0 52.941
400.0 53.383
401.0 53.774999
402.0 54.172
403.0 54.528
404.0 54.86
405.0 55.232
406.0 55.601
407.0 55.954
408.0 56.331
409.0 56.675
410.0 57.069
411.0 57.424
412.0 57.786
413.0 58.172999
414.0 58.532
415.0 58.921
416.0 59.28
417.0 59.644
418.0 59.992999
419.0 60.346
420.0 60.657
421.0 61.02
422.0 61.312
423.0 61.587
424.0 61.834
425.0 62.076
426.0 62.291
427.0 62.492999
428.0 62.665
429.0 62.846999
430.0 62.962
431.0 63.073
432.0 63.166
433.0 63.229
434.0 63.293
435.0 63.326
436.0 63.341
437.0 63.363
438.0 63.381
439.0 63.386
440.0 63.392
441.0 63.401
442.0 63.389
443.0 63.422
444.0 63.424
445.0 63.443
446.0 63.471
447.0 63.497
448.0 63.572
449.0 63.614
450.0 63.692
451.0 63.795
452.0 63.856
453.0 63.992
454.0 64.11
455.0 64.261
456.0 64.387
457.0 64.539
458.0 64.719
459.0 64.878999
460.0 65.057
461.0 65.255
462.0 65.479
463.0 65.681
464.0 65.874
465.0 66.09
466.0 66.31
467.0 66.526
468.0 66.738
469.0 66.959
470.0 67.161
471.0 67.372
472.0 67.58
473.0 67.791
474.0 67.974999
475.0 68.167
476.0 68.357999
477.0 68.518999
478.0 68.652999
479.0 68.806
480.0 68.935999
481.0 69.047
482.0 69.176999
483.0 69.273
484.0 69.349
485.0 69.441
486.0 69.491
487.0 69.52
488.0 69.569999
489.0 69.598
490.0 69.61
491.0 69.616999
492.0 69.615
493.0 69.598
494.0 69.591
495.0 69.552
496.0 69.523
497.0 69.489
498.0 69.443999
499.0 69.39
500.0 69.361999
501.0 69.301999
502.0 69.242999
503.0 69.181
504.0 69.147
505.0 69.092
506.0 69.057
507.0 69.01
508.0 68.981
509.0 68.947
510.0 68.914
511.0 68.906
512.0 68.887
513.0 68.903
514.0 68.879
515.0 68.898
516.0 68.916
517.0 68.946
518.0 68.973
519.0 69.013
520.0 69.076
521.0 69.13
522.0 69.215
523.0 69.276
524.0 69.383
525.0 69.465
526.0 69.571
527.0 69.679
528.0 69.792
529.0 69.921
530.0 70.052
531.0 70.197
532.0 70.337999
533.0 70.496
534.0 70.64
535.0 70.813999
536.0 70.957
537.0 71.135
538.0 71.3
539.0 71.467
540.0 71.637
541.0 71.826
542.0 71.996
543.0 72.174
544.0 72.346
545.0 72.511
546.0 72.682999
547.0 72.828
548.0 73.002
549.0 73.157
550.0 73.299
551.0 73.453999
552.0 73.589
553.0 73.736
554.0 73.865
555.0 73.987
556.0 74.111
557.0 74.227
558.0 74.315
559.0 74.429
560.0 74.535
561.0 74.607999
562.0 74.681
563.0 74.756999
564.0 74.826
565.0 74.87
566.0 74.899
567.0 74.933
568.0 74.96
569.0 74.992
570.0 75.016
571.0 75.033
572.0 75.018
573.0 74.991
574.0 74.977999
575.0 74.958
576.0 74.919
577.0 74.886
578.0 74.829
579.0 74.787
580.0 74.716
581.0 74.646
582.0 74.587999
583.0 74.539999
584.0 74.463
585.0 74.405
586.0 74.334
587.0 74.285
588.0 74.219
589.0 74.138
590.0 74.071
591.0 74.009999
592.0 73.941
593.0 73.862
594.0 73.791
595.0 73.709999
596.0 73.654
597.0 73.574
598.0 73.497999
599.0 73.422
600.0 73.348
601.0 73.277
602.0 73.209
603.0 73.139
604.0 73.062
605.0 73.009
606.0 72.938999
607.0 72.869
608.0 72.815
609.0 72.77
610.0 72.72
611.0 72.682
612.0 72.646
613.0 72.595
614.0 72.572
615.0 72.555
616.0 72.536999
617.0 72.524
618.0 72.517
619.0 72.509999
620.0 72.52
621.0 72.527
622.0 72.544
623.0 72.541
624.0 72.583
625.0 72.611
626.0 72.649
627.0 72.682999
628.0 72.723
629.0 72.78
630.0 72.83
631.0 72.89
632.0 72.965999
633.0 73.029
634.0 73.102
635.0 73.192
636.0 73.268
637.0 73.357
638.0 73.438999
639.0 73.538
640.0 73.641
641.0 73.731
642.0 73.834999
643.0 73.947
644.0 74.039999
645.0 74.168
646.0 74.27
647.0 74.406
648.0 74.511
649.0 74.629
650.0 74.732
651.0 74.863
652.0 74.985
653.0 75.13
654.0 75.233
655.0 75.36
656.0 75.489999
657.0 75.599999
658.0 75.727999
659.0 75.854999
660.0 75.974
661.0 76.105999
662.0 76.208
663.0 76.334
664.0 76.447
665.0 76.546
666.0 76.649
667.0 76.759999
668.0 76.888
669.0 76.995
670.0 77.101
671.0 77.192
672.0 77.306
673.0 77.39
674.0 77.485
675.0 77.584
676.0 77.675
677.0 77.744
678.0 77.834999
679.0 77.915
680.0 77.964
681.0 78.05
682.0 78.11
683.0 78.176999
684.0 78.242
685.0 78.283999
686.0 78.336
687.0 78.378
688.0 78.417999
689.0 78.462
690.0 78.483999
691.0 78.511
692.0 78.527
693.0 78.548
694.0 78.557
695.0 78.573
696.0 78.578
697.0 78.581999
698.0 78.586
699.0 78.562
700.0 78.556
701.0 78.549
702.0 78.518
703.0 78.495
704.0 78.473
705.0 78.423
706.0 78.393
707.0 78.332
708.0 78.298999
709.0 78.25
710.0 78.197
711.0 78.142
712.0 78.086999
713.0 78.042
714.0 77.973
715.0 77.898
716.0 77.827
717.0 77.771
718.0 77.697
719.0 77.612
720.0 77.535
721.0 77.453
722.0 77.369
723.0 77.289
724.0 77.218
725.0 77.114999
726.0 77.033
727.0 76.937999
728.0 76.853
729.0 76.775
730.0 76.672
731.0 76.601
732.0 76.496
733.0 76.405
734.0 76.310999
735.0 76.202
736.0 76.116
737.0 76.041
738.0 75.953
739.0 75.848
740.0 75.768999
741.0 75.688
742.0 75.592
743.0 75.508
744.0 75.423
745.0 75.349
746.0 75.253
747.0 75.182
748.0 75.094
749.0 75.015
750.0 74.933
751.0 74.861
752.0 74.787
753.0 74.72
754.0 74.641
755.0 74.569
756.0 74.512999
757.0 74.452
758.0 74.378999
759.0 74.309
760.0 74.259
761.0 74.204
762.0 74.145
763.0 74.090999
764.0 74.048999
765.0 73.977
766.0 73.945
767.0 73.887
768.0 73.838
769.0 73.792
770.0 73.771
771.0 73.731
772.0 73.717
773.0 73.687
774.0 73.670999
775.0 73.651
776.0 73.655
777.0 73.646999
778.0 73.646
779.0 73.652
780.0 73.658999
781.0 73.634
782.0 73.593
783.0 73.590999
784.0 73.560999
785.0 73.55
786.0 73.551
787.0 73.572
788.0 73.577
789.0 73.606
790.0 73.631
791.0 73.652
792.0 73.694
793.0 73.697999
794.0 73.745
795.0 73.814
796.0 73.831999
797.0 73.865
798.0 73.928
799.0 73.950999
800.0 73.983
801.0 74.045
802.0 74.087999
803.0 74.127
804.0 74.179
805.0 74.214
806.0 74.289
807.0 74.345
808.0 74.399
809.0 74.444999
810.0 74.514
811.0 74.566
812.0 74.654
813.0 74.712999
814.0 74.783
815.0 74.848
816.0 74.904
817.0 74.977999
818.0 75.048
819.0 75.13
820.0 75.187
821.0 75.27
822.0 75.342
823.0 75.4
824.0 75.494
825.0 75.587999
826.0 75.670999
827.0 75.731
828.0 75.809
829.0 75.897
830.0 75.97
831.0 76.065
832.0 76.137999
833.0 76.209
834.0 76.319
835.0 76.37
836.0 76.459999
837.0 76.536
838.0 76.646
839.0 76.712
840.0 76.781
841.0 76.877
842.0 76.967
843.0 77.05
844.0 77.122999
845.0 77.215
846.0 77.289
847.0 77.358
848.0 77.429
849.0 77.513
850.0 77.592
851.0 77.691
852.0 77.739
853.0 77.830999
854.0 77.905
855.0 77.996
856.0 78.06
857.0 78.132
858.0 78.226
859.0 78.257
860.0 78.345
861.0 78.4
862.0 78.49
863.0 78.532
864.0 78.61
865.0 78.685
866.0 78.727
867.0 78.795999
868.0 78.849
869.0 78.903
870.0 78.974999
871.0 79.032
872.0 79.08
873.0 79.133
874.0 79.184
875.0 79.212999
876.0 79.274999
877.0 79.310999
878.0 79.332
879.0 79.369999
880.0 79.41
881.0 79.451
882.0 79.477
883.0 79.553
884.0 79.576
885.0 79.617999
886.0 79.656
887.0 79.673
888.0 79.733
889.0 79.745
890.0 79.759999
891.0 79.809
892.0 79.848
893.0 79.876
894.0 79.869
895.0 79.912
896.0 79.917
897.0 79.932
898.0 79.943
899.0 79.965
900.0 79.971
901.0 79.977
902.0 79.979999
903.0 79.986
904.0 79.974999
905.0 79.956
906.0 79.966
907.0 79.941
908.0 79.958
909.0 79.923999
910.0 79.932
911.0 79.908999
912.0 79.894
913.0 79.86
914.0 79.844
915.0 79.854
916.0 79.806
917.0 79.79
918.0 79.782
919.0 79.759999
920.0 79.753
921.0 79.724999
922.0 79.676
923.0 79.66
924.0 79.652
925.0 79.627
926.0 79.574
927.0 79.562
928.0 79.534
929.0 79.505
930.0 79.474999
931.0 79.435999
932.0 79.41
933.0 79.356
934.0 79.301
935.0 79.286999
936.0 79.227999
937.0 79.194
938.0 79.155
939.0 79.101
940.0 79.041
941.0 79.005
942.0 78.935999
943.0 78.874
944.0 78.83
945.0 78.762
946.0 78.708999
947.0 78.669
948.0 78.613
949.0 78.574999
950.0 78.515999
951.0 78.478
952.0 78.4
953.0 78.369999
954.0 78.324
955.0 78.261
956.0 78.220999
957.0 78.152999
958.0 78.086
959.0 78.03
960.0 78.002
961.0 77.927
962.0 77.86
963.0 77.829
964.0 77.785
965.0 77.688999
966.0 77.64
967.0 77.572
968.0 77.551999
969.0 77.461
970.0 77.399
971.0 77.348
972.0 77.295
973.0 77.232999
974.0 77.164
975.0 77.102
976.0 77.046
977.0 76.976999
978.0 76.905
979.0 76.883
980.0 76.87
981.0 76.846
982.0 76.773
983.0 76.727
984.0 76.655
985.0 76.613
986.0 76.549
987.0 76.485
988.0 76.451
989.0 76.393
990.0 76.33
991.0 76.295
992.0 76.249
993.0 76.164
994.0 76.131
995.0 76.125
996.0 76.056
997.0 75.997
998.0 75.956
999.0 75.919
1000.0 75.86
1001.0 75.827
1002.0 75.779
1003.0 75.733999
1004.0 75.691
1005.0 75.658999
1006.0 75.605999
1007.0 75.563999
1008.0 75.529
1009.0 75.476
1010.0 75.417
1011.0 75.396
1012.0 75.371
1013.0 75.318
1014.0 75.271
1015.0 75.241
1016.0 75.212999
1017.0 75.168
1018.0 75.153
1019.0 75.101
1020.0 75.066999
1021.0 75.048
1022.0 75.027
1023.0 74.97
1024.0 74.976
1025.0 74.946
1026.0 74.91
1027.0 74.872
1028.0 74.821
1029.0 74.834999
1030.0 74.811
1031.0 74.775
1032.0 74.772
1033.0 74.732
1034.0 74.744999
1035.0 74.696
1036.0 74.709999
1037.0 74.685999
1038.0 74.649
1039.0 74.590999
1040.0 74.622
1041.0 74.582
1042.0 74.578
1043.0 74.56
1044.0 74.536999
1045.0 74.517
1046.0 74.533
1047.0 74.534
1048.0 74.539
1049.0 74.536999
1050.0 74.473
1051.0 74.483
1052.0 74.485
1053.0 74.496
1054.0 74.528
1055.0 74.499
1056.0 74.467
1057.0 74.473
1058.0 74.444
1059.0 74.532
1060.0 74.491
1061.0 74.456
1062.0 74.504
1063.0 74.44
1064.0 74.480999
1065.0 74.544999
1066.0 74.539
1067.0 74.508
1068.0 74.526
1069.0 74.527
1070.0 74.583
1071.0 74.595
1072.0 74.577
1073.0 74.572
1074.0 74.547
1075.0 74.631
1076.0 74.614
1077.0 74.667
1078.0 74.696
1079.0 74.707
1080.0 74.731
1081.0 74.673999
1082.0 74.663
1083.0 74.719
1084.0 74.685
1085.0 74.816
1086.0 74.739999
1087.0 74.783999
1088.0 74.812
1089.0 74.845
1090.0 74.858
1091.0 74.887
1092.0 74.9
1093.0 74.875
1094.0 74.952
1095.0 74.929999
1096.0 74.914999
1097.0 75.014
1098.0 75.098
1099.0 75.087
1100.0 75.146
