190.0 0.017
191.0 0.088
192.0 -0.02
193.0 0.064
194.0 0.008
195.0 0.064
196.0 0.003
197.0 0.024
198.0 0.022
199.0 0.027
200.0 0.027
201.0 -0.005
202.0 0.029
203.0 0.014
204.0 0.022
205.0 0.014
206.0 -0.002
207.0 0.005
208.0 0.014
209.0 0.018
210.0 0.014
211.0 0.034
212.0 0.005
213.0 0.01
214.0 0.019
215.0 0.011
216.0 0.009
217.0 0.003
218.0 0.0
219.0 0.038
220.0 0.016
221.0 0.0
222.0 0.017
223.0 0.006
224.0 0.018
225.0 0.006
226.0 0.01
227.0 0.02
228.0 0.003
229.0 0.006999
230.0 0.01
231.0 0.013
232.0 0.018
233.0 -0.003
234.0 0.011
235.0 0.032
236.0 0.006
237.0 0.017
238.0 0.01
239.0 0.011
240.0 0.006
241.0 0.011
242.0 0.015
243.0 0.022
244.0 0.006
245.0 0.002
246.0 0.013
247.0 0.006999
248.0 0.006999
249.0 0.006
250.0 0.017
251.0 0.023
252.0 0.004
253.0 0.002
254.0 0.011
255.0 0.011
256.0 0.006
257.0 0.003
258.0 0.012
259.0 0.029
260.0 0.009
261.0 0.017
262.0 0.017
263.0 0.02
264.0 0.01
265.0 0.012
266.0 0.01
267.0 0.023
268.0 0.015
269.0 0.009
270.0 0.009
271.0 0.002
272.0 0.013
273.0 0.016
274.0 0.051
275.0 0.043
276.0 -0.006
277.0 0.016
278.0 0.006
279.0 0.018
280.0 0.024
281.0 0.018
282.0 0.002
283.0 0.042
284.0 0.061
285.0 0.01
286.0 0.002
287.0 0.033
288.0 -0.008
289.0 0.006
290.0 0.009
291.0 0.067
292.0 0.0
293.0 -0.004
294.0 0.0
295.0 0.001
296.0 0.018
297.0 0.027
298.0 0.018
299.0 0.026
300.0 0.008
301.0 0.005
302.0 0.011
303.0 0.028
304.0 0.004
305.0 0.022
306.0 0.003
307.0 0.038
308.0 0.035
309.0 0.002
310.0 0.046
311.0 0.033
312.0 0.031
313.0 -0.006
314.0 0.015
315.0 0.04
316.0 0.023
317.0 0.038
318.0 0.043
319.0 0.035
320.0 0.041
321.0 0.011
322.0 0.055999
323.0 0.059
324.0 0.019
325.0 0.014
326.0 -0.006999
327.0 0.352
328.0 0.332
329.0 0.322
330.0 0.315
331.0 0.327
332.0 0.287
333.0 0.293
334.0 0.279
335.0 0.284
336.0 0.268
337.0 0.252
338.0 0.237
339.0 0.27
340.0 0.234
341.0 0.222
342.0 0.214
343.0 0.211
344.0 0.213
345.0 0.209
346.0 0.211
347.0 0.226
348.0 0.225
349.0 0.231
350.0 0.251
351.0 0.281
352.0 0.32
353.0 0.382
354.0 0.459
355.0 0.579
356.0 0.715
357.0 0.907999
358.0 1.216
359.0 1.581
360.0 2.054
361.0 2.644
362.0 3.402
363.0 4.345
364.0 5.435
365.0 6.747
366.0 8.265
367.0 9.997
368.0 11.945
369.0 14.072
370.0 16.334
371.0 18.706
372.0 21.165
373.0 23.656
374.0 26.106
375.0 28.426
376.0 30.687
377.0 32.754
378.0 34.719
379.0 36.516
380.0 38.143
381.0 39.627
382.0 41.06
383.0 42.313
384.0 43.486999
385.0 44.627
386.0 45.756
387.0 46.899
388.0 48.023
389.0 49.17
390.0 50.288999
391.0 51.437
392.0 52.561
393.0 53.682
394.0 54.788
395.0 55.857
396.0 56.897
397.0 57.889
398.0 58.808
399.0 59.651
400.0 60.395
401.0 61.046
402.0 61.606
403.0 62.063
404.0 62.419
405.0 62.722
406.0 62.937
407.0 63.108
408.0 63.205
409.0 63.236
410.0 63.273
411.0 63.255
412.0 63.235
413.0 63.238
414.0 63.208
415.0 63.239
416.0 63.261
417.0 63.336
418.0 63.435
419.0 63.566999
420.0 63.736
421.0 64.089
422.0 64.342999
423.0 64.616
424.0 64.944
425.0 65.283999
426.0 65.687
427.0 66.104
428.0 66.562
429.0 66.991
430.0 67.441
431.0 67.906
432.0 68.355999
433.0 68.798
434.0 69.265
435.0 69.651
436.0 70.045999
437.0 70.383
438.0 70.733
439.0 71.043
440.0 71.288
441.0 71.512
442.0 71.682999
443.0 71.826
444.0 71.913
445.0 71.983
446.0 72.001
447.0 71.961
448.0 71.946
449.0 71.864999
450.0 71.76
451.0 71.643
452.0 71.477
453.0 71.325999
454.0 71.175999
455.0 70.991
456.0 70.791
457.0 70.608999
458.0 70.44
459.0 70.261
460.0 70.108
461.0 69.959999
462.0 69.824
463.0 69.733
464.0 69.633
465.0 69.577999
466.0 69.537
467.0 69.532
468.0 69.543
469.0 69.581
470.0 69.646
471.0 69.76
472.0 69.87
473.0 70.03
474.0 70.191
475.0 70.396999
476.0 70.633
477.0 70.867
478.0 71.125
479.0 71.391
480.0 71.677
481.0 71.98
482.0 72.303
483.0 72.646999
484.0 72.976
485.0 73.312999
486.0 73.645
487.0 73.989
488.0 74.331
489.0 74.668
490.0 74.983999
491.0 75.304
492.0 75.599999
493.0 75.886
494.0 76.172
495.0 76.427
496.0 76.663
497.0 76.89
498.0 77.087
499.0 77.242999
500.0 77.407
501.0 77.546
502.0 77.651
503.0 77.719
504.0 77.785
505.0 77.815
506.0 77.839
507.0 77.822999
508.0 77.798
509.0 77.762
510.0 77.68
511.0 77.610999
512.0 77.496
513.0 77.408999
514.0 77.25
515.0 77.125
516.0 76.971
517.0 76.818
518.0 76.645
519.0 76.475
520.0 76.31
521.0 76.145
522.0 75.974
523.0 75.788
524.0 75.624
525.0 75.47
526.0 75.315
527.0 75.16
528.0 75.007
529.0 74.893
530.0 74.756999
531.0 74.645
532.0 74.551
533.0 74.465
534.0 74.367999
535.0 74.333
536.0 74.258
537.0 74.241
538.0 74.212999
539.0 74.194999
540.0 74.22
541.0 74.243
542.0 74.291
543.0 74.343
544.0 74.386
545.0 74.465999
546.0 74.558
547.0 74.657
548.0 74.783
549.0 74.896
550.0 75.042
551.0 75.197999
552.0 75.348
553.0 75.529
554.0 75.709
555.0 75.893999
556.0 76.093
557.0 76.317
558.0 76.509
559.0 76.73
560.0 76.937999
561.0 77.178
562.0 77.407
563.0 77.653
564.0 77.893
565.0 78.114999
566.0 78.349999
567.0 78.634
568.0 78.844
569.0 79.09
570.0 79.329
571.0 79.549
572.0 79.744
573.0 79.941
574.0 80.154
575.0 80.359
576.0 80.527
577.0 80.717
578.0 80.884
579.0 81.041
580.0 81.174
581.0 81.316
582.0 81.423
583.0 81.569999
584.0 81.655
585.0 81.762
586.0 81.855
587.0 81.938
588.0 82.02
589.0 82.079
590.0 82.139
591.0 82.186
592.0 82.201
593.0 82.229
594.0 82.229
595.0 82.215999
596.0 82.201
597.0 82.149
598.0 82.102
599.0 82.036
600.0 81.965
601.0 81.875
602.0 81.782
603.0 81.664
604.0 81.559
605.0 81.426
606.0 81.285
607.0 81.152
608.0 80.988
609.0 80.857999
610.0 80.684
611.0 80.529
612.0 80.364
613.0 80.206
614.0 80.035
615.0 79.869999
616.0 79.700999
617.0 79.53
618.0 79.369
619.0 79.187
620.0 79.03
621.0 78.857999
622.0 78.711
623.0 78.544
624.0 78.388
625.0 78.241
626.0 78.1
627.0 77.964999
628.0 77.813
629.0 77.688
630.0 77.578
631.0 77.454
632.0 77.342
633.0 77.241
634.0 77.139
635.0 77.056
636.0 76.958
637.0 76.893
638.0 76.813
639.0 76.751
640.0 76.699
641.0 76.658
642.0 76.599999
643.0 76.584
644.0 76.551
645.0 76.545
646.0 76.529
647.0 76.519
648.0 76.533
649.0 76.548
650.0 76.551999
651.0 76.584
652.0 76.624
653.0 76.673
654.0 76.693999
655.0 76.775
656.0 76.809
657.0 76.88
658.0 76.97
659.0 77.063
660.0 77.125999
661.0 77.220999
662.0 77.328
663.0 77.425
664.0 77.547
665.0 77.658
666.0 77.757
667.0 77.844
668.0 78.005
669.0 78.137
670.0 78.262
671.0 78.395
672.0 78.549
673.0 78.694
674.0 78.824
675.0 78.996
676.0 79.149999
677.0 79.301999
678.0 79.456999
679.0 79.619
680.0 79.769
681.0 79.942
682.0 80.101
683.0 80.255
684.0 80.411
685.0 80.577
686.0 80.744
687.0 80.899
688.0 81.06
689.0 81.218999
690.0 81.378
691.0 81.521999
692.0 81.679999
693.0 81.831
694.0 81.985
695.0 82.126
696.0 82.287
697.0 82.425
698.0 82.560999
699.0 82.677
700.0 82.807
701.0 82.931
702.0 83.037
703.0 83.154
704.0 83.264
705.0 83.357
706.0 83.469
707.0 83.548999
708.0 83.613
709.0 83.697999
710.0 83.777999
711.0 83.834
712.0 83.911
713.0 83.973
714.0 84.021999
715.0 84.055
716.0 84.084999
717.0 84.133
718.0 84.157
719.0 84.167
720.0 84.176
721.0 84.19
722.0 84.173
723.0 84.177
724.0 84.166
725.0 84.136
726.0 84.114
727.0 84.086
728.0 84.053
729.0 84.02
730.0 83.964
731.0 83.922
732.0 83.858
733.0 83.816
734.0 83.751
735.0 83.670999
736.0 83.587
737.0 83.52
738.0 83.441
739.0 83.359
740.0 83.267
741.0 83.178
742.0 83.072
743.0 82.984
744.0 82.872
745.0 82.786
746.0 82.654
747.0 82.577
748.0 82.447
749.0 82.337
750.0 82.214
751.0 82.089
752.0 81.981
753.0 81.872
754.0 81.736
755.0 81.604
756.0 81.486999
757.0 81.369
758.0 81.245
759.0 81.115
760.0 80.979999
761.0 80.852999
762.0 80.733
763.0 80.596
764.0 80.467
765.0 80.327
766.0 80.205
767.0 80.06
768.0 79.923
769.0 79.784
770.0 79.674
771.0 79.539
772.0 79.447999
773.0 79.344
774.0 79.239
775.0 79.145
776.0 79.042
777.0 78.964
778.0 78.886
779.0 78.812
780.0 78.735999
781.0 78.611
782.0 78.502
783.0 78.387
784.0 78.259
785.0 78.134
786.0 78.053
787.0 77.995
788.0 77.904
789.0 77.807999
790.0 77.722
791.0 77.648
792.0 77.586999
793.0 77.515
794.0 77.486
795.0 77.437
796.0 77.385
797.0 77.324
798.0 77.298
799.0 77.236999
800.0 77.184
801.0 77.166
802.0 77.117999
803.0 77.066999
804.0 77.06
805.0 77.013
806.0 76.995
807.0 76.982
808.0 76.971
809.0 76.936
810.0 76.919
811.0 76.929999
812.0 76.929
813.0 76.926
814.0 76.92
815.0 76.928
816.0 76.920999
817.0 76.937999
818.0 76.946
819.0 76.955
820.0 76.999
821.0 77.0
822.0 77.023
823.0 77.037
824.0 77.078
825.0 77.124
826.0 77.149999
827.0 77.175
828.0 77.203
829.0 77.279
830.0 77.302
831.0 77.354999
832.0 77.392
833.0 77.447999
834.0 77.513
835.0 77.551999
836.0 77.596
837.0 77.683
838.0 77.739
839.0 77.817
840.0 77.889
841.0 77.949
842.0 78.030999
843.0 78.108999
844.0 78.171
845.0 78.253
846.0 78.334
847.0 78.412
848.0 78.49
849.0 78.545
850.0 78.647
851.0 78.735999
852.0 78.82
853.0 78.895
854.0 78.971999
855.0 79.089
856.0 79.181
857.0 79.285
858.0 79.381
859.0 79.458
860.0 79.545999
861.0 79.629
862.0 79.75
863.0 79.843
864.0 79.932999
865.0 80.032
866.0 80.105
867.0 80.223
868.0 80.31
869.0 80.435999
870.0 80.516
871.0 80.601
872.0 80.706999
873.0 80.789
874.0 80.908
875.0 80.998
876.0 81.101999
877.0 81.188
878.0 81.262999
879.0 81.328999
880.0 81.431
881.0 81.494999
882.0 81.608
883.0 81.755
884.0 81.843
885.0 81.976
886.0 82.098
887.0 82.169
888.0 82.282
889.0 82.389
890.0 82.482999
891.0 82.569999
892.0 82.670999
893.0 82.750999
894.0 82.835
895.0 82.938
896.0 83.011
897.0 83.074
898.0 83.182
899.0 83.238
900.0 83.325999
901.0 83.394
902.0 83.470999
903.0 83.53
904.0 83.578
905.0 83.596999
906.0 83.673
907.0 83.729
908.0 83.773
909.0 83.799
910.0 83.855999
911.0 83.889
912.0 83.941
913.0 83.949
914.0 83.986
915.0 84.055
916.0 84.063
917.0 84.11
918.0 84.172
919.0 84.22
920.0 84.265
921.0 84.311
922.0 84.346
923.0 84.372
924.0 84.401
925.0 84.422
926.0 84.457
927.0 84.496
928.0 84.521999
929.0 84.548
930.0 84.545999
931.0 84.574
932.0 84.602999
933.0 84.596
934.0 84.604999
935.0 84.604999
936.0 84.599
937.0 84.601
938.0 84.623
939.0 84.614999
940.0 84.604
941.0 84.602999
942.0 84.574
943.0 84.524999
944.0 84.516
945.0 84.474999
946.0 84.479
947.0 84.438
948.0 84.416
949.0 84.433
950.0 84.386
951.0 84.362
952.0 84.325
953.0 84.295
954.0 84.265999
955.0 84.226999
956.0 84.191
957.0 84.151
958.0 84.108999
959.0 84.066
960.0 84.05
961.0 83.986999
962.0 83.941
963.0 83.903
964.0 83.857
965.0 83.777999
966.0 83.742
967.0 83.69
968.0 83.642
969.0 83.575999
970.0 83.517
971.0 83.505
972.0 83.419
973.0 83.382
974.0 83.304999
975.0 83.236
976.0 83.184
977.0 83.115
978.0 83.06
979.0 83.019
980.0 82.991
981.0 82.931999
982.0 82.864
983.0 82.803
984.0 82.733999
985.0 82.673
986.0 82.611
987.0 82.537
988.0 82.450999
989.0 82.372
990.0 82.301
991.0 82.245
992.0 82.171
993.0 82.072999
994.0 82.024
995.0 81.989
996.0 81.896999
997.0 81.812
998.0 81.754
999.0 81.703999
1000.0 81.616999
1001.0 81.577
1002.0 81.477999
1003.0 81.415
1004.0 81.36
1005.0 81.3
1006.0 81.223999
1007.0 81.143
1008.0 81.088
1009.0 81.013
1010.0 80.925
1011.0 80.867
1012.0 80.807
1013.0 80.750999
1014.0 80.674
1015.0 80.605
1016.0 80.535
1017.0 80.47
1018.0 80.414
1019.0 80.318
1020.0 80.269
1021.0 80.22
1022.0 80.132
1023.0 80.081
1024.0 80.022
1025.0 79.947999
1026.0 79.891
1027.0 79.824
1028.0 79.745
1029.0 79.715999
1030.0 79.662
1031.0 79.595
1032.0 79.525
1033.0 79.474
1034.0 79.432999
1035.0 79.346999
1036.0 79.318999
1037.0 79.255
1038.0 79.212999
1039.0 79.158
1040.0 79.1
1041.0 79.012
1042.0 79.011
1043.0 78.927
1044.0 78.874
1045.0 78.816
1046.0 78.798
1047.0 78.778
1048.0 78.734
1049.0 78.708
1050.0 78.643
1051.0 78.595
1052.0 78.526
1053.0 78.464999
1054.0 78.480999
1055.0 78.393999
1056.0 78.34
1057.0 78.295999
1058.0 78.286999
1059.0 78.291
1060.0 78.247999
1061.0 78.199
1062.0 78.159
1063.0 78.051
1064.0 78.057
1065.0 78.048
1066.0 78.044
1067.0 77.978
1068.0 77.956999
1069.0 77.964
1070.0 77.928
1071.0 77.883
1072.0 77.830999
1073.0 77.846999
1074.0 77.778
1075.0 77.819
1076.0 77.795
1077.0 77.802
1078.0 77.778
1079.0 77.798
1080.0 77.747
1081.0 77.720999
1082.0 77.734
1083.0 77.683
1084.0 77.656
1085.0 77.708
1086.0 77.637999
1087.0 77.619
1088.0 77.697
1089.0 77.583
1090.0 77.605
1091.0 77.673999
1092.0 77.585
1093.0 77.585
1094.0 77.593
1095.0 77.542999
1096.0 77.5
1097.0 77.593999
1098.0 77.602999
1099.0 77.545
1100.0 77.548
