190.0 0.042
191.0 0.086999
192.0 0.033
193.0 0.046
194.0 0.029
195.0 0.062
196.0 0.019
197.0 0.006
198.0 0.027
199.0 -0.001
200.0 0.018
201.0 0.048
202.0 0.032
203.0 0.037
204.0 0.021
205.0 0.028
206.0 0.024
207.0 0.002
208.0 0.011
209.0 0.02
210.0 0.03
211.0 0.03
212.0 0.013
213.0 0.033
214.0 0.018
215.0 0.009
216.0 0.018
217.0 0.013
218.0 0.02
219.0 0.033
220.0 0.017
221.0 0.008
222.0 0.016
223.0 0.015
224.0 0.026
225.0 0.023
226.0 0.021
227.0 0.025
228.0 0.001
229.0 0.012
230.0 0.003
231.0 0.005
232.0 0.002
233.0 0.01
234.0 0.024
235.0 0.011
236.0 0.018
237.0 0.019
238.0 0.002
239.0 0.011
240.0 0.015
241.0 0.011
242.0 0.009
243.0 0.036
244.0 0.006999
245.0 0.011
246.0 0.015
247.0 0.006999
248.0 0.017
249.0 0.013
250.0 0.016
251.0 0.036
252.0 0.02
253.0 0.017
254.0 0.017
255.0 0.012
256.0 0.025
257.0 0.012
258.0 0.006999
259.0 0.031
260.0 0.024
261.0 0.023
262.0 0.003
263.0 0.021
264.0 0.027
265.0 0.02
266.0 0.027
267.0 0.046
268.0 0.032
269.0 0.006999
270.0 0.029
271.0 0.025
272.0 0.025
273.0 0.033
274.0 0.034
275.0 0.044
276.0 0.027
277.0 0.039
278.0 0.017
279.0 0.048
280.0 0.024
281.0 0.039
282.0 0.036
283.0 0.039
284.0 0.038
285.0 0.026
286.0 0.029
287.0 0.041
288.0 0.034
289.0 0.009
290.0 0.041
291.0 0.049
292.0 0.029
293.0 0.016
294.0 0.027
295.0 0.039
296.0 0.039
297.0 0.003
298.0 0.033
299.0 0.055
300.0 0.039
301.0 0.04
302.0 0.036
303.0 0.011
304.0 0.048
305.0 0.034
306.0 0.015
307.0 0.05
308.0 0.028
309.0 0.027
310.0 0.036
311.0 0.022
312.0 0.043
313.0 0.032
314.0 0.035
315.0 0.059
316.0 0.046
317.0 0.04
318.0 0.014
319.0 0.03
320.0 0.022
321.0 0.065
322.0 0.05
323.0 0.071
324.0 0.029
325.0 0.008
326.0 0.066
327.0 0.034
328.0 0.042
329.0 0.008
330.0 0.041
331.0 0.076
332.0 0.041
333.0 0.047
334.0 0.034
335.0 0.03
336.0 0.036
337.0 0.033
338.0 0.048
339.0 0.04
340.0 0.016
341.0 0.032
342.0 0.033
343.0 0.034
344.0 0.026
345.0 0.03
346.0 0.016
347.0 0.052
348.0 0.041
349.0 0.045
350.0 0.057
351.0 0.074
352.0 0.096
353.0 0.142
354.0 0.198
355.0 0.302
356.0 0.408
357.0 0.593
358.0 0.836
359.0 1.191
360.0 1.656
361.0 2.291
362.0 3.113
363.0 4.152
364.0 5.438
365.0 6.991
366.0 8.828999
367.0 10.953
368.0 13.336
369.0 15.929
370.0 18.676
371.0 21.577
372.0 24.48
373.0 27.353
374.0 30.129
375.0 32.787
376.0 35.267
377.0 37.525
378.0 39.638
379.0 41.643
380.0 43.407
381.0 45.17
382.0 46.886
383.0 48.652
384.0 50.465
385.0 52.117999
386.0 53.763
387.0 55.382
388.0 56.983
389.0 58.542
390.0 60.039
391.0 61.446
392.0 62.754
393.0 63.947
394.0 65.022
395.0 65.97
396.0 66.810999
397.0 67.481
398.0 68.045
399.0 68.483
400.0 68.796
401.0 69.059
402.0 69.233
403.0 69.39
404.0 69.513
405.0 69.636
406.0 69.77
407.0 69.932
408.0 70.127
409.0 70.364
410.0 70.65
411.0 70.976
412.0 71.381
413.0 71.801
414.0 72.273
415.0 72.785
416.0 73.306
417.0 73.858999
418.0 74.41
419.0 74.97
420.0 75.524999
421.0 76.06
422.0 76.578999
423.0 77.042
424.0 77.462
425.0 77.853
426.0 78.186
427.0 78.441
428.0 78.661999
429.0 78.788
430.0 78.887
431.0 78.908
432.0 78.888
433.0 78.794
434.0 78.7
435.0 78.508
436.0 78.349999
437.0 78.128
438.0 77.91
439.0 77.669999
440.0 77.464
441.0 77.248
442.0 77.054
443.0 76.861999
444.0 76.724
445.0 76.612
446.0 76.527999
447.0 76.485
448.0 76.467
449.0 76.494
450.0 76.545
451.0 76.663
452.0 76.795
453.0 76.967
454.0 77.179
455.0 77.42
456.0 77.671
457.0 77.941
458.0 78.267
459.0 78.569999
460.0 78.923
461.0 79.264
462.0 79.611
463.0 79.962
464.0 80.3
465.0 80.634
466.0 80.965
467.0 81.303
468.0 81.564
469.0 81.837999
470.0 82.111
471.0 82.363
472.0 82.552
473.0 82.712
474.0 82.851
475.0 82.947999
476.0 82.994999
477.0 83.078
478.0 83.074
479.0 83.074
480.0 83.021999
481.0 82.969
482.0 82.871
483.0 82.733999
484.0 82.567
485.0 82.392
486.0 82.230999
487.0 82.005
488.0 81.796
489.0 81.581
490.0 81.363
491.0 81.134
492.0 80.942
493.0 80.702
494.0 80.496
495.0 80.315
496.0 80.136
497.0 79.983
498.0 79.81
499.0 79.678
500.0 79.603
501.0 79.502
502.0 79.447
503.0 79.401
504.0 79.373
505.0 79.356
506.0 79.407
507.0 79.456
508.0 79.524
509.0 79.62
510.0 79.744
511.0 79.884999
512.0 80.027
513.0 80.195
514.0 80.394
515.0 80.605
516.0 80.823
517.0 81.03
518.0 81.282
519.0 81.548
520.0 81.791
521.0 82.041
522.0 82.297
523.0 82.571
524.0 82.848
525.0 83.111999
526.0 83.352999
527.0 83.625
528.0 83.87
529.0 84.126
530.0 84.352999
531.0 84.572999
532.0 84.774
533.0 84.967
534.0 85.151
535.0 85.338
536.0 85.452
537.0 85.592
538.0 85.692
539.0 85.792
540.0 85.855999
541.0 85.908
542.0 85.956
543.0 85.956999
544.0 85.943
545.0 85.913
546.0 85.851
547.0 85.77
548.0 85.709
549.0 85.596999
550.0 85.464
551.0 85.333
552.0 85.209
553.0 85.036999
554.0 84.862
555.0 84.682999
556.0 84.509999
557.0 84.294
558.0 84.107
559.0 83.901
560.0 83.667999
561.0 83.447999
562.0 83.229
563.0 83.006999
564.0 82.808
565.0 82.605999
566.0 82.423
567.0 82.225
568.0 82.048
569.0 81.867
570.0 81.672
571.0 81.532
572.0 81.367999
573.0 81.223
574.0 81.099
575.0 80.988
576.0 80.857999
577.0 80.769
578.0 80.685
579.0 80.628999
580.0 80.56
581.0 80.516
582.0 80.498
583.0 80.474999
584.0 80.469
585.0 80.505
586.0 80.535
587.0 80.591
588.0 80.642
589.0 80.73
590.0 80.815
591.0 80.922
592.0 81.036
593.0 81.151
594.0 81.272
595.0 81.429
596.0 81.559
597.0 81.715999
598.0 81.894
599.0 82.056
600.0 82.238
601.0 82.417
602.0 82.605999
603.0 82.8
604.0 82.982999
605.0 83.182999
606.0 83.382
607.0 83.596999
608.0 83.785
609.0 83.968
610.0 84.185
611.0 84.379
612.0 84.571
613.0 84.77
614.0 84.962999
615.0 85.158
616.0 85.345
617.0 85.529
618.0 85.693
619.0 85.861
620.0 86.027
621.0 86.164
622.0 86.321
623.0 86.468999
624.0 86.599999
625.0 86.733
626.0 86.83
627.0 86.956
628.0 87.03
629.0 87.126
630.0 87.197
631.0 87.259
632.0 87.31
633.0 87.342
634.0 87.364
635.0 87.393
636.0 87.404
637.0 87.401
638.0 87.387
639.0 87.369
640.0 87.333
641.0 87.3
642.0 87.233
643.0 87.165
644.0 87.081
645.0 87.012999
646.0 86.906
647.0 86.81
648.0 86.691
649.0 86.578999
650.0 86.446
651.0 86.306
652.0 86.172
653.0 86.021
654.0 85.874
655.0 85.7
656.0 85.547
657.0 85.367999
658.0 85.197999
659.0 85.045
660.0 84.846
661.0 84.682
662.0 84.509
663.0 84.304
664.0 84.116
665.0 83.953
666.0 83.765
667.0 83.587999
668.0 83.405
669.0 83.202
670.0 83.051
671.0 82.863
672.0 82.706999
673.0 82.556
674.0 82.372999
675.0 82.218
676.0 82.064
677.0 81.913
678.0 81.757
679.0 81.631
680.0 81.491
681.0 81.335
682.0 81.229
683.0 81.076
684.0 80.955
685.0 80.840999
686.0 80.742
687.0 80.659
688.0 80.571
689.0 80.499
690.0 80.432
691.0 80.36
692.0 80.292
693.0 80.223999
694.0 80.202
695.0 80.16
696.0 80.117
697.0 80.107
698.0 80.093
699.0 80.072
700.0 80.073
701.0 80.078999
702.0 80.098
703.0 80.113
704.0 80.113999
705.0 80.154
706.0 80.197
707.0 80.241
708.0 80.282
709.0 80.349999
710.0 80.386
711.0 80.465
712.0 80.532
713.0 80.592
714.0 80.691
715.0 80.762
716.0 80.857
717.0 80.94
718.0 81.03
719.0 81.132
720.0 81.215
721.0 81.323
722.0 81.435999
723.0 81.557
724.0 81.675
725.0 81.798
726.0 81.922
727.0 82.05
728.0 82.166
729.0 82.297
730.0 82.416
731.0 82.545
732.0 82.682
733.0 82.804999
734.0 82.926
735.0 83.072999
736.0 83.19
737.0 83.33
738.0 83.459
739.0 83.594
740.0 83.718999
741.0 83.840999
742.0 83.973
743.0 84.102
744.0 84.204
745.0 84.319999
746.0 84.450999
747.0 84.547
748.0 84.681
749.0 84.787
750.0 84.897
751.0 85.009999
752.0 85.105
753.0 85.170999
754.0 85.286
755.0 85.386
756.0 85.471
757.0 85.544
758.0 85.616
759.0 85.703
760.0 85.764
761.0 85.807999
762.0 85.884
763.0 85.953999
764.0 86.016
765.0 86.042
766.0 86.066
767.0 86.105
768.0 86.139
769.0 86.157
770.0 86.175
771.0 86.18
772.0 86.191
773.0 86.205
774.0 86.224
775.0 86.236999
776.0 86.246
777.0 86.248
778.0 86.24
779.0 86.263
780.0 86.233999
781.0 86.185
782.0 86.133
783.0 86.036999
784.0 85.982
785.0 85.911
786.0 85.854
787.0 85.783
788.0 85.753999
789.0 85.675
790.0 85.59
791.0 85.527
792.0 85.445
793.0 85.348
794.0 85.286
795.0 85.176
796.0 85.082
797.0 84.992999
798.0 84.879
799.0 84.788
800.0 84.675
801.0 84.554
802.0 84.45
803.0 84.328999
804.0 84.226999
805.0 84.095
806.0 83.979
807.0 83.840999
808.0 83.708
809.0 83.581999
810.0 83.465
811.0 83.337
812.0 83.2
813.0 83.084999
814.0 82.952
815.0 82.789
816.0 82.674
817.0 82.545999
818.0 82.422
819.0 82.276
820.0 82.152
821.0 82.027
822.0 81.905
823.0 81.76
824.0 81.63
825.0 81.5
826.0 81.355
827.0 81.209
828.0 81.092
829.0 80.979
830.0 80.847
831.0 80.730999
832.0 80.607
833.0 80.486999
834.0 80.356
835.0 80.227999
836.0 80.145
837.0 80.011
838.0 79.911
839.0 79.792
840.0 79.694
841.0 79.59
842.0 79.471999
843.0 79.384999
844.0 79.273
845.0 79.164999
846.0 79.102999
847.0 79.003
848.0 78.92
849.0 78.825
850.0 78.744
851.0 78.657
852.0 78.586999
853.0 78.503999
854.0 78.431
855.0 78.357
856.0 78.307999
857.0 78.242999
858.0 78.173999
859.0 78.11
860.0 78.061
861.0 78.02
862.0 77.954
863.0 77.9
864.0 77.893
865.0 77.853
866.0 77.786999
867.0 77.759999
868.0 77.735
869.0 77.698
870.0 77.679
871.0 77.666
872.0 77.634
873.0 77.621
874.0 77.612
875.0 77.578999
876.0 77.589
877.0 77.572
878.0 77.556
879.0 77.569999
880.0 77.588
881.0 77.586
882.0 77.601
883.0 77.602
884.0 77.598
885.0 77.652
886.0 77.694
887.0 77.697
888.0 77.724999
889.0 77.761
890.0 77.793
891.0 77.822
892.0 77.842
893.0 77.886
894.0 77.922
895.0 77.947
896.0 78.001
897.0 78.051
898.0 78.09
899.0 78.149999
900.0 78.206
901.0 78.235
902.0 78.282
903.0 78.330999
904.0 78.369
905.0 78.45
906.0 78.511
907.0 78.569999
908.0 78.632
909.0 78.687
910.0 78.771
911.0 78.837
912.0 78.893999
913.0 78.952
914.0 79.042
915.0 79.12
916.0 79.159
917.0 79.267
918.0 79.340999
919.0 79.415
920.0 79.515
921.0 79.588
922.0 79.676
923.0 79.753
924.0 79.840999
925.0 79.932
926.0 79.979999
927.0 80.081
928.0 80.143
929.0 80.256
930.0 80.348
931.0 80.432
932.0 80.522
933.0 80.638
934.0 80.682
935.0 80.784
936.0 80.864999
937.0 80.944
938.0 81.011
939.0 81.116
940.0 81.194999
941.0 81.292
942.0 81.374
943.0 81.467
944.0 81.559
945.0 81.63
946.0 81.71
947.0 81.779
948.0 81.877
949.0 81.938
950.0 82.014
951.0 82.089
952.0 82.174
953.0 82.244
954.0 82.331
955.0 82.38
956.0 82.503
957.0 82.545
958.0 82.623
959.0 82.697
960.0 82.762999
961.0 82.837
962.0 82.919
963.0 82.997
964.0 83.039
965.0 83.138
966.0 83.199
967.0 83.238
968.0 83.3
969.0 83.367999
970.0 83.403
971.0 83.488
972.0 83.525
973.0 83.581
974.0 83.647
975.0 83.667999
976.0 83.738
977.0 83.76
978.0 83.798
979.0 83.85
980.0 83.931
981.0 83.953999
982.0 84.0
983.0 84.024
984.0 84.084
985.0 84.107
986.0 84.138
987.0 84.154
988.0 84.194
989.0 84.202999
990.0 84.257
991.0 84.263
992.0 84.3
993.0 84.292
994.0 84.319999
995.0 84.33
996.0 84.334
997.0 84.363999
998.0 84.358
999.0 84.371
1000.0 84.352
1001.0 84.367
1002.0 84.369
1003.0 84.36
1004.0 84.355
1005.0 84.363999
1006.0 84.389
1007.0 84.357
1008.0 84.371
1009.0 84.333
1010.0 84.328999
1011.0 84.319
1012.0 84.308
1013.0 84.294
1014.0 84.274
1015.0 84.244
1016.0 84.246
1017.0 84.199
1018.0 84.163
1019.0 84.147
1020.0 84.133
1021.0 84.101
1022.0 84.045
1023.0 84.026
1024.0 83.992999
1025.0 83.94
1026.0 83.882
1027.0 83.858
1028.0 83.825
1029.0 83.785
1030.0 83.712
1031.0 83.686
1032.0 83.638
1033.0 83.594
1034.0 83.542
1035.0 83.509999
1036.0 83.469
1037.0 83.411
1038.0 83.33
1039.0 83.308
1040.0 83.242999
1041.0 83.19
1042.0 83.158
1043.0 83.09
1044.0 83.011
1045.0 82.976
1046.0 82.913
1047.0 82.847
1048.0 82.792
1049.0 82.712
1050.0 82.672
1051.0 82.587999
1052.0 82.48
1053.0 82.435999
1054.0 82.369
1055.0 82.287
1056.0 82.265
1057.0 82.197
1058.0 82.096
1059.0 82.044
1060.0 81.973
1061.0 81.892
1062.0 81.843
1063.0 81.797
1064.0 81.699999
1065.0 81.586
1066.0 81.551
1067.0 81.498
1068.0 81.42
1069.0 81.359
1070.0 81.321
1071.0 81.196
1072.0 81.116999
1073.0 81.077
1074.0 80.967999
1075.0 80.9
1076.0 80.882
1077.0 80.76
1078.0 80.697
1079.0 80.586
1080.0 80.545
1081.0 80.503
1082.0 80.420999
1083.0 80.441
1084.0 80.283
1085.0 80.239
1086.0 80.229
1087.0 80.105
1088.0 80.009
1089.0 79.961
1090.0 79.881
1091.0 79.825
1092.0 79.771
1093.0 79.63
1094.0 79.559
1095.0 79.515
1096.0 79.468
1097.0 79.408999
1098.0 79.327
1099.0 79.241
1100.0 79.208
