190.0 0.073
191.0 0.148
192.0 0.071
193.0 0.08
194.0 0.044
195.0 0.109
196.0 0.064
197.0 0.054
198.0 0.042
199.0 0.025
200.0 0.051
201.0 0.044
202.0 0.049
203.0 0.052
204.0 0.03
205.0 0.037
206.0 0.034
207.0 0.031
208.0 0.039
209.0 0.014
210.0 0.018
211.0 0.063
212.0 0.032
213.0 0.037
214.0 0.034
215.0 0.034
216.0 0.012
217.0 0.028
218.0 0.048
219.0 0.04
220.0 0.031
221.0 0.031
222.0 0.02
223.0 0.019
224.0 0.036
225.0 0.026
226.0 0.041
227.0 0.026
228.0 0.028
229.0 0.021
230.0 0.031
231.0 0.021
232.0 0.017
233.0 0.028
234.0 0.03
235.0 0.038
236.0 0.027
237.0 0.017
238.0 0.025
239.0 0.019
240.0 0.027
241.0 0.024
242.0 0.025
243.0 0.028
244.0 0.022
245.0 0.022
246.0 0.015
247.0 0.032
248.0 0.016
249.0 0.025
250.0 0.031
251.0 0.052
252.0 0.031
253.0 0.02
254.0 0.031
255.0 0.032
256.0 0.018
257.0 0.032
258.0 0.031
259.0 0.06
260.0 0.031
261.0 0.022
262.0 0.034
263.0 0.04
264.0 0.036
265.0 0.049
266.0 0.041
267.0 0.068
268.0 0.032
269.0 0.042
270.0 0.054
271.0 0.048
272.0 0.039
273.0 0.032
274.0 0.05
275.0 0.093
276.0 0.067
277.0 0.026
278.0 0.066
279.0 0.039
280.0 0.052
281.0 0.046
282.0 0.068999
283.0 0.084
284.0 0.085999
285.0 0.048
286.0 0.061
287.0 0.032
288.0 0.061
289.0 0.055999
290.0 0.064
291.0 0.073
292.0 0.046
293.0 0.063
294.0 0.038
295.0 0.048
296.0 0.043
297.0 0.059
298.0 0.051
299.0 0.071
300.0 0.041
301.0 0.059
302.0 0.061
303.0 0.025
304.0 0.048
305.0 0.031
306.0 0.091
307.0 0.068999
308.0 0.045
309.0 0.048
310.0 0.042
311.0 0.06
312.0 0.046
313.0 0.068999
314.0 0.055
315.0 0.095
316.0 0.042
317.0 0.086999
318.0 0.032
319.0 0.045
320.0 0.067
321.0 0.077
322.0 0.068999
323.0 0.093
324.0 0.062
325.0 0.055
326.0 0.071
327.0 0.062
328.0 0.068
329.0 0.055
330.0 0.057
331.0 0.074
332.0 0.028
333.0 0.038
334.0 0.044
335.0 0.044
336.0 0.037
337.0 0.031
338.0 0.048
339.0 0.052
340.0 0.036
341.0 0.027
342.0 0.045
343.0 0.033
344.0 0.045
345.0 0.041
346.0 0.035
347.0 0.048
348.0 0.044
349.0 0.038
350.0 0.038
351.0 0.053
352.0 0.051
353.0 0.073
354.0 0.096
355.0 0.135
356.0 0.159
357.0 0.224
358.0 0.31
359.0 0.456
360.0 0.662999
361.0 0.94
362.0 1.327
363.0 1.872
364.0 2.551
365.0 3.457
366.0 4.614
367.0 6.01
368.0 7.66
369.0 9.605
370.0 11.742
371.0 14.128
372.0 16.652
373.0 19.337
374.0 22.072
375.0 24.768
376.0 27.383
377.0 29.794
378.0 32.071
379.0 34.135
380.0 35.987
381.0 37.717
382.0 39.331
383.0 40.981
384.0 42.596
385.0 44.153
386.0 45.763
387.0 47.417
388.0 49.122
389.0 50.848
390.0 52.608999
391.0 54.345
392.0 56.028
393.0 57.645
394.0 59.134
395.0 60.489
396.0 61.68
397.0 62.708
398.0 63.51
399.0 64.117999
400.0 64.545
401.0 64.819
402.0 64.946
403.0 64.992
404.0 64.955
405.0 64.866
406.0 64.747
407.0 64.646
408.0 64.604
409.0 64.595
410.0 64.652
411.0 64.788
412.0 65.015999
413.0 65.344
414.0 65.744
415.0 66.254
416.0 66.852
417.0 67.483
418.0 68.169
419.0 68.913
420.0 69.662
421.0 70.438
422.0 71.204
423.0 71.952
424.0 72.681
425.0 73.367999
426.0 73.985999
427.0 74.509
428.0 74.988
429.0 75.358
430.0 75.61
431.0 75.804
432.0 75.866999
433.0 75.86
434.0 75.774
435.0 75.605999
436.0 75.392
437.0 75.062
438.0 74.739
439.0 74.374
440.0 73.97
441.0 73.583
442.0 73.206
443.0 72.809
444.0 72.461
445.0 72.087999
446.0 71.797
447.0 71.569
448.0 71.372
449.0 71.214999
450.0 71.099999
451.0 71.068
452.0 71.091
453.0 71.154
454.0 71.28
455.0 71.449
456.0 71.682
457.0 71.979
458.0 72.319
459.0 72.68
460.0 73.084
461.0 73.533
462.0 74.003
463.0 74.489
464.0 75.007
465.0 75.505
466.0 76.011
467.0 76.512999
468.0 76.995
469.0 77.456999
470.0 77.956999
471.0 78.412
472.0 78.793
473.0 79.164
474.0 79.466
475.0 79.734
476.0 79.97
477.0 80.144
478.0 80.283
479.0 80.351
480.0 80.39
481.0 80.418
482.0 80.325
483.0 80.212999
484.0 80.073
485.0 79.887
486.0 79.67
487.0 79.408999
488.0 79.108999
489.0 78.816
490.0 78.5
491.0 78.166
492.0 77.804
493.0 77.462
494.0 77.108
495.0 76.773
496.0 76.441999
497.0 76.114999
498.0 75.812
499.0 75.532
500.0 75.242
501.0 75.0
502.0 74.797
503.0 74.585
504.0 74.422
505.0 74.309
506.0 74.188
507.0 74.119
508.0 74.083
509.0 74.071
510.0 74.104
511.0 74.153
512.0 74.244
513.0 74.361999
514.0 74.495
515.0 74.667
516.0 74.872
517.0 75.102999
518.0 75.351
519.0 75.613
520.0 75.914
521.0 76.22
522.0 76.558
523.0 76.887
524.0 77.232999
525.0 77.592
526.0 77.956
527.0 78.32
528.0 78.691999
529.0 79.05
530.0 79.435999
531.0 79.803
532.0 80.152
533.0 80.483
534.0 80.812
535.0 81.128
536.0 81.428
537.0 81.708
538.0 81.989999
539.0 82.215999
540.0 82.43
541.0 82.637
542.0 82.777
543.0 82.931
544.0 83.025
545.0 83.128999
546.0 83.187999
547.0 83.2
548.0 83.224
549.0 83.2
550.0 83.147
551.0 83.069999
552.0 82.981
553.0 82.855
554.0 82.715
555.0 82.563
556.0 82.376
557.0 82.176
558.0 81.966
559.0 81.718
560.0 81.476
561.0 81.238999
562.0 80.989999
563.0 80.713
564.0 80.435999
565.0 80.169
566.0 79.876
567.0 79.605
568.0 79.336
569.0 79.066
570.0 78.789
571.0 78.539
572.0 78.274999
573.0 78.036
574.0 77.768
575.0 77.542
576.0 77.325999
577.0 77.117999
578.0 76.916
579.0 76.752
580.0 76.574
581.0 76.416
582.0 76.28
583.0 76.149
584.0 76.048
585.0 75.968
586.0 75.884
587.0 75.822
588.0 75.79
589.0 75.758
590.0 75.749
591.0 75.77
592.0 75.79
593.0 75.822999
594.0 75.892
595.0 75.956999
596.0 76.06
597.0 76.157
598.0 76.268
599.0 76.407
600.0 76.543
601.0 76.708
602.0 76.863
603.0 77.049
604.0 77.232
605.0 77.439
606.0 77.642
607.0 77.861
608.0 78.09
609.0 78.322999
610.0 78.553
611.0 78.79
612.0 79.039999
613.0 79.285
614.0 79.545
615.0 79.8
616.0 80.057
617.0 80.313
618.0 80.576
619.0 80.804
620.0 81.071
621.0 81.294
622.0 81.545999
623.0 81.789
624.0 82.021
625.0 82.237
626.0 82.455999
627.0 82.669
628.0 82.840999
629.0 83.048
630.0 83.232
631.0 83.394
632.0 83.548
633.0 83.705
634.0 83.85
635.0 83.965999
636.0 84.084
637.0 84.17
638.0 84.258
639.0 84.35
640.0 84.392
641.0 84.443
642.0 84.453999
643.0 84.489999
644.0 84.497999
645.0 84.477999
646.0 84.438999
647.0 84.431
648.0 84.369
649.0 84.315
650.0 84.23
651.0 84.154
652.0 84.06
653.0 83.946
654.0 83.825999
655.0 83.701
656.0 83.564
657.0 83.411999
658.0 83.247
659.0 83.119
660.0 82.929
661.0 82.761
662.0 82.581
663.0 82.387999
664.0 82.199
665.0 81.988
666.0 81.771
667.0 81.596
668.0 81.366
669.0 81.164
670.0 80.964
671.0 80.758
672.0 80.547
673.0 80.324
674.0 80.127
675.0 79.902
676.0 79.700999
677.0 79.501
678.0 79.297
679.0 79.11
680.0 78.9
681.0 78.708
682.0 78.489
683.0 78.307999
684.0 78.134
685.0 77.988
686.0 77.812
687.0 77.644
688.0 77.498
689.0 77.337
690.0 77.203999
691.0 77.058
692.0 76.919
693.0 76.794
694.0 76.688
695.0 76.559999
696.0 76.456999
697.0 76.374
698.0 76.29
699.0 76.197999
700.0 76.125
701.0 76.054999
702.0 76.0
703.0 75.941999
704.0 75.902
705.0 75.866999
706.0 75.838
707.0 75.825
708.0 75.806
709.0 75.802
710.0 75.786
711.0 75.807999
712.0 75.825
713.0 75.846
714.0 75.872
715.0 75.902
716.0 75.941
717.0 75.992999
718.0 76.063
719.0 76.104
720.0 76.176
721.0 76.255
722.0 76.325
723.0 76.414
724.0 76.506
725.0 76.599999
726.0 76.695
727.0 76.818
728.0 76.913
729.0 77.034
730.0 77.145
731.0 77.266
732.0 77.397
733.0 77.531
734.0 77.661999
735.0 77.797
736.0 77.939
737.0 78.069
738.0 78.222
739.0 78.379
740.0 78.518
741.0 78.657
742.0 78.817
743.0 78.943
744.0 79.105
745.0 79.267
746.0 79.442
747.0 79.557
748.0 79.723
749.0 79.866
750.0 80.017
751.0 80.175
752.0 80.327
753.0 80.452
754.0 80.628
755.0 80.76
756.0 80.918
757.0 81.045999
758.0 81.202
759.0 81.328
760.0 81.462
761.0 81.581
762.0 81.717
763.0 81.849
764.0 81.962
765.0 82.093999
766.0 82.194
767.0 82.294
768.0 82.396
769.0 82.524
770.0 82.596
771.0 82.69
772.0 82.758
773.0 82.847
774.0 82.914
775.0 82.976
776.0 83.048999
777.0 83.087999
778.0 83.133
779.0 83.170999
780.0 83.246
781.0 83.264
782.0 83.296
783.0 83.313
784.0 83.33
785.0 83.336
786.0 83.342
787.0 83.333
788.0 83.325999
789.0 83.32
790.0 83.321
791.0 83.3
792.0 83.277
793.0 83.236
794.0 83.203
795.0 83.154
796.0 83.101
797.0 83.060999
798.0 82.989
799.0 82.919
800.0 82.843999
801.0 82.788
802.0 82.726999
803.0 82.64
804.0 82.560999
805.0 82.458
806.0 82.383
807.0 82.286
808.0 82.184
809.0 82.09
810.0 81.971
811.0 81.866
812.0 81.765
813.0 81.648
814.0 81.518999
815.0 81.417
816.0 81.277
817.0 81.13
818.0 81.029
819.0 80.892
820.0 80.76
821.0 80.643
822.0 80.515
823.0 80.366
824.0 80.235999
825.0 80.108
826.0 79.951
827.0 79.813999
828.0 79.703999
829.0 79.545999
830.0 79.401
831.0 79.271999
832.0 79.137999
833.0 78.983
834.0 78.86
835.0 78.714
836.0 78.593
837.0 78.456
838.0 78.307
839.0 78.191
840.0 78.036
841.0 77.916
842.0 77.788
843.0 77.639
844.0 77.506
845.0 77.405999
846.0 77.279
847.0 77.155
848.0 77.018
849.0 76.914
850.0 76.79
851.0 76.671
852.0 76.57
853.0 76.458
854.0 76.34
855.0 76.249
856.0 76.134
857.0 76.022
858.0 75.927
859.0 75.831
860.0 75.739999
861.0 75.639
862.0 75.538
863.0 75.476
864.0 75.405
865.0 75.3
866.0 75.221
867.0 75.136
868.0 75.078999
869.0 75.02
870.0 74.929999
871.0 74.878999
872.0 74.831999
873.0 74.759
874.0 74.7
875.0 74.64
876.0 74.607
877.0 74.563999
878.0 74.512999
879.0 74.473999
880.0 74.433
881.0 74.397
882.0 74.396
883.0 74.337
884.0 74.292
885.0 74.295
886.0 74.248
887.0 74.246
888.0 74.228
889.0 74.214
890.0 74.228
891.0 74.219
892.0 74.209
893.0 74.226
894.0 74.221
895.0 74.209
896.0 74.224
897.0 74.231
898.0 74.256
899.0 74.253
900.0 74.25
901.0 74.295999
902.0 74.309
903.0 74.327
904.0 74.339
905.0 74.413
906.0 74.449
907.0 74.475
908.0 74.512999
909.0 74.539
910.0 74.572
911.0 74.617
912.0 74.668
913.0 74.702
914.0 74.773
915.0 74.81
916.0 74.861
917.0 74.92
918.0 74.983999
919.0 75.024999
920.0 75.090999
921.0 75.158
922.0 75.209999
923.0 75.287
924.0 75.366999
925.0 75.402
926.0 75.475
927.0 75.532
928.0 75.617
929.0 75.719
930.0 75.801
931.0 75.857
932.0 75.949999
933.0 76.03
934.0 76.113
935.0 76.191
936.0 76.249
937.0 76.36
938.0 76.444
939.0 76.53
940.0 76.598999
941.0 76.700999
942.0 76.773
943.0 76.854999
944.0 76.959999
945.0 77.046
946.0 77.114999
947.0 77.203999
948.0 77.275
949.0 77.387
950.0 77.474
951.0 77.548
952.0 77.63
953.0 77.717
954.0 77.8
955.0 77.914
956.0 77.979
957.0 78.073
958.0 78.173
959.0 78.249
960.0 78.364
961.0 78.45
962.0 78.521
963.0 78.625999
964.0 78.703
965.0 78.804
966.0 78.866
967.0 78.959999
968.0 79.037
969.0 79.12
970.0 79.211
971.0 79.266
972.0 79.377
973.0 79.444999
974.0 79.507
975.0 79.616
976.0 79.671
977.0 79.747999
978.0 79.791
979.0 79.881
980.0 79.962999
981.0 80.017
982.0 80.104
983.0 80.169
984.0 80.239
985.0 80.281
986.0 80.366
987.0 80.417
988.0 80.483
989.0 80.532
990.0 80.586
991.0 80.638
992.0 80.703
993.0 80.745
994.0 80.813999
995.0 80.844
996.0 80.896999
997.0 80.9
998.0 80.944999
999.0 80.981
1000.0 81.014
1001.0 81.064
1002.0 81.093
1003.0 81.139
1004.0 81.19
1005.0 81.206999
1006.0 81.230999
1007.0 81.262
1008.0 81.307
1009.0 81.31
1010.0 81.321
1011.0 81.355999
1012.0 81.36
1013.0 81.372
1014.0 81.395
1015.0 81.399
1016.0 81.408
1017.0 81.435999
1018.0 81.426
1019.0 81.435
1020.0 81.437
1021.0 81.449
1022.0 81.408999
1023.0 81.432999
1024.0 81.414
1025.0 81.388
1026.0 81.387
1027.0 81.369
1028.0 81.355999
1029.0 81.340999
1030.0 81.337999
1031.0 81.313999
1032.0 81.296
1033.0 81.291
1034.0 81.289
1035.0 81.248
1036.0 81.233999
1037.0 81.176999
1038.0 81.194
1039.0 81.134
1040.0 81.093
1041.0 81.062
1042.0 81.008
1043.0 80.998
1044.0 80.998
1045.0 80.928
1046.0 80.891
1047.0 80.847
1048.0 80.816
1049.0 80.766
1050.0 80.696
1051.0 80.637
1052.0 80.6
1053.0 80.553
1054.0 80.489
1055.0 80.418
1056.0 80.39
1057.0 80.354
1058.0 80.344
1059.0 80.242999
1060.0 80.182
1061.0 80.108
1062.0 80.088
1063.0 80.036
1064.0 79.956999
1065.0 79.932999
1066.0 79.845999
1067.0 79.8
1068.0 79.702
1069.0 79.633
1070.0 79.574
1071.0 79.548
1072.0 79.458
1073.0 79.393
1074.0 79.327
1075.0 79.28
1076.0 79.163
1077.0 79.11
1078.0 79.046
1079.0 78.968
1080.0 78.958
1081.0 78.861
1082.0 78.809
1083.0 78.754
1084.0 78.696
1085.0 78.634
1086.0 78.519
1087.0 78.48
1088.0 78.404
1089.0 78.351
1090.0 78.233
1091.0 78.178
1092.0 78.112
1093.0 78.049
1094.0 78.0
1095.0 77.926
1096.0 77.842
1097.0 77.708
1098.0 77.736999
1099.0 77.696
1100.0 77.554999
