190.0 0.072
191.0 0.066
192.0 0.032
193.0 0.064
194.0 0.041
195.0 0.075
196.0 0.04
197.0 0.014
198.0 0.035
199.0 0.016
200.0 0.015
201.0 0.03
202.0 0.019
203.0 0.038
204.0 0.023
205.0 0.027
206.0 0.023
207.0 0.02
208.0 0.019
209.0 0.025
210.0 0.027
211.0 0.036
212.0 0.018
213.0 0.022
214.0 0.008
215.0 0.011
216.0 0.014
217.0 0.024
218.0 0.032
219.0 0.045
220.0 0.009
221.0 0.015
222.0 0.014
223.0 0.01
224.0 0.019
225.0 0.019
226.0 0.015
227.0 0.036
228.0 0.016
229.0 0.01
230.0 0.019
231.0 0.022
232.0 0.009
233.0 0.011
234.0 0.014
235.0 0.035
236.0 0.018
237.0 0.0
238.0 0.016
239.0 0.009
240.0 0.011
241.0 0.005
242.0 0.009
243.0 0.023
244.0 0.008
245.0 0.012
246.0 0.016
247.0 0.011
248.0 0.006999
249.0 0.026
250.0 0.023
251.0 0.026
252.0 0.023
253.0 0.011
254.0 0.016
255.0 0.013
256.0 0.015
257.0 0.005
258.0 0.01
259.0 0.014
260.0 0.017
261.0 0.014
262.0 0.009
263.0 0.018
264.0 0.011
265.0 0.027
266.0 0.034
267.0 0.043
268.0 0.021
269.0 0.025
270.0 0.013
271.0 0.039
272.0 0.012
273.0 0.027
274.0 0.01
275.0 0.039
276.0 0.028
277.0 0.001
278.0 0.039
279.0 0.023
280.0 0.033
281.0 0.022
282.0 0.024
283.0 0.074
284.0 0.026
285.0 0.012
286.0 0.031
287.0 0.036
288.0 0.034
289.0 0.029
290.0 0.029
291.0 0.053
292.0 0.019
293.0 0.028
294.0 0.025
295.0 0.027
296.0 0.037
297.0 0.023
298.0 0.024
299.0 0.055
300.0 0.026
301.0 0.027
302.0 0.026
303.0 0.032
304.0 0.048
305.0 0.029
306.0 0.03
307.0 0.067
308.0 0.009
309.0 0.027
310.0 0.035
311.0 0.055999
312.0 0.036
313.0 0.043
314.0 0.02
315.0 0.072
316.0 0.023
317.0 0.035
318.0 0.034
319.0 0.046
320.0 0.018
321.0 0.03
322.0 0.014
323.0 0.06
324.0 0.025
325.0 0.034
326.0 0.053
327.0 0.144
328.0 0.17
329.0 0.149
330.0 0.17
331.0 0.155
332.0 0.155
333.0 0.144
334.0 0.153
335.0 0.133
336.0 0.125
337.0 0.107
338.0 0.133
339.0 0.133
340.0 0.11
341.0 0.103
342.0 0.115
343.0 0.107
344.0 0.103
345.0 0.101
346.0 0.113
347.0 0.12
348.0 0.105
349.0 0.11
350.0 0.121
351.0 0.138
352.0 0.162
353.0 0.192
354.0 0.246
355.0 0.322
356.0 0.413
357.0 0.579
358.0 0.787
359.0 1.086
360.0 1.492
361.0 2.035
362.0 2.748
363.0 3.672
364.0 4.818
365.0 6.226
366.0 7.912
367.0 9.883
368.0 12.103
369.0 14.51
370.0 17.089
371.0 19.74
372.0 22.475
373.0 25.135
374.0 27.743
375.0 30.298
376.0 32.713
377.0 35.061
378.0 37.295
379.0 39.475
380.0 41.454
381.0 43.333
382.0 45.087
383.0 46.873
384.0 48.515
385.0 49.948
386.0 51.265
387.0 52.488
388.0 53.637
389.0 54.672
390.0 55.684
391.0 56.635
392.0 57.550999
393.0 58.419
394.0 59.264
395.0 60.106
396.0 60.929
397.0 61.722999
398.0 62.505
399.0 63.229
400.0 63.95
401.0 64.636
402.0 65.258
403.0 65.839
404.0 66.405999
405.0 66.901
406.0 67.345999
407.0 67.739
408.0 68.072999
409.0 68.384
410.0 68.627
411.0 68.851
412.0 69.033999
413.0 69.182
414.0 69.321
415.0 69.438999
416.0 69.548
417.0 69.634
418.0 69.747
419.0 69.855
420.0 69.982
421.0 70.060999
422.0 70.208
423.0 70.364
424.0 70.545999
425.0 70.757
426.0 70.967
427.0 71.189
428.0 71.418
429.0 71.675
430.0 71.936
431.0 72.17
432.0 72.435
433.0 72.689
434.0 72.938999
435.0 73.177
436.0 73.429
437.0 73.648
438.0 73.843999
439.0 74.05
440.0 74.227
441.0 74.387
442.0 74.526
443.0 74.644
444.0 74.746
445.0 74.821
446.0 74.892
447.0 74.926
448.0 74.941999
449.0 74.980999
450.0 74.94
451.0 74.923
452.0 74.901
453.0 74.848
454.0 74.829
455.0 74.783
456.0 74.72
457.0 74.673
458.0 74.649
459.0 74.617
460.0 74.614999
461.0 74.597
462.0 74.594
463.0 74.614
464.0 74.64
465.0 74.676
466.0 74.733999
467.0 74.804999
468.0 74.894
469.0 74.988
470.0 75.107
471.0 75.227999
472.0 75.358
473.0 75.485
474.0 75.634999
475.0 75.777
476.0 75.929
477.0 76.098
478.0 76.27
479.0 76.427
480.0 76.597
481.0 76.765
482.0 76.926
483.0 77.081
484.0 77.239
485.0 77.368
486.0 77.513
487.0 77.622999
488.0 77.727999
489.0 77.839
490.0 77.935
491.0 78.014
492.0 78.090999
493.0 78.105999
494.0 78.154
495.0 78.18
496.0 78.2
497.0 78.191
498.0 78.158
499.0 78.131
500.0 78.1
501.0 78.063
502.0 78.005
503.0 77.94
504.0 77.861
505.0 77.771
506.0 77.700999
507.0 77.621
508.0 77.531
509.0 77.441999
510.0 77.375
511.0 77.282
512.0 77.205
513.0 77.148
514.0 77.071
515.0 77.013
516.0 76.956999
517.0 76.892
518.0 76.866
519.0 76.849
520.0 76.825
521.0 76.810999
522.0 76.810999
523.0 76.83
524.0 76.865
525.0 76.897
526.0 76.934
527.0 77.008
528.0 77.069
529.0 77.137
530.0 77.215999
531.0 77.307
532.0 77.417
533.0 77.527
534.0 77.635
535.0 77.769
536.0 77.885
537.0 78.015
538.0 78.13
539.0 78.277
540.0 78.425
541.0 78.563
542.0 78.694
543.0 78.83
544.0 78.979999
545.0 79.11
546.0 79.235
547.0 79.373
548.0 79.496
549.0 79.616
550.0 79.715999
551.0 79.849999
552.0 79.937
553.0 80.025
554.0 80.105
555.0 80.197
556.0 80.262999
557.0 80.312
558.0 80.39
559.0 80.414
560.0 80.427
561.0 80.45
562.0 80.456999
563.0 80.437
564.0 80.456
565.0 80.435999
566.0 80.44
567.0 80.391
568.0 80.349999
569.0 80.308
570.0 80.241
571.0 80.196
572.0 80.113999
573.0 80.051
574.0 79.968999
575.0 79.894
576.0 79.797
577.0 79.702
578.0 79.6
579.0 79.502
580.0 79.407
581.0 79.305
582.0 79.181
583.0 79.062
584.0 78.956999
585.0 78.864
586.0 78.742
587.0 78.657
588.0 78.508
589.0 78.426
590.0 78.321
591.0 78.227999
592.0 78.129
593.0 78.051999
594.0 77.966
595.0 77.905999
596.0 77.822999
597.0 77.77
598.0 77.711
599.0 77.658
600.0 77.625
601.0 77.595
602.0 77.577
603.0 77.553
604.0 77.554
605.0 77.55
606.0 77.557
607.0 77.563999
608.0 77.577
609.0 77.585
610.0 77.625999
611.0 77.656
612.0 77.715999
613.0 77.764
614.0 77.802
615.0 77.881
616.0 77.958
617.0 78.025
618.0 78.085
619.0 78.166
620.0 78.242999
621.0 78.321
622.0 78.429
623.0 78.515
624.0 78.614999
625.0 78.726
626.0 78.82
627.0 78.935999
628.0 79.027999
629.0 79.128
630.0 79.246
631.0 79.349999
632.0 79.443
633.0 79.557999
634.0 79.664
635.0 79.776
636.0 79.875
637.0 79.995
638.0 80.08
639.0 80.173
640.0 80.282
641.0 80.384
642.0 80.459
643.0 80.537
644.0 80.615
645.0 80.705
646.0 80.774999
647.0 80.837999
648.0 80.905
649.0 80.962
650.0 81.006
651.0 81.05
652.0 81.092
653.0 81.15
654.0 81.161
655.0 81.206999
656.0 81.227
657.0 81.226
658.0 81.242
659.0 81.259
660.0 81.23
661.0 81.232
662.0 81.227999
663.0 81.176999
664.0 81.151
665.0 81.136
666.0 81.074
667.0 81.048
668.0 80.983
669.0 80.931
670.0 80.87
671.0 80.8
672.0 80.727999
673.0 80.683
674.0 80.588
675.0 80.517
676.0 80.422
677.0 80.334
678.0 80.23
679.0 80.145
680.0 80.053
681.0 79.918
682.0 79.817
683.0 79.703
684.0 79.619
685.0 79.518999
686.0 79.418
687.0 79.318
688.0 79.196999
689.0 79.107
690.0 79.002
691.0 78.892
692.0 78.768
693.0 78.656
694.0 78.557999
695.0 78.442
696.0 78.33
697.0 78.229
698.0 78.156
699.0 78.046
700.0 77.952999
701.0 77.858
702.0 77.779
703.0 77.668
704.0 77.581999
705.0 77.502
706.0 77.431
707.0 77.361999
708.0 77.275
709.0 77.214
710.0 77.142
711.0 77.086
712.0 77.041
713.0 76.971
714.0 76.929999
715.0 76.883
716.0 76.833
717.0 76.794
718.0 76.765
719.0 76.744
720.0 76.717
721.0 76.684
722.0 76.676
723.0 76.625
724.0 76.626
725.0 76.637
726.0 76.626
727.0 76.628
728.0 76.634
729.0 76.64
730.0 76.646999
731.0 76.652
732.0 76.683
733.0 76.693
734.0 76.705
735.0 76.756999
736.0 76.771999
737.0 76.805
738.0 76.846999
739.0 76.871
740.0 76.922
741.0 76.941999
742.0 77.018
743.0 77.063999
744.0 77.095
745.0 77.146
746.0 77.209
747.0 77.259999
748.0 77.328
749.0 77.399
750.0 77.444
751.0 77.503
752.0 77.569999
753.0 77.629
754.0 77.694
755.0 77.773
756.0 77.832
757.0 77.899
758.0 77.964
759.0 78.037
760.0 78.084
761.0 78.161
762.0 78.232
763.0 78.319
764.0 78.391
765.0 78.471
766.0 78.519
767.0 78.608
768.0 78.687
769.0 78.724999
770.0 78.798
771.0 78.869
772.0 78.93
773.0 78.974
774.0 79.033
775.0 79.1
776.0 79.146
777.0 79.19
778.0 79.242
779.0 79.279
780.0 79.321
781.0 79.369999
782.0 79.407
783.0 79.447999
784.0 79.505
785.0 79.536
786.0 79.584
787.0 79.6
788.0 79.664999
789.0 79.673
790.0 79.684999
791.0 79.703999
792.0 79.72
793.0 79.733
794.0 79.75
795.0 79.771999
796.0 79.776
797.0 79.788
798.0 79.762999
799.0 79.779
800.0 79.774999
801.0 79.766
802.0 79.759
803.0 79.733
804.0 79.726
805.0 79.69
806.0 79.662
807.0 79.648
808.0 79.604
809.0 79.554999
810.0 79.55
811.0 79.489
812.0 79.458
813.0 79.423999
814.0 79.378
815.0 79.313
816.0 79.286
817.0 79.235
818.0 79.176999
819.0 79.112
820.0 79.064
821.0 79.011
822.0 78.940999
823.0 78.872
824.0 78.8
825.0 78.746
826.0 78.658
827.0 78.564
828.0 78.501
829.0 78.427
830.0 78.333
831.0 78.274999
832.0 78.207
833.0 78.12
834.0 78.014
835.0 77.936
836.0 77.858
837.0 77.766
838.0 77.687
839.0 77.601
840.0 77.519
841.0 77.425
842.0 77.314
843.0 77.247
844.0 77.151
845.0 77.05
846.0 76.973
847.0 76.884
848.0 76.79
849.0 76.691
850.0 76.61
851.0 76.536
852.0 76.425
853.0 76.349
854.0 76.258
855.0 76.169
856.0 76.073
857.0 76.004
858.0 75.921
859.0 75.843999
860.0 75.746
861.0 75.663
862.0 75.586
863.0 75.514
864.0 75.429999
865.0 75.363
866.0 75.274
867.0 75.215
868.0 75.142
869.0 75.074
870.0 75.003
871.0 74.926999
872.0 74.867999
873.0 74.801
874.0 74.733999
875.0 74.658
876.0 74.607999
877.0 74.523
878.0 74.482
879.0 74.435
880.0 74.385
881.0 74.327
882.0 74.276
883.0 74.214
884.0 74.154
885.0 74.127
886.0 74.051999
887.0 74.021
888.0 73.983
889.0 73.936
890.0 73.881
891.0 73.858999
892.0 73.818
893.0 73.802
894.0 73.738
895.0 73.736
896.0 73.694
897.0 73.688
898.0 73.669
899.0 73.656
900.0 73.622
901.0 73.614999
902.0 73.595
903.0 73.584999
904.0 73.563
905.0 73.595999
906.0 73.606
907.0 73.607
908.0 73.627
909.0 73.621
910.0 73.65
911.0 73.670999
912.0 73.675
913.0 73.694999
914.0 73.709
915.0 73.736
916.0 73.744
917.0 73.78
918.0 73.799
919.0 73.807
920.0 73.843
921.0 73.858
922.0 73.878
923.0 73.912
924.0 73.919
925.0 73.945
926.0 73.959
927.0 73.997
928.0 74.003
929.0 74.063
930.0 74.083
931.0 74.137
932.0 74.156
933.0 74.217
934.0 74.221999
935.0 74.280999
936.0 74.316
937.0 74.358999
938.0 74.378999
939.0 74.45
940.0 74.465999
941.0 74.524999
942.0 74.551
943.0 74.604
944.0 74.651
945.0 74.712
946.0 74.738
947.0 74.777
948.0 74.843999
949.0 74.888
950.0 74.921
951.0 74.991
952.0 75.038
953.0 75.082
954.0 75.138
955.0 75.168
956.0 75.251
957.0 75.277
958.0 75.349
959.0 75.38
960.0 75.449999
961.0 75.488999
962.0 75.542
963.0 75.61
964.0 75.64
965.0 75.711
966.0 75.78
967.0 75.814
968.0 75.843999
969.0 75.923
970.0 75.963
971.0 75.999
972.0 76.063
973.0 76.117
974.0 76.167
975.0 76.199
976.0 76.279
977.0 76.283999
978.0 76.328
979.0 76.404
980.0 76.468
981.0 76.48
982.0 76.526
983.0 76.571
984.0 76.625
985.0 76.661999
986.0 76.700999
987.0 76.742999
988.0 76.783
989.0 76.821
990.0 76.890999
991.0 76.907
992.0 76.962
993.0 76.988
994.0 77.008
995.0 77.023
996.0 77.072
997.0 77.093999
998.0 77.145
999.0 77.167
1000.0 77.191
1001.0 77.22
1002.0 77.262
1003.0 77.283
1004.0 77.313
1005.0 77.354999
1006.0 77.39
1007.0 77.401
1008.0 77.441
1009.0 77.444999
1010.0 77.464
1011.0 77.488
1012.0 77.518
1013.0 77.51
1014.0 77.533
1015.0 77.56
1016.0 77.571
1017.0 77.590999
1018.0 77.578999
1019.0 77.598999
1020.0 77.617999
1021.0 77.631
1022.0 77.616
1023.0 77.617999
1024.0 77.608999
1025.0 77.608999
1026.0 77.612
1027.0 77.634
1028.0 77.598
1029.0 77.625999
1030.0 77.588
1031.0 77.617999
1032.0 77.577
1033.0 77.608
1034.0 77.56
1035.0 77.588
1036.0 77.58
1037.0 77.589
1038.0 77.519
1039.0 77.532
1040.0 77.517
1041.0 77.474
1042.0 77.502
1043.0 77.486
1044.0 77.420999
1045.0 77.428
1046.0 77.402
1047.0 77.375
1048.0 77.313
1049.0 77.298999
1050.0 77.288
1051.0 77.251
1052.0 77.176999
1053.0 77.196
1054.0 77.143
1055.0 77.116
1056.0 77.102999
1057.0 77.097
1058.0 77.022
1059.0 77.008
1060.0 76.95
1061.0 76.913
1062.0 76.899
1063.0 76.845
1064.0 76.807
1065.0 76.739999
1066.0 76.746
1067.0 76.711
1068.0 76.675
1069.0 76.609
1070.0 76.548
1071.0 76.487
1072.0 76.437
1073.0 76.452
1074.0 76.341
1075.0 76.304
1076.0 76.297
1077.0 76.192
1078.0 76.197
1079.0 76.116
1080.0 76.06
1081.0 76.029
1082.0 76.011
1083.0 75.924
1084.0 75.876
1085.0 75.825
1086.0 75.771999
1087.0 75.746
1088.0 75.695
1089.0 75.658999
1090.0 75.527
1091.0 75.492
1092.0 75.432
1093.0 75.395
1094.0 75.315
1095.0 75.303
1096.0 75.208
1097.0 75.158999
1098.0 75.14
1099.0 75.09
1100.0 74.985999
