190.0 0.051
191.0 0.108
192.0 0.037
193.0 0.053
194.0 0.034
195.0 0.061
196.0 0.052
197.0 0.031
198.0 0.046
199.0 0.051
200.0 0.023
201.0 0.029
202.0 0.028
203.0 0.037
204.0 0.028
205.0 0.009
206.0 0.034
207.0 0.018
208.0 0.03
209.0 0.017
210.0 0.029
211.0 0.031
212.0 0.016
213.0 0.034
214.0 0.014
215.0 0.029
216.0 0.012
217.0 0.011
218.0 0.026
219.0 0.022
220.0 0.016
221.0 0.033
222.0 0.028
223.0 0.021
224.0 0.014
225.0 0.01
226.0 0.021
227.0 0.038
228.0 0.015
229.0 0.017
230.0 0.022
231.0 0.019
232.0 0.016
233.0 0.002
234.0 0.023
235.0 0.035
236.0 0.012
237.0 0.017
238.0 0.014
239.0 0.018
240.0 0.006
241.0 0.024
242.0 0.01
243.0 0.03
244.0 0.022
245.0 0.006999
246.0 0.005
247.0 0.018
248.0 0.021
249.0 0.011
250.0 0.027
251.0 0.044
252.0 0.012
253.0 0.017
254.0 0.013
255.0 0.025
256.0 0.025
257.0 0.032
258.0 0.029
259.0 0.047
260.0 0.026
261.0 0.03
262.0 0.012
263.0 0.02
264.0 0.038
265.0 0.027
266.0 0.027
267.0 0.039
268.0 0.019
269.0 0.046
270.0 0.029
271.0 0.031
272.0 0.03
273.0 0.031
274.0 0.033
275.0 0.068
276.0 0.02
277.0 0.023
278.0 0.032
279.0 0.034
280.0 0.044
281.0 0.046
282.0 0.04
283.0 0.058
284.0 0.02
285.0 0.064
286.0 0.039
287.0 0.047
288.0 0.051
289.0 0.018
290.0 0.023
291.0 0.069999
292.0 0.031
293.0 0.033
294.0 0.053
295.0 0.035
296.0 0.024
297.0 0.031
298.0 0.042
299.0 0.048
300.0 0.03
301.0 0.046
302.0 0.036
303.0 0.02
304.0 0.049
305.0 0.022
306.0 0.036
307.0 0.055999
308.0 0.037
309.0 0.044
310.0 0.038
311.0 0.023
312.0 0.026
313.0 0.044
314.0 0.03
315.0 0.053
316.0 0.067
317.0 0.048
318.0 0.076
319.0 0.055
320.0 0.057
321.0 0.084999
322.0 0.05
323.0 0.089
324.0 0.03
325.0 0.046
326.0 0.051
327.0 0.076
328.0 0.055999
329.0 0.058
330.0 0.055999
331.0 0.071
332.0 0.058
333.0 0.052
334.0 0.063
335.0 0.046
336.0 0.05
337.0 0.036
338.0 0.046
339.0 0.069999
340.0 0.039
341.0 0.044
342.0 0.038
343.0 0.029
344.0 0.049
345.0 0.039
346.0 0.043
347.0 0.05
348.0 0.044
349.0 0.045
350.0 0.068
351.0 0.083
352.0 0.102
353.0 0.137
354.0 0.197
355.0 0.295
356.0 0.397
357.0 0.557
358.0 0.791
359.0 1.128
360.0 1.58
361.0 2.203
362.0 3.004
363.0 4.046
364.0 5.344
365.0 6.927
366.0 8.801
367.0 10.97
368.0 13.357
369.0 15.889
370.0 18.539
371.0 21.188
372.0 23.777
373.0 26.326
374.0 28.793
375.0 31.215
376.0 33.62
377.0 35.99
378.0 38.425
379.0 40.922
380.0 43.373
381.0 45.83
382.0 48.114
383.0 50.395999
384.0 52.449
385.0 54.035999
386.0 55.35
387.0 56.363
388.0 57.149
389.0 57.735
390.0 58.159
391.0 58.519
392.0 58.813
393.0 59.135
394.0 59.524999
395.0 59.98
396.0 60.583
397.0 61.284
398.0 62.12
399.0 63.046
400.0 64.098
401.0 65.239999
402.0 66.434
403.0 67.678
404.0 68.927
405.0 70.111999
406.0 71.238
407.0 72.244
408.0 73.121
409.0 73.899
410.0 74.429999
411.0 74.831
412.0 75.031
413.0 75.074
414.0 74.959
415.0 74.7
416.0 74.361999
417.0 73.928
418.0 73.461
419.0 72.980999
420.0 72.468
421.0 72.048999
422.0 71.618
423.0 71.256
424.0 70.953999
425.0 70.756
426.0 70.616
427.0 70.601
428.0 70.657
429.0 70.83
430.0 71.086
431.0 71.423
432.0 71.878
433.0 72.381
434.0 72.952
435.0 73.598
436.0 74.279
437.0 74.995
438.0 75.756
439.0 76.49
440.0 77.231
441.0 77.959999
442.0 78.668
443.0 79.274
444.0 79.840999
445.0 80.317
446.0 80.718
447.0 81.024
448.0 81.232
449.0 81.361
450.0 81.378
451.0 81.308
452.0 81.162
453.0 80.93
454.0 80.633
455.0 80.259
456.0 79.852
457.0 79.398
458.0 78.95
459.0 78.45
460.0 77.939
461.0 77.458
462.0 76.966
463.0 76.533
464.0 76.096
465.0 75.699
466.0 75.372
467.0 75.066999
468.0 74.804999
469.0 74.62
470.0 74.495
471.0 74.434
472.0 74.382
473.0 74.437
474.0 74.499
475.0 74.656
476.0 74.858999
477.0 75.101
478.0 75.425
479.0 75.765
480.0 76.176
481.0 76.593
482.0 77.047
483.0 77.578
484.0 78.112
485.0 78.627
486.0 79.176999
487.0 79.73
488.0 80.313
489.0 80.845999
490.0 81.376
491.0 81.889
492.0 82.408999
493.0 82.845
494.0 83.288
495.0 83.673
496.0 84.006
497.0 84.321
498.0 84.562
499.0 84.749
500.0 84.894
501.0 84.967
502.0 84.996
503.0 84.952
504.0 84.906
505.0 84.761
506.0 84.596999
507.0 84.377
508.0 84.143
509.0 83.858999
510.0 83.536999
511.0 83.191
512.0 82.837
513.0 82.465
514.0 82.062
515.0 81.676
516.0 81.26
517.0 80.871
518.0 80.459999
519.0 80.071
520.0 79.684999
521.0 79.322
522.0 78.983999
523.0 78.669
524.0 78.364
525.0 78.093
526.0 77.837
527.0 77.636
528.0 77.434
529.0 77.278
530.0 77.161999
531.0 77.066999
532.0 76.966
533.0 76.975
534.0 76.961
535.0 76.988
536.0 77.053
537.0 77.152
538.0 77.275
539.0 77.423
540.0 77.610999
541.0 77.819999
542.0 78.049
543.0 78.309
544.0 78.566999
545.0 78.874
546.0 79.193
547.0 79.529
548.0 79.888
549.0 80.245
550.0 80.611999
551.0 81.001
552.0 81.371
553.0 81.785
554.0 82.155
555.0 82.576
556.0 82.958
557.0 83.319
558.0 83.716
559.0 84.072
560.0 84.438
561.0 84.752
562.0 85.071
563.0 85.395
564.0 85.658
565.0 85.923
566.0 86.143
567.0 86.349
568.0 86.506
569.0 86.657
570.0 86.775
571.0 86.867999
572.0 86.938
573.0 86.955
574.0 86.968999
575.0 86.928
576.0 86.872
577.0 86.789
578.0 86.673999
579.0 86.524999
580.0 86.375999
581.0 86.197
582.0 85.997
583.0 85.787
584.0 85.567
585.0 85.313
586.0 85.074
587.0 84.815
588.0 84.560999
589.0 84.271
590.0 83.989
591.0 83.699
592.0 83.414
593.0 83.125
594.0 82.818
595.0 82.532
596.0 82.233999
597.0 81.953
598.0 81.648
599.0 81.383
600.0 81.101
601.0 80.843
602.0 80.583
603.0 80.318
604.0 80.089999
605.0 79.852
606.0 79.636
607.0 79.435999
608.0 79.253
609.0 79.069999
610.0 78.922
611.0 78.779
612.0 78.648
613.0 78.542
614.0 78.447
615.0 78.375
616.0 78.297
617.0 78.259
618.0 78.23
619.0 78.229
620.0 78.236999
621.0 78.252
622.0 78.283
623.0 78.337
624.0 78.407
625.0 78.483999
626.0 78.585
627.0 78.687
628.0 78.82
629.0 78.954
630.0 79.1
631.0 79.276
632.0 79.459
633.0 79.643
634.0 79.834999
635.0 80.045
636.0 80.266
637.0 80.495
638.0 80.729
639.0 80.981
640.0 81.215999
641.0 81.481
642.0 81.744
643.0 82.004
644.0 82.276
645.0 82.536
646.0 82.807
647.0 83.052
648.0 83.327
649.0 83.622
650.0 83.871
651.0 84.138
652.0 84.387
653.0 84.658
654.0 84.924
655.0 85.148
656.0 85.38
657.0 85.607999
658.0 85.83
659.0 86.056
660.0 86.228
661.0 86.436
662.0 86.58
663.0 86.767
664.0 86.914
665.0 87.053
666.0 87.194999
667.0 87.303
668.0 87.404
669.0 87.468
670.0 87.566999
671.0 87.62
672.0 87.661
673.0 87.668
674.0 87.699
675.0 87.666
676.0 87.666
677.0 87.645
678.0 87.595999
679.0 87.547
680.0 87.461
681.0 87.377
682.0 87.301
683.0 87.176
684.0 87.03
685.0 86.865
686.0 86.741999
687.0 86.575
688.0 86.414
689.0 86.241999
690.0 86.046
691.0 85.878
692.0 85.685
693.0 85.474999
694.0 85.277999
695.0 85.07
696.0 84.855999
697.0 84.631999
698.0 84.393
699.0 84.170999
700.0 83.926
701.0 83.708
702.0 83.481
703.0 83.25
704.0 83.0
705.0 82.779
706.0 82.544
707.0 82.31
708.0 82.081
709.0 81.855999
710.0 81.637
711.0 81.403
712.0 81.202
713.0 80.994999
714.0 80.791
715.0 80.58
716.0 80.403
717.0 80.194
718.0 80.015
719.0 79.82
720.0 79.646
721.0 79.493
722.0 79.322999
723.0 79.162
724.0 79.025
725.0 78.895
726.0 78.751
727.0 78.621
728.0 78.503999
729.0 78.39
730.0 78.276
731.0 78.188999
732.0 78.097
733.0 78.015999
734.0 77.94
735.0 77.88
736.0 77.807
737.0 77.754
738.0 77.724
739.0 77.673
740.0 77.644
741.0 77.625999
742.0 77.627
743.0 77.614
744.0 77.607
745.0 77.617
746.0 77.631
747.0 77.671
748.0 77.681
749.0 77.729
750.0 77.773
751.0 77.818
752.0 77.881999
753.0 77.944999
754.0 78.003
755.0 78.083
756.0 78.164999
757.0 78.268
758.0 78.342999
759.0 78.451
760.0 78.535
761.0 78.647
762.0 78.764
763.0 78.869
764.0 79.025
765.0 79.13
766.0 79.268
767.0 79.383
768.0 79.529
769.0 79.672
770.0 79.812
771.0 79.949
772.0 80.098
773.0 80.259999
774.0 80.418
775.0 80.566
776.0 80.733
777.0 80.914
778.0 81.093
779.0 81.262
780.0 81.419
781.0 81.589999
782.0 81.726
783.0 81.848
784.0 81.965
785.0 82.122
786.0 82.262
787.0 82.421
788.0 82.579
789.0 82.732
790.0 82.907
791.0 83.063
792.0 83.221
793.0 83.398
794.0 83.536999
795.0 83.675
796.0 83.819
797.0 83.958999
798.0 84.104999
799.0 84.228
800.0 84.348
801.0 84.488
802.0 84.596
803.0 84.709
804.0 84.814
805.0 84.917
806.0 85.011
807.0 85.114999
808.0 85.19
809.0 85.3
810.0 85.37
811.0 85.426999
812.0 85.524
813.0 85.578
814.0 85.604
815.0 85.666
816.0 85.699
817.0 85.746
818.0 85.777
819.0 85.803
820.0 85.837
821.0 85.846999
822.0 85.854
823.0 85.843999
824.0 85.857
825.0 85.839
826.0 85.834999
827.0 85.792
828.0 85.78
829.0 85.746
830.0 85.7
831.0 85.665
832.0 85.625
833.0 85.563999
834.0 85.497
835.0 85.46
836.0 85.373
837.0 85.319999
838.0 85.223
839.0 85.164
840.0 85.051
841.0 84.962
842.0 84.88
843.0 84.785
844.0 84.657
845.0 84.555
846.0 84.446
847.0 84.347
848.0 84.242999
849.0 84.104
850.0 83.994
851.0 83.862
852.0 83.718999
853.0 83.596999
854.0 83.481
855.0 83.352
856.0 83.202
857.0 83.087
858.0 82.946
859.0 82.816999
860.0 82.674
861.0 82.508
862.0 82.387
863.0 82.241
864.0 82.111
865.0 81.950999
866.0 81.832
867.0 81.672
868.0 81.537
869.0 81.391
870.0 81.227999
871.0 81.108
872.0 80.959
873.0 80.828999
874.0 80.682
875.0 80.564
876.0 80.413
877.0 80.282
878.0 80.147
879.0 80.012
880.0 79.871
881.0 79.759
882.0 79.613
883.0 79.52
884.0 79.407
885.0 79.308
886.0 79.195
887.0 79.101
888.0 78.979
889.0 78.866
890.0 78.774999
891.0 78.666
892.0 78.571
893.0 78.463
894.0 78.376
895.0 78.259
896.0 78.17
897.0 78.077
898.0 77.967
899.0 77.853
900.0 77.786
901.0 77.727999
902.0 77.590999
903.0 77.503
904.0 77.458
905.0 77.348
906.0 77.259
907.0 77.194
908.0 77.101
909.0 77.02
910.0 76.932
911.0 76.842
912.0 76.77
913.0 76.688
914.0 76.643
915.0 76.578
916.0 76.507
917.0 76.475
918.0 76.407
919.0 76.384
920.0 76.333
921.0 76.322999
922.0 76.286
923.0 76.252
924.0 76.224999
925.0 76.209
926.0 76.155
927.0 76.161
928.0 76.129
929.0 76.157
930.0 76.161
931.0 76.161
932.0 76.176999
933.0 76.182
934.0 76.185999
935.0 76.19
936.0 76.197999
937.0 76.221
938.0 76.248
939.0 76.263
940.0 76.286
941.0 76.33
942.0 76.341
943.0 76.384
944.0 76.417
945.0 76.459
946.0 76.488
947.0 76.551999
948.0 76.559
949.0 76.610999
950.0 76.634999
951.0 76.702
952.0 76.752
953.0 76.791
954.0 76.861999
955.0 76.927
956.0 76.97
957.0 77.015999
958.0 77.098
959.0 77.156
960.0 77.217
961.0 77.286
962.0 77.369
963.0 77.456
964.0 77.539
965.0 77.613
966.0 77.687
967.0 77.771999
968.0 77.845
969.0 77.914
970.0 77.994
971.0 78.066
972.0 78.156
973.0 78.238
974.0 78.357
975.0 78.432999
976.0 78.496
977.0 78.59
978.0 78.675
979.0 78.779
980.0 78.851
981.0 78.928
982.0 79.051
983.0 79.172
984.0 79.257
985.0 79.352999
986.0 79.453
987.0 79.551
988.0 79.625999
989.0 79.715
990.0 79.824
991.0 79.928999
992.0 80.003
993.0 80.098
994.0 80.186
995.0 80.271
996.0 80.383
997.0 80.471
998.0 80.535
999.0 80.604
1000.0 80.7
1001.0 80.781
1002.0 80.872
1003.0 80.971999
1004.0 81.083
1005.0 81.162
1006.0 81.25
1007.0 81.325
1008.0 81.418
1009.0 81.503
1010.0 81.584
1011.0 81.664999
1012.0 81.735
1013.0 81.801
1014.0 81.893
1015.0 81.985
1016.0 82.037
1017.0 82.12
1018.0 82.211
1019.0 82.257
1020.0 82.339
1021.0 82.413
1022.0 82.467
1023.0 82.541
1024.0 82.599999
1025.0 82.669
1026.0 82.738
1027.0 82.759
1028.0 82.797
1029.0 82.867
1030.0 82.931999
1031.0 82.97
1032.0 83.024
1033.0 83.099999
1034.0 83.146
1035.0 83.172
1036.0 83.230999
1037.0 83.284
1038.0 83.301999
1039.0 83.351
1040.0 83.355
1041.0 83.419
1042.0 83.433
1043.0 83.482
1044.0 83.494999
1045.0 83.552
1046.0 83.584
1047.0 83.567
1048.0 83.589
1049.0 83.614999
1050.0 83.639
1051.0 83.649
1052.0 83.628999
1053.0 83.655999
1054.0 83.643999
1055.0 83.66
1056.0 83.672
1057.0 83.69
1058.0 83.682
1059.0 83.724
1060.0 83.691
1061.0 83.714999
1062.0 83.626
1063.0 83.661
1064.0 83.688
1065.0 83.64
1066.0 83.648
1067.0 83.606
1068.0 83.611999
1069.0 83.583
1070.0 83.569999
1071.0 83.544
1072.0 83.526
1073.0 83.456
1074.0 83.395
1075.0 83.379
1076.0 83.35
1077.0 83.328999
1078.0 83.292
1079.0 83.253999
1080.0 83.261
1081.0 83.191999
1082.0 83.236
1083.0 83.092
1084.0 83.08
1085.0 83.104
1086.0 83.031
1087.0 82.916
1088.0 82.943
1089.0 82.849999
1090.0 82.811
1091.0 82.744
1092.0 82.754
1093.0 82.618
1094.0 82.601
1095.0 82.533999
1096.0 82.553
1097.0 82.445
1098.0 82.378
1099.0 82.285
1100.0 82.259
