190.0 -0.008
191.0 0.083
192.0 0.033
193.0 0.042
194.0 0.055
195.0 0.059
196.0 0.017
197.0 0.028
198.0 0.043
199.0 0.018
200.0 0.01
201.0 0.024
202.0 0.024
203.0 0.042
204.0 0.017
205.0 0.026
206.0 0.009
207.0 0.027
208.0 0.03
209.0 0.017
210.0 0.014
211.0 0.031
212.0 0.019
213.0 0.014
214.0 0.006
215.0 0.023
216.0 0.011
217.0 0.02
218.0 0.018
219.0 0.03
220.0 0.018
221.0 -0.002
222.0 0.015
223.0 0.017
224.0 0.027
225.0 0.004
226.0 0.01
227.0 0.027
228.0 0.016
229.0 0.013
230.0 0.011
231.0 0.013
232.0 0.019
233.0 0.015
234.0 0.014
235.0 0.026
236.0 0.014
237.0 0.014
238.0 0.01
239.0 0.002
240.0 0.003
241.0 0.017
242.0 0.011
243.0 0.026
244.0 0.02
245.0 0.011
246.0 0.01
247.0 0.01
248.0 0.006999
249.0 0.016
250.0 0.022
251.0 0.02
252.0 0.004
253.0 0.022
254.0 0.003
255.0 0.002
256.0 0.015
257.0 0.009
258.0 0.013
259.0 0.034
260.0 0.005
261.0 0.017
262.0 0.002
263.0 0.026
264.0 0.021
265.0 0.012
266.0 0.013
267.0 0.037
268.0 0.029
269.0 0.023
270.0 0.024
271.0 0.047
272.0 0.004
273.0 0.017
274.0 0.02
275.0 0.036
276.0 0.026
277.0 0.016
278.0 0.049
279.0 0.029
280.0 0.029
281.0 0.032
282.0 0.018
283.0 0.046
284.0 0.005
285.0 0.009
286.0 0.025
287.0 0.026
288.0 0.037
289.0 0.04
290.0 0.051
291.0 0.055999
292.0 0.027
293.0 0.008
294.0 0.031
295.0 0.017
296.0 0.021
297.0 0.055
298.0 0.042
299.0 0.033
300.0 0.023
301.0 0.014
302.0 0.018
303.0 0.024
304.0 0.023
305.0 0.058
306.0 0.005
307.0 0.049
308.0 0.015
309.0 0.0
310.0 0.029
311.0 0.064
312.0 0.044
313.0 0.013
314.0 0.015
315.0 0.066
316.0 0.044
317.0 0.051
318.0 0.022
319.0 0.018
320.0 0.019
321.0 0.038
322.0 -0.002
323.0 0.046
324.0 0.046
325.0 0.043
326.0 0.075
327.0 0.028
328.0 0.043
329.0 0.027
330.0 0.041
331.0 0.065
332.0 0.029
333.0 0.043
334.0 0.03
335.0 0.021
336.0 0.033
337.0 0.025
338.0 0.017
339.0 0.039
340.0 0.014
341.0 0.036
342.0 0.028
343.0 0.027
344.0 0.013
345.0 0.03
346.0 0.029
347.0 0.038
348.0 0.03
349.0 0.036
350.0 0.043
351.0 0.051
352.0 0.083
353.0 0.102
354.0 0.155
355.0 0.22
356.0 0.309
357.0 0.456
358.0 0.66
359.0 0.949
360.0 1.36
361.0 1.905
362.0 2.623
363.0 3.561
364.0 4.719
365.0 6.186
366.0 7.921
367.0 9.968999
368.0 12.302
369.0 14.81
370.0 17.458
371.0 20.144
372.0 22.814
373.0 25.378
374.0 27.877
375.0 30.318
376.0 32.711
377.0 35.099
378.0 37.495
379.0 39.982
380.0 42.367
381.0 44.793
382.0 47.109
383.0 49.416
384.0 51.6
385.0 53.381
386.0 54.909
387.0 56.169
388.0 57.201
389.0 57.992999
390.0 58.633
391.0 59.141
392.0 59.553999
393.0 59.941999
394.0 60.345
395.0 60.788
396.0 61.344
397.0 61.963
398.0 62.704
399.0 63.528
400.0 64.452
401.0 65.479
402.0 66.518999
403.0 67.648
404.0 68.757
405.0 69.876
406.0 70.934
407.0 71.945
408.0 72.845
409.0 73.624
410.0 74.278
411.0 74.780999
412.0 75.139
413.0 75.327
414.0 75.37
415.0 75.309
416.0 75.122
417.0 74.834999
418.0 74.500999
419.0 74.125
420.0 73.724999
421.0 73.35
422.0 72.962999
423.0 72.626
424.0 72.331999
425.0 72.082
426.0 71.956
427.0 71.842
428.0 71.851
429.0 71.944
430.0 72.141
431.0 72.377
432.0 72.708
433.0 73.122
434.0 73.613
435.0 74.127
436.0 74.721999
437.0 75.345
438.0 76.01
439.0 76.667
440.0 77.325999
441.0 78.025
442.0 78.632
443.0 79.277
444.0 79.843
445.0 80.324
446.0 80.758
447.0 81.119
448.0 81.396
449.0 81.596999
450.0 81.73
451.0 81.749
452.0 81.711999
453.0 81.581
454.0 81.432999
455.0 81.17
456.0 80.857
457.0 80.486
458.0 80.1
459.0 79.687
460.0 79.277
461.0 78.834
462.0 78.408
463.0 77.976999
464.0 77.575
465.0 77.191
466.0 76.851
467.0 76.547
468.0 76.283
469.0 76.063999
470.0 75.9
471.0 75.794
472.0 75.735
473.0 75.697999
474.0 75.736999
475.0 75.827
476.0 75.961
477.0 76.164
478.0 76.387
479.0 76.681999
480.0 77.006
481.0 77.383
482.0 77.761
483.0 78.200999
484.0 78.66
485.0 79.132
486.0 79.648
487.0 80.145
488.0 80.635
489.0 81.144
490.0 81.646
491.0 82.143999
492.0 82.645
493.0 83.055
494.0 83.497
495.0 83.894
496.0 84.258
497.0 84.557
498.0 84.821
499.0 85.06
500.0 85.245
501.0 85.396
502.0 85.492
503.0 85.517
504.0 85.518
505.0 85.446
506.0 85.349
507.0 85.22
508.0 85.033
509.0 84.822
510.0 84.589
511.0 84.299
512.0 84.013
513.0 83.679999
514.0 83.348
515.0 82.994999
516.0 82.615
517.0 82.26
518.0 81.903
519.0 81.547
520.0 81.181
521.0 80.847
522.0 80.509
523.0 80.185
524.0 79.886
525.0 79.608999
526.0 79.369
527.0 79.134
528.0 78.92
529.0 78.759999
530.0 78.6
531.0 78.471
532.0 78.375
533.0 78.297
534.0 78.291
535.0 78.297
536.0 78.32
537.0 78.364999
538.0 78.447
539.0 78.574
540.0 78.715999
541.0 78.868
542.0 79.068
543.0 79.29
544.0 79.527
545.0 79.795
546.0 80.068
547.0 80.361
548.0 80.664999
549.0 81.002
550.0 81.339
551.0 81.687
552.0 82.042
553.0 82.398
554.0 82.764
555.0 83.134
556.0 83.504
557.0 83.872
558.0 84.226999
559.0 84.580999
560.0 84.873
561.0 85.235
562.0 85.53
563.0 85.812999
564.0 86.111999
565.0 86.375999
566.0 86.627
567.0 86.843
568.0 87.051999
569.0 87.217999
570.0 87.355
571.0 87.5
572.0 87.586
573.0 87.655
574.0 87.697
575.0 87.692
576.0 87.69
577.0 87.638
578.0 87.569
579.0 87.48
580.0 87.377
581.0 87.231
582.0 87.078
583.0 86.895
584.0 86.714
585.0 86.508
586.0 86.295
587.0 86.075
588.0 85.818
589.0 85.566
590.0 85.31
591.0 85.05
592.0 84.78
593.0 84.504
594.0 84.226
595.0 83.947
596.0 83.665
597.0 83.394
598.0 83.096999
599.0 82.813
600.0 82.547
601.0 82.285
602.0 82.033
603.0 81.768
604.0 81.538
605.0 81.298999
606.0 81.077999
607.0 80.878
608.0 80.664
609.0 80.462
610.0 80.301999
611.0 80.14
612.0 80.017
613.0 79.893
614.0 79.769
615.0 79.678
616.0 79.604
617.0 79.527999
618.0 79.494
619.0 79.435999
620.0 79.423
621.0 79.420999
622.0 79.444
623.0 79.464
624.0 79.508
625.0 79.584999
626.0 79.652999
627.0 79.747
628.0 79.842
629.0 79.964
630.0 80.095
631.0 80.237
632.0 80.379
633.0 80.548
634.0 80.726
635.0 80.925
636.0 81.136
637.0 81.340999
638.0 81.565
639.0 81.774
640.0 82.027
641.0 82.268
642.0 82.474
643.0 82.738
644.0 82.984
645.0 83.245
646.0 83.517
647.0 83.76
648.0 84.023
649.0 84.283
650.0 84.548999
651.0 84.788
652.0 85.056
653.0 85.306
654.0 85.553
655.0 85.789
656.0 86.043
657.0 86.256999
658.0 86.477
659.0 86.717
660.0 86.899
661.0 87.102999
662.0 87.289
663.0 87.47
664.0 87.619
665.0 87.785
666.0 87.91
667.0 88.039
668.0 88.158
669.0 88.243
670.0 88.338
671.0 88.414
672.0 88.473
673.0 88.557
674.0 88.575
675.0 88.578999
676.0 88.58
677.0 88.578999
678.0 88.566999
679.0 88.531
680.0 88.492
681.0 88.397
682.0 88.345
683.0 88.265
684.0 88.126
685.0 88.015
686.0 87.904
687.0 87.77
688.0 87.633
689.0 87.497
690.0 87.327
691.0 87.173
692.0 86.982
693.0 86.791
694.0 86.604
695.0 86.417999
696.0 86.206
697.0 85.991
698.0 85.789
699.0 85.575
700.0 85.36
701.0 85.14
702.0 84.914999
703.0 84.694
704.0 84.458
705.0 84.232
706.0 84.003
707.0 83.781
708.0 83.56
709.0 83.342
710.0 83.104
711.0 82.892
712.0 82.672
713.0 82.457
714.0 82.257
715.0 82.047
716.0 81.84
717.0 81.637
718.0 81.462999
719.0 81.28
720.0 81.092
721.0 80.9
722.0 80.742999
723.0 80.568
724.0 80.396
725.0 80.262999
726.0 80.107
727.0 79.966
728.0 79.834999
729.0 79.703
730.0 79.581999
731.0 79.468
732.0 79.375
733.0 79.283
734.0 79.169
735.0 79.107
736.0 79.021
737.0 78.947
738.0 78.895
739.0 78.832
740.0 78.793
741.0 78.739
742.0 78.724
743.0 78.703
744.0 78.668
745.0 78.668
746.0 78.657
747.0 78.66
748.0 78.678
749.0 78.703
750.0 78.712
751.0 78.755
752.0 78.786999
753.0 78.822999
754.0 78.881
755.0 78.949
756.0 79.01
757.0 79.072
758.0 79.151
759.0 79.239999
760.0 79.322999
761.0 79.377
762.0 79.498
763.0 79.621
764.0 79.730999
765.0 79.833
766.0 79.927
767.0 80.062
768.0 80.202
769.0 80.313
770.0 80.444
771.0 80.581
772.0 80.72
773.0 80.849
774.0 80.994999
775.0 81.15
776.0 81.292
777.0 81.429
778.0 81.596999
779.0 81.764
780.0 81.913
781.0 82.052
782.0 82.203999
783.0 82.334
784.0 82.457
785.0 82.611999
786.0 82.750999
787.0 82.896999
788.0 83.074
789.0 83.223
790.0 83.367999
791.0 83.54
792.0 83.688
793.0 83.828
794.0 83.992
795.0 84.131999
796.0 84.284
797.0 84.44
798.0 84.541
799.0 84.714
800.0 84.834
801.0 84.967
802.0 85.09
803.0 85.209999
804.0 85.324
805.0 85.408
806.0 85.528
807.0 85.643999
808.0 85.718
809.0 85.8
810.0 85.9
811.0 85.980999
812.0 86.071
813.0 86.14
814.0 86.206
815.0 86.256
816.0 86.304
817.0 86.355999
818.0 86.411
819.0 86.436
820.0 86.487
821.0 86.528
822.0 86.546
823.0 86.545
824.0 86.560999
825.0 86.583
826.0 86.556999
827.0 86.547
828.0 86.539999
829.0 86.531
830.0 86.5
831.0 86.479
832.0 86.425
833.0 86.408
834.0 86.349
835.0 86.291
836.0 86.256
837.0 86.178999
838.0 86.117999
839.0 86.054
840.0 85.980999
841.0 85.91
842.0 85.804999
843.0 85.743
844.0 85.654
845.0 85.529
846.0 85.457
847.0 85.37
848.0 85.249
849.0 85.143999
850.0 85.045
851.0 84.914999
852.0 84.803
853.0 84.673
854.0 84.538
855.0 84.426999
856.0 84.276
857.0 84.187
858.0 84.04
859.0 83.914
860.0 83.767
861.0 83.646
862.0 83.492999
863.0 83.355
864.0 83.218999
865.0 83.102
866.0 82.911999
867.0 82.789999
868.0 82.652
869.0 82.491
870.0 82.372
871.0 82.218999
872.0 82.067
873.0 81.923
874.0 81.805
875.0 81.636
876.0 81.506999
877.0 81.349999
878.0 81.213
879.0 81.103
880.0 80.962999
881.0 80.816
882.0 80.683
883.0 80.562
884.0 80.406
885.0 80.304
886.0 80.178
887.0 80.048
888.0 79.935999
889.0 79.806999
890.0 79.695
891.0 79.584999
892.0 79.449
893.0 79.357
894.0 79.230999
895.0 79.12
896.0 79.03
897.0 78.91
898.0 78.802
899.0 78.733
900.0 78.622
901.0 78.526
902.0 78.408999
903.0 78.313
904.0 78.222
905.0 78.156
906.0 78.054
907.0 77.978
908.0 77.893
909.0 77.817
910.0 77.738
911.0 77.671
912.0 77.593
913.0 77.515999
914.0 77.441999
915.0 77.408999
916.0 77.346
917.0 77.288
918.0 77.261
919.0 77.208
920.0 77.179
921.0 77.152
922.0 77.101
923.0 77.062
924.0 77.05
925.0 76.988999
926.0 76.983
927.0 76.964999
928.0 76.932999
929.0 76.947
930.0 76.934
931.0 76.92
932.0 76.904
933.0 76.920999
934.0 76.893
935.0 76.91
936.0 76.914
937.0 76.929
938.0 76.902
939.0 76.937
940.0 76.941
941.0 76.967
942.0 76.978
943.0 77.011
944.0 77.034
945.0 77.072
946.0 77.084
947.0 77.107
948.0 77.122999
949.0 77.159
950.0 77.197999
951.0 77.242999
952.0 77.312
953.0 77.339
954.0 77.392
955.0 77.395
956.0 77.491
957.0 77.537
958.0 77.586
959.0 77.64
960.0 77.702
961.0 77.755
962.0 77.84
963.0 77.876
964.0 77.961
965.0 78.024
966.0 78.102
967.0 78.158
968.0 78.239
969.0 78.334
970.0 78.369999
971.0 78.452
972.0 78.529
973.0 78.612
974.0 78.681
975.0 78.762
976.0 78.868
977.0 78.905999
978.0 78.976
979.0 79.069
980.0 79.206
981.0 79.301
982.0 79.383
983.0 79.466
984.0 79.554
985.0 79.652
986.0 79.741
987.0 79.827
988.0 79.889
989.0 79.981
990.0 80.115
991.0 80.169
992.0 80.274
993.0 80.347
994.0 80.435
995.0 80.518999
996.0 80.608
997.0 80.700999
998.0 80.794999
999.0 80.893
1000.0 80.955
1001.0 81.048
1002.0 81.164
1003.0 81.226
1004.0 81.308
1005.0 81.408
1006.0 81.506999
1007.0 81.577
1008.0 81.682999
1009.0 81.759
1010.0 81.821
1011.0 81.906
1012.0 81.994999
1013.0 82.074
1014.0 82.164
1015.0 82.221999
1016.0 82.318
1017.0 82.384
1018.0 82.476
1019.0 82.539
1020.0 82.623
1021.0 82.693
1022.0 82.745
1023.0 82.825999
1024.0 82.891
1025.0 82.949
1026.0 82.992999
1027.0 83.09
1028.0 83.131999
1029.0 83.187
1030.0 83.223
1031.0 83.313999
1032.0 83.362
1033.0 83.435999
1034.0 83.492999
1035.0 83.54
1036.0 83.616999
1037.0 83.641
1038.0 83.694
1039.0 83.725
1040.0 83.772
1041.0 83.807
1042.0 83.867
1043.0 83.919999
1044.0 83.911
1045.0 83.992
1046.0 83.992999
1047.0 84.044
1048.0 84.045
1049.0 84.098
1050.0 84.104
1051.0 84.111
1052.0 84.107
1053.0 84.133
1054.0 84.153
1055.0 84.158
1056.0 84.218999
1057.0 84.206999
1058.0 84.208
1059.0 84.242999
1060.0 84.230999
1061.0 84.286
1062.0 84.236999
1063.0 84.238
1064.0 84.289
1065.0 84.23
1066.0 84.228
1067.0 84.239
1068.0 84.233999
1069.0 84.209
1070.0 84.197999
1071.0 84.206999
1072.0 84.172
1073.0 84.194999
1074.0 84.104999
1075.0 84.092
1076.0 84.062
1077.0 84.028
1078.0 84.033999
1079.0 83.958
1080.0 83.977999
1081.0 83.953
1082.0 83.896
1083.0 83.962
1084.0 83.816999
1085.0 83.819
1086.0 83.804999
1087.0 83.725
1088.0 83.713
1089.0 83.724
1090.0 83.599999
1091.0 83.517
1092.0 83.583
1093.0 83.508
1094.0 83.372999
1095.0 83.395
1096.0 83.292999
1097.0 83.258
1098.0 83.232
1099.0 83.164
1100.0 83.123
