190.0 0.021
191.0 0.069999
192.0 0.024
193.0 0.039
194.0 0.014
195.0 0.044
196.0 0.032
197.0 0.038
198.0 0.042
199.0 0.021
200.0 0.022
201.0 0.026
202.0 0.032
203.0 0.033
204.0 0.026
205.0 0.024
206.0 0.02
207.0 0.029
208.0 -0.001
209.0 0.036
210.0 0.015
211.0 0.033
212.0 0.022
213.0 0.025
214.0 0.021
215.0 0.021
216.0 0.02
217.0 0.016
218.0 0.018
219.0 0.048
220.0 0.016
221.0 0.014
222.0 0.015
223.0 0.02
224.0 0.0
225.0 0.017
226.0 0.027
227.0 0.021
228.0 0.022
229.0 0.009
230.0 0.016
231.0 0.021
232.0 0.019
233.0 0.0
234.0 0.024
235.0 0.018
236.0 0.013
237.0 0.011
238.0 0.013
239.0 0.005
240.0 0.009
241.0 -0.006
242.0 0.016
243.0 0.009
244.0 0.014
245.0 0.001
246.0 0.011
247.0 0.006999
248.0 0.001
249.0 0.022
250.0 0.015
251.0 0.035
252.0 0.022
253.0 0.015
254.0 0.003
255.0 0.006999
256.0 0.019
257.0 0.016
258.0 0.028
259.0 0.018
260.0 0.014
261.0 0.018
262.0 0.025
263.0 0.013
264.0 0.019
265.0 0.03
266.0 0.006999
267.0 0.039
268.0 0.013
269.0 0.034
270.0 0.031
271.0 0.029
272.0 0.021
273.0 0.043
274.0 0.033
275.0 0.036
276.0 0.024
277.0 0.045
278.0 0.02
279.0 0.035
280.0 0.028
281.0 0.053
282.0 0.045
283.0 0.039
284.0 0.026
285.0 0.011
286.0 0.02
287.0 0.034
288.0 0.029
289.0 0.023
290.0 0.024
291.0 0.063
292.0 0.021
293.0 0.052
294.0 0.019
295.0 0.013
296.0 0.028
297.0 0.031
298.0 0.034
299.0 0.049
300.0 0.028
301.0 0.039
302.0 0.01
303.0 0.017
304.0 0.036
305.0 0.027
306.0 0.037
307.0 0.055
308.0 0.025
309.0 0.006
310.0 0.009
311.0 0.04
312.0 0.014
313.0 0.015
314.0 -0.001
315.0 0.063
316.0 0.026
317.0 0.025
318.0 0.072
319.0 0.024
320.0 0.023
321.0 0.016
322.0 0.06
323.0 0.058
324.0 0.016
325.0 0.045
326.0 0.026
327.0 0.095
328.0 0.123
329.0 0.091
330.0 0.125
331.0 0.133
332.0 0.095
333.0 0.089
334.0 0.09
335.0 0.11
336.0 0.086999
337.0 0.084
338.0 0.09
339.0 0.091
340.0 0.080999
341.0 0.085999
342.0 0.057
343.0 0.069999
344.0 0.073
345.0 0.068999
346.0 0.076
347.0 0.079
348.0 0.078
349.0 0.09
350.0 0.096
351.0 0.111
352.0 0.134
353.0 0.194
354.0 0.252
355.0 0.342
356.0 0.458
357.0 0.643
358.0 0.911999
359.0 1.28
360.0 1.782
361.0 2.444
362.0 3.3
363.0 4.401
364.0 5.716
365.0 7.295
366.0 9.147
367.0 11.288
368.0 13.665
369.0 16.302
370.0 19.111
371.0 22.093
372.0 25.123
373.0 28.149
374.0 31.07
375.0 33.776
376.0 36.266
377.0 38.445
378.0 40.376
379.0 42.113
380.0 43.618
381.0 44.998
382.0 46.333
383.0 47.807
384.0 49.347
385.0 50.816
386.0 52.397
387.0 54.073
388.0 55.82
389.0 57.616
390.0 59.448
391.0 61.263
392.0 62.99
393.0 64.614
394.0 66.092
395.0 67.379
396.0 68.462999
397.0 69.295
398.0 69.904
399.0 70.268
400.0 70.450999
401.0 70.453
402.0 70.301999
403.0 70.074
404.0 69.793
405.0 69.491
406.0 69.194
407.0 68.932
408.0 68.75
409.0 68.63
410.0 68.614
411.0 68.706999
412.0 68.927
413.0 69.230999
414.0 69.649
415.0 70.186
416.0 70.804999
417.0 71.499
418.0 72.276
419.0 73.109
420.0 73.968
421.0 74.874
422.0 75.761
423.0 76.644
424.0 77.486999
425.0 78.224
426.0 78.983999
427.0 79.573
428.0 80.091
429.0 80.474
430.0 80.791
431.0 80.927
432.0 80.959999
433.0 80.92
434.0 80.764
435.0 80.459999
436.0 80.15
437.0 79.730999
438.0 79.267
439.0 78.789
440.0 78.274
441.0 77.759999
442.0 77.223
443.0 76.709999
444.0 76.236999
445.0 75.801
446.0 75.409
447.0 75.062
448.0 74.774
449.0 74.558
450.0 74.399
451.0 74.298
452.0 74.276
453.0 74.316
454.0 74.404
455.0 74.593
456.0 74.821
457.0 75.11
458.0 75.456
459.0 75.853
460.0 76.321
461.0 76.807999
462.0 77.321
463.0 77.887
464.0 78.464999
465.0 79.049
466.0 79.652
467.0 80.258
468.0 80.836
469.0 81.419
470.0 81.996
471.0 82.535
472.0 83.023
473.0 83.462999
474.0 83.875999
475.0 84.225
476.0 84.5
477.0 84.755
478.0 84.949
479.0 85.068999
480.0 85.096999
481.0 85.137
482.0 85.047
483.0 84.926
484.0 84.757
485.0 84.524999
486.0 84.296
487.0 83.958
488.0 83.611999
489.0 83.255
490.0 82.871
491.0 82.465999
492.0 82.063
493.0 81.603
494.0 81.187
495.0 80.77
496.0 80.389
497.0 79.986999
498.0 79.599
499.0 79.247999
500.0 78.925
501.0 78.63
502.0 78.332
503.0 78.097
504.0 77.873
505.0 77.669
506.0 77.527999
507.0 77.429999
508.0 77.361999
509.0 77.328
510.0 77.325999
511.0 77.364
512.0 77.441
513.0 77.548
514.0 77.7
515.0 77.861999
516.0 78.085
517.0 78.302
518.0 78.586999
519.0 78.884
520.0 79.191999
521.0 79.534
522.0 79.906
523.0 80.274
524.0 80.696
525.0 81.093999
526.0 81.506999
527.0 81.92
528.0 82.355999
529.0 82.794
530.0 83.202
531.0 83.65
532.0 84.075
533.0 84.479
534.0 84.884
535.0 85.285
536.0 85.611
537.0 85.958
538.0 86.263
539.0 86.577
540.0 86.815
541.0 87.071
542.0 87.272
543.0 87.467
544.0 87.605
545.0 87.716
546.0 87.78
547.0 87.814
548.0 87.838
549.0 87.807
550.0 87.741
551.0 87.665
552.0 87.536999
553.0 87.383
554.0 87.215
555.0 87.024999
556.0 86.822
557.0 86.569
558.0 86.287
559.0 86.009999
560.0 85.709999
561.0 85.394
562.0 85.074
563.0 84.724
564.0 84.422
565.0 84.092999
566.0 83.776
567.0 83.414999
568.0 83.093999
569.0 82.752
570.0 82.406
571.0 82.116
572.0 81.798
573.0 81.494
574.0 81.217
575.0 80.929
576.0 80.646
577.0 80.401
578.0 80.146
579.0 79.942
580.0 79.730999
581.0 79.545
582.0 79.377
583.0 79.226
584.0 79.102999
585.0 79.003999
586.0 78.920999
587.0 78.864999
588.0 78.806
589.0 78.795
590.0 78.804
591.0 78.822
592.0 78.86
593.0 78.918
594.0 78.980999
595.0 79.078
596.0 79.171
597.0 79.301
598.0 79.427
599.0 79.569999
600.0 79.734
601.0 79.92
602.0 80.111
603.0 80.313
604.0 80.529
605.0 80.753
606.0 80.996
607.0 81.244
608.0 81.492
609.0 81.750999
610.0 82.026
611.0 82.289999
612.0 82.569999
613.0 82.864999
614.0 83.147
615.0 83.449
616.0 83.759
617.0 84.04
618.0 84.326
619.0 84.626
620.0 84.92
621.0 85.185
622.0 85.474
623.0 85.753
624.0 86.026
625.0 86.304999
626.0 86.546
627.0 86.800999
628.0 87.028
629.0 87.252
630.0 87.467
631.0 87.67
632.0 87.842
633.0 88.024
634.0 88.173999
635.0 88.327
636.0 88.461999
637.0 88.589
638.0 88.68
639.0 88.759
640.0 88.831999
641.0 88.888
642.0 88.920999
643.0 88.944
644.0 88.941999
645.0 88.926
646.0 88.92
647.0 88.861
648.0 88.793
649.0 88.705999
650.0 88.621
651.0 88.500999
652.0 88.396
653.0 88.26
654.0 88.121
655.0 87.965999
656.0 87.807999
657.0 87.622
658.0 87.435
659.0 87.252
660.0 87.033
661.0 86.826
662.0 86.619
663.0 86.390999
664.0 86.139
665.0 85.912
666.0 85.679
667.0 85.429999
668.0 85.187
669.0 84.924
670.0 84.688
671.0 84.426999
672.0 84.192
673.0 83.949
674.0 83.686
675.0 83.452
676.0 83.213
677.0 82.976
678.0 82.725
679.0 82.496
680.0 82.283
681.0 82.028
682.0 81.816
683.0 81.601
684.0 81.371
685.0 81.154
686.0 80.950999
687.0 80.782
688.0 80.596999
689.0 80.444
690.0 80.269
691.0 80.125999
692.0 79.974999
693.0 79.813999
694.0 79.688999
695.0 79.568
696.0 79.444999
697.0 79.330999
698.0 79.239
699.0 79.148
700.0 79.071
701.0 78.992999
702.0 78.929
703.0 78.872
704.0 78.821
705.0 78.805
706.0 78.763
707.0 78.744
708.0 78.738
709.0 78.735999
710.0 78.73
711.0 78.755
712.0 78.789
713.0 78.803
714.0 78.829
715.0 78.891
716.0 78.932999
717.0 78.982
718.0 79.061
719.0 79.132
720.0 79.202
721.0 79.28
722.0 79.381999
723.0 79.482
724.0 79.574
725.0 79.702
726.0 79.809
727.0 79.95
728.0 80.061
729.0 80.195
730.0 80.324
731.0 80.469
732.0 80.628999
733.0 80.762999
734.0 80.902
735.0 81.074
736.0 81.23
737.0 81.396999
738.0 81.553
739.0 81.711999
740.0 81.899999
741.0 82.056
742.0 82.227999
743.0 82.411999
744.0 82.555
745.0 82.736
746.0 82.907
747.0 83.079
748.0 83.253999
749.0 83.428
750.0 83.595
751.0 83.783
752.0 83.919
753.0 84.083
754.0 84.255
755.0 84.432
756.0 84.586
757.0 84.738
758.0 84.899
759.0 85.052
760.0 85.193
761.0 85.322
762.0 85.453
763.0 85.611
764.0 85.738
765.0 85.855
766.0 85.971
767.0 86.089
768.0 86.196
769.0 86.297
770.0 86.384
771.0 86.465
772.0 86.556999
773.0 86.64
774.0 86.728
775.0 86.819999
776.0 86.877
777.0 86.953999
778.0 87.012999
779.0 87.075999
780.0 87.105999
781.0 87.11
782.0 87.144
783.0 87.126
784.0 87.114
785.0 87.101
786.0 87.114999
787.0 87.078999
788.0 87.083999
789.0 87.065
790.0 87.032
791.0 87.000999
792.0 86.96
793.0 86.926
794.0 86.869
795.0 86.806
796.0 86.752
797.0 86.703
798.0 86.606
799.0 86.543
800.0 86.447
801.0 86.358999
802.0 86.267
803.0 86.182
804.0 86.074
805.0 85.962999
806.0 85.855
807.0 85.726
808.0 85.598
809.0 85.462999
810.0 85.352999
811.0 85.208
812.0 85.080999
813.0 84.962999
814.0 84.823
815.0 84.652
816.0 84.535
817.0 84.387
818.0 84.226999
819.0 84.089
820.0 83.948
821.0 83.795
822.0 83.647
823.0 83.489999
824.0 83.336
825.0 83.182
826.0 83.013
827.0 82.855
828.0 82.715
829.0 82.533
830.0 82.391
831.0 82.233
832.0 82.077
833.0 81.934
834.0 81.761
835.0 81.617999
836.0 81.479999
837.0 81.313999
838.0 81.164
839.0 81.033
840.0 80.872999
841.0 80.735999
842.0 80.592
843.0 80.444999
844.0 80.305
845.0 80.158
846.0 80.03
847.0 79.896999
848.0 79.78
849.0 79.637999
850.0 79.523
851.0 79.396
852.0 79.276
853.0 79.156
854.0 79.048
855.0 78.915
856.0 78.812
857.0 78.708
858.0 78.63
859.0 78.491999
860.0 78.38
861.0 78.303
862.0 78.215
863.0 78.13
864.0 78.049
865.0 77.980999
866.0 77.861999
867.0 77.803
868.0 77.73
869.0 77.659
870.0 77.608
871.0 77.527999
872.0 77.491
873.0 77.416
874.0 77.373
875.0 77.304
876.0 77.286
877.0 77.214
878.0 77.171
879.0 77.146
880.0 77.1
881.0 77.075
882.0 77.054
883.0 77.032
884.0 77.000999
885.0 77.022
886.0 77.018
887.0 77.000999
888.0 77.013
889.0 77.002
890.0 77.0
891.0 77.021
892.0 77.011
893.0 77.039999
894.0 77.018
895.0 77.047
896.0 77.069
897.0 77.081999
898.0 77.109
899.0 77.151
900.0 77.168
901.0 77.192
902.0 77.224999
903.0 77.222
904.0 77.283
905.0 77.329
906.0 77.346999
907.0 77.4
908.0 77.435
909.0 77.483999
910.0 77.542999
911.0 77.59
912.0 77.631
913.0 77.68
914.0 77.761
915.0 77.819
916.0 77.874
917.0 77.942
918.0 78.007
919.0 78.066
920.0 78.166
921.0 78.232
922.0 78.312
923.0 78.387
924.0 78.497
925.0 78.566999
926.0 78.625
927.0 78.73
928.0 78.794
929.0 78.899
930.0 78.991999
931.0 79.084
932.0 79.19
933.0 79.269
934.0 79.342
935.0 79.447999
936.0 79.536
937.0 79.648
938.0 79.71
939.0 79.834
940.0 79.907
941.0 80.021
942.0 80.123
943.0 80.22
944.0 80.315
945.0 80.408
946.0 80.51
947.0 80.595
948.0 80.705
949.0 80.773
950.0 80.867999
951.0 80.986
952.0 81.084999
953.0 81.171
954.0 81.288
955.0 81.342
956.0 81.457
957.0 81.56
958.0 81.657
959.0 81.747
960.0 81.832
961.0 81.929
962.0 82.036
963.0 82.102
964.0 82.223
965.0 82.303
966.0 82.396
967.0 82.486
968.0 82.59
969.0 82.675
970.0 82.742999
971.0 82.824
972.0 82.905
973.0 82.977999
974.0 83.057
975.0 83.14
976.0 83.218999
977.0 83.292999
978.0 83.339
979.0 83.446
980.0 83.533999
981.0 83.59
982.0 83.679
983.0 83.738
984.0 83.806
985.0 83.88
986.0 83.921
987.0 83.98
988.0 84.048
989.0 84.082
990.0 84.170999
991.0 84.2
992.0 84.265999
993.0 84.292
994.0 84.328
995.0 84.367999
996.0 84.421
997.0 84.47
998.0 84.495
999.0 84.528
1000.0 84.544
1001.0 84.589
1002.0 84.608
1003.0 84.627
1004.0 84.662
1005.0 84.693
1006.0 84.728
1007.0 84.718
1008.0 84.751
1009.0 84.765
1010.0 84.773
1011.0 84.779
1012.0 84.789
1013.0 84.77
1014.0 84.788
1015.0 84.799
1016.0 84.794
1017.0 84.789
1018.0 84.787
1019.0 84.782
1020.0 84.775
1021.0 84.777
1022.0 84.736
1023.0 84.724
1024.0 84.709
1025.0 84.705
1026.0 84.667
1027.0 84.65
1028.0 84.61
1029.0 84.58
1030.0 84.545999
1031.0 84.539
1032.0 84.496
1033.0 84.468
1034.0 84.413
1035.0 84.409
1036.0 84.41
1037.0 84.363999
1038.0 84.263
1039.0 84.241999
1040.0 84.194
1041.0 84.182999
1042.0 84.167
1043.0 84.092
1044.0 84.023
1045.0 83.967
1046.0 83.916
1047.0 83.87
1048.0 83.813999
1049.0 83.759
1050.0 83.712
1051.0 83.584999
1052.0 83.539
1053.0 83.508
1054.0 83.461
1055.0 83.389
1056.0 83.321
1057.0 83.261
1058.0 83.157
1059.0 83.116
1060.0 83.066
1061.0 83.015
1062.0 82.941
1063.0 82.848999
1064.0 82.75
1065.0 82.663
1066.0 82.643999
1067.0 82.605999
1068.0 82.521999
1069.0 82.405
1070.0 82.359
1071.0 82.274
1072.0 82.177
1073.0 82.128
1074.0 82.064
1075.0 82.009
1076.0 81.955999
1077.0 81.798
1078.0 81.733
1079.0 81.636
1080.0 81.567
1081.0 81.549
1082.0 81.489999
1083.0 81.5
1084.0 81.361
1085.0 81.203999
1086.0 81.134
1087.0 81.052
1088.0 80.986999
1089.0 81.009
1090.0 80.878
1091.0 80.852999
1092.0 80.759
1093.0 80.577
1094.0 80.481
1095.0 80.435
1096.0 80.356
1097.0 80.351
1098.0 80.305
1099.0 80.215999
1100.0 80.116
