190.0 0.028
191.0 0.03
192.0 0.011
193.0 0.017
194.0 0.031
195.0 0.024
196.0 0.009
197.0 0.021
198.0 0.019
199.0 0.011
200.0 0.009
201.0 0.008
202.0 0.012
203.0 0.026
204.0 0.01
205.0 0.011
206.0 0.011
207.0 0.013
208.0 0.008
209.0 0.013
210.0 0.014
211.0 0.024
212.0 0.006
213.0 0.01
214.0 0.009
215.0 0.008
216.0 0.006
217.0 0.011
218.0 0.004
219.0 0.025
220.0 0.006
221.0 0.005
222.0 0.005
223.0 0.013
224.0 0.006999
225.0 0.011
226.0 0.011
227.0 0.02
228.0 0.005
229.0 0.009
230.0 0.008
231.0 0.003
232.0 0.009
233.0 0.008
234.0 0.009
235.0 0.016
236.0 0.005
237.0 0.009
238.0 0.002
239.0 0.01
240.0 0.01
241.0 0.005
242.0 0.015
243.0 0.015
244.0 0.01
245.0 0.011
246.0 0.008
247.0 0.011
248.0 0.006999
249.0 0.008
250.0 0.011
251.0 0.018
252.0 0.006999
253.0 0.006
254.0 0.009
255.0 0.004
256.0 0.008
257.0 0.006999
258.0 0.015
259.0 0.024
260.0 0.013
261.0 0.01
262.0 0.015
263.0 0.009
264.0 0.011
265.0 -0.001
266.0 0.01
267.0 0.039
268.0 0.014
269.0 0.006
270.0 0.013
271.0 0.026
272.0 0.022
273.0 0.015
274.0 0.033
275.0 0.042
276.0 0.021
277.0 0.021
278.0 0.013
279.0 0.022
280.0 0.013
281.0 0.01
282.0 0.023
283.0 0.04
284.0 0.01
285.0 0.02
286.0 0.009
287.0 0.014
288.0 0.026
289.0 0.025
290.0 0.028
291.0 0.019
292.0 0.022
293.0 0.013
294.0 0.018
295.0 0.013
296.0 0.021
297.0 0.013
298.0 0.01
299.0 0.035
300.0 0.015
301.0 0.013
302.0 0.017
303.0 0.016
304.0 0.017
305.0 0.014
306.0 0.018
307.0 0.029
308.0 0.009
309.0 0.024
310.0 0.009
311.0 0.027
312.0 0.022
313.0 0.02
314.0 0.016
315.0 0.034
316.0 0.024
317.0 0.021
318.0 0.028
319.0 0.006999
320.0 0.017
321.0 0.026
322.0 0.01
323.0 0.05
324.0 0.027
325.0 0.01
326.0 0.025
327.0 0.063
328.0 0.065
329.0 0.063
330.0 0.053
331.0 0.09
332.0 0.061
333.0 0.053
334.0 0.053
335.0 0.05
336.0 0.051
337.0 0.049
338.0 0.047
339.0 0.064
340.0 0.046
341.0 0.047
342.0 0.053
343.0 0.059
344.0 0.067
345.0 0.069999
346.0 0.096
347.0 0.12
348.0 0.151
349.0 0.192
350.0 0.253
351.0 0.351
352.0 0.467
353.0 0.629
354.0 0.847
355.0 1.131
356.0 1.475
357.0 1.924
358.0 2.491
359.0 3.167
360.0 3.984999
361.0 4.952
362.0 6.079
363.0 7.371
364.0 8.81
365.0 10.429
366.0 12.191
367.0 14.115
368.0 16.131
369.0 18.219
370.0 20.358
371.0 22.515
372.0 24.654
373.0 26.768
374.0 28.828
375.0 30.818
376.0 32.736
377.0 34.605
378.0 36.39
379.0 38.139
380.0 39.769
381.0 41.412
382.0 42.968
383.0 44.563
384.0 46.109
385.0 47.541
386.0 48.906
387.0 50.206
388.0 51.454
389.0 52.632
390.0 53.730999
391.0 54.793
392.0 55.783
393.0 56.714
394.0 57.623
395.0 58.471
396.0 59.289
397.0 60.062
398.0 60.797999
399.0 61.5
400.0 62.158
401.0 62.821
402.0 63.446
403.0 64.031
404.0 64.609
405.0 65.178
406.0 65.712999
407.0 66.214
408.0 66.706
409.0 67.191999
410.0 67.643
411.0 68.066
412.0 68.466
413.0 68.855
414.0 69.237
415.0 69.556
416.0 69.903
417.0 70.228
418.0 70.528
419.0 70.811
420.0 71.05
421.0 71.328
422.0 71.566
423.0 71.81
424.0 72.033
425.0 72.287
426.0 72.485
427.0 72.708
428.0 72.917
429.0 73.146999
430.0 73.345
431.0 73.572999
432.0 73.779
433.0 73.999
434.0 74.205
435.0 74.422
436.0 74.626
437.0 74.829
438.0 75.012
439.0 75.188999
440.0 75.378999
441.0 75.589
442.0 75.768999
443.0 75.939
444.0 76.119
445.0 76.293
446.0 76.437999
447.0 76.581
448.0 76.712999
449.0 76.883
450.0 76.996
451.0 77.117999
452.0 77.224
453.0 77.325
454.0 77.437
455.0 77.55
456.0 77.637
457.0 77.742999
458.0 77.825999
459.0 77.929999
460.0 78.041
461.0 78.125
462.0 78.206
463.0 78.317
464.0 78.424
465.0 78.541
466.0 78.656
467.0 78.766
468.0 78.886
469.0 79.015999
470.0 79.146
471.0 79.286999
472.0 79.41
473.0 79.544
474.0 79.69
475.0 79.824
476.0 79.935
477.0 80.066999
478.0 80.22
479.0 80.347
480.0 80.471
481.0 80.601
482.0 80.700999
483.0 80.825
484.0 80.887
485.0 81.004
486.0 81.096
487.0 81.178
488.0 81.284
489.0 81.339
490.0 81.417
491.0 81.493
492.0 81.54
493.0 81.605999
494.0 81.643
495.0 81.706
496.0 81.753
497.0 81.786999
498.0 81.819
499.0 81.874
500.0 81.919
501.0 81.965
502.0 82.021
503.0 82.051
504.0 82.086
505.0 82.142
506.0 82.194
507.0 82.246
508.0 82.297
509.0 82.360999
510.0 82.426999
511.0 82.501
512.0 82.576
513.0 82.648
514.0 82.715999
515.0 82.799
516.0 82.893
517.0 82.986
518.0 83.048
519.0 83.173
520.0 83.242
521.0 83.354
522.0 83.437
523.0 83.557
524.0 83.628
525.0 83.735
526.0 83.819
527.0 83.905
528.0 83.996
529.0 84.084
530.0 84.17
531.0 84.245
532.0 84.331
533.0 84.39
534.0 84.468
535.0 84.515
536.0 84.584
537.0 84.625
538.0 84.68
539.0 84.706999
540.0 84.744
541.0 84.787
542.0 84.794
543.0 84.828999
544.0 84.857
545.0 84.840999
546.0 84.861
547.0 84.881
548.0 84.863
549.0 84.858999
550.0 84.851
551.0 84.843999
552.0 84.840999
553.0 84.807999
554.0 84.819
555.0 84.8
556.0 84.794
557.0 84.787
558.0 84.767
559.0 84.785
560.0 84.753999
561.0 84.756
562.0 84.77
563.0 84.749
564.0 84.765
565.0 84.775
566.0 84.8
567.0 84.807999
568.0 84.828
569.0 84.828
570.0 84.873
571.0 84.887999
572.0 84.925
573.0 84.949
574.0 85.001
575.0 85.015
576.0 85.068
577.0 85.119
578.0 85.166
579.0 85.204
580.0 85.280999
581.0 85.316999
582.0 85.385
583.0 85.428
584.0 85.496
585.0 85.553
586.0 85.637
587.0 85.689
588.0 85.774
589.0 85.843
590.0 85.922
591.0 85.979
592.0 86.045
593.0 86.102999
594.0 86.169
595.0 86.228
596.0 86.271
597.0 86.319
598.0 86.362
599.0 86.41
600.0 86.441
601.0 86.47
602.0 86.492999
603.0 86.512
604.0 86.527
605.0 86.556
606.0 86.559
607.0 86.551999
608.0 86.554
609.0 86.563
610.0 86.545
611.0 86.531
612.0 86.515
613.0 86.496
614.0 86.485
615.0 86.46
616.0 86.421
617.0 86.390999
618.0 86.354
619.0 86.331999
620.0 86.280999
621.0 86.249
622.0 86.204
623.0 86.166
624.0 86.123
625.0 86.072
626.0 86.038
627.0 86.002
628.0 85.953999
629.0 85.917
630.0 85.882
631.0 85.842
632.0 85.8
633.0 85.777999
634.0 85.728
635.0 85.697999
636.0 85.670999
637.0 85.645
638.0 85.614999
639.0 85.586
640.0 85.577
641.0 85.560999
642.0 85.533
643.0 85.536999
644.0 85.52
645.0 85.505
646.0 85.507
647.0 85.497
648.0 85.504
649.0 85.485999
650.0 85.516
651.0 85.514
652.0 85.529
653.0 85.539
654.0 85.533999
655.0 85.57
656.0 85.572
657.0 85.587
658.0 85.627
659.0 85.636
660.0 85.642
661.0 85.673
662.0 85.693
663.0 85.718
664.0 85.721999
665.0 85.787
666.0 85.792
667.0 85.819
668.0 85.834999
669.0 85.855
670.0 85.88
671.0 85.914
672.0 85.905
673.0 85.933
674.0 85.977999
675.0 85.979
676.0 86.02
677.0 85.995
678.0 86.032
679.0 86.035
680.0 86.038
681.0 86.048999
682.0 86.046
683.0 86.089
684.0 86.018
685.0 86.009
686.0 86.007
687.0 85.996
688.0 85.994
689.0 85.988
690.0 85.98
691.0 85.968
692.0 85.948
693.0 85.938
694.0 85.899
695.0 85.89
696.0 85.879
697.0 85.838
698.0 85.807999
699.0 85.787
700.0 85.744
701.0 85.721999
702.0 85.68
703.0 85.643
704.0 85.599
705.0 85.56
706.0 85.523
707.0 85.483
708.0 85.435
709.0 85.394
710.0 85.351999
711.0 85.31
712.0 85.261
713.0 85.213
714.0 85.165
715.0 85.13
716.0 85.078
717.0 85.031
718.0 84.986999
719.0 84.949
720.0 84.916
721.0 84.872
722.0 84.816999
723.0 84.777999
724.0 84.747
725.0 84.692
726.0 84.663
727.0 84.628
728.0 84.592
729.0 84.560999
730.0 84.529
731.0 84.499
732.0 84.462
733.0 84.441
734.0 84.408
735.0 84.381
736.0 84.367
737.0 84.331999
738.0 84.318
739.0 84.301999
740.0 84.277999
741.0 84.273
742.0 84.252
743.0 84.238
744.0 84.242999
745.0 84.223
746.0 84.233999
747.0 84.221999
748.0 84.208
749.0 84.213
750.0 84.218999
751.0 84.202999
752.0 84.218
753.0 84.214
754.0 84.233999
755.0 84.216
756.0 84.224
757.0 84.221
758.0 84.233
759.0 84.256
760.0 84.275
761.0 84.265999
762.0 84.271
763.0 84.287
764.0 84.298
765.0 84.292999
766.0 84.319
767.0 84.301999
768.0 84.316
769.0 84.323
770.0 84.345
771.0 84.352
772.0 84.367999
773.0 84.402999
774.0 84.399999
775.0 84.419
776.0 84.423
777.0 84.432
778.0 84.457
779.0 84.474999
780.0 84.506
781.0 84.497999
782.0 84.472
783.0 84.462
784.0 84.461
785.0 84.450999
786.0 84.426999
787.0 84.433
788.0 84.444
789.0 84.438
790.0 84.433
791.0 84.429
792.0 84.433
793.0 84.406
794.0 84.399999
795.0 84.367999
796.0 84.348999
797.0 84.326
798.0 84.301999
799.0 84.289
800.0 84.26
801.0 84.241999
802.0 84.212
803.0 84.192
804.0 84.158999
805.0 84.137
806.0 84.096
807.0 84.080999
808.0 84.038
809.0 84.001
810.0 83.973
811.0 83.914999
812.0 83.875
813.0 83.83
814.0 83.789
815.0 83.741
816.0 83.709999
817.0 83.649
818.0 83.602
819.0 83.56
820.0 83.494
821.0 83.449
822.0 83.394
823.0 83.343
824.0 83.277
825.0 83.223
826.0 83.162
827.0 83.101
828.0 83.053999
829.0 83.008
830.0 82.938999
831.0 82.882
832.0 82.816999
833.0 82.772
834.0 82.698
835.0 82.65
836.0 82.586
837.0 82.533
838.0 82.476
839.0 82.428
840.0 82.351
841.0 82.294
842.0 82.244
843.0 82.194
844.0 82.135
845.0 82.089
846.0 82.033999
847.0 81.979
848.0 81.919
849.0 81.875
850.0 81.849999
851.0 81.783
852.0 81.736
853.0 81.681
854.0 81.649
855.0 81.599
856.0 81.559
857.0 81.532
858.0 81.498
859.0 81.44
860.0 81.407
861.0 81.366
862.0 81.347
863.0 81.321
864.0 81.284
865.0 81.25
866.0 81.233
867.0 81.209
868.0 81.179999
869.0 81.166
870.0 81.116
871.0 81.123
872.0 81.108999
873.0 81.086
874.0 81.075
875.0 81.061
876.0 81.033999
877.0 81.041
878.0 81.023
879.0 81.006999
880.0 81.008
881.0 80.994999
882.0 80.989
883.0 80.988
884.0 81.008
885.0 81.017
886.0 81.001
887.0 81.023
888.0 81.042
889.0 81.035
890.0 81.044
891.0 81.074
892.0 81.079
893.0 81.092
894.0 81.095
895.0 81.101
896.0 81.116999
897.0 81.136
898.0 81.15
899.0 81.183
900.0 81.178
901.0 81.198
902.0 81.209
903.0 81.223999
904.0 81.235
905.0 81.254
906.0 81.268
907.0 81.281
908.0 81.301999
909.0 81.328
910.0 81.352
911.0 81.369
912.0 81.39
913.0 81.419
914.0 81.434
915.0 81.481
916.0 81.485
917.0 81.52
918.0 81.557999
919.0 81.564
920.0 81.605
921.0 81.619
922.0 81.664
923.0 81.658
924.0 81.652999
925.0 81.717
926.0 81.72
927.0 81.75
928.0 81.753
929.0 81.776
930.0 81.795
931.0 81.801
932.0 81.804
933.0 81.843
934.0 81.848
935.0 81.84
936.0 81.852
937.0 81.854
938.0 81.869
939.0 81.87
940.0 81.875
941.0 81.884
942.0 81.871
943.0 81.867999
944.0 81.854
945.0 81.858
946.0 81.858
947.0 81.847
948.0 81.828
949.0 81.813999
950.0 81.82
951.0 81.828999
952.0 81.821999
953.0 81.815
954.0 81.788
955.0 81.786999
956.0 81.757
957.0 81.756
958.0 81.736
959.0 81.715999
960.0 81.69
961.0 81.675
962.0 81.661
963.0 81.617999
964.0 81.596
965.0 81.572999
966.0 81.527
967.0 81.505
968.0 81.488
969.0 81.447999
970.0 81.427
971.0 81.367999
972.0 81.347
973.0 81.312
974.0 81.264
975.0 81.229
976.0 81.188999
977.0 81.151
978.0 81.091
979.0 81.041
980.0 81.051
981.0 81.033999
982.0 80.999
983.0 80.953
984.0 80.892
985.0 80.857
986.0 80.791
987.0 80.764
988.0 80.694999
989.0 80.621
990.0 80.576
991.0 80.524
992.0 80.474999
993.0 80.415
994.0 80.366
995.0 80.325999
996.0 80.268
997.0 80.217
998.0 80.146
999.0 80.081
1000.0 80.033
1001.0 79.976
1002.0 79.925
1003.0 79.864999
1004.0 79.804
1005.0 79.73
1006.0 79.697
1007.0 79.627
1008.0 79.557999
1009.0 79.506
1010.0 79.443
1011.0 79.38
1012.0 79.334
1013.0 79.268
1014.0 79.200999
1015.0 79.137
1016.0 79.06
1017.0 79.009
1018.0 78.940999
1019.0 78.869
1020.0 78.822999
1021.0 78.747
1022.0 78.702
1023.0 78.654
1024.0 78.566999
1025.0 78.548
1026.0 78.486999
1027.0 78.422
1028.0 78.369
1029.0 78.316
1030.0 78.247
1031.0 78.203999
1032.0 78.133
1033.0 78.090999
1034.0 78.037
1035.0 77.976999
1036.0 77.905999
1037.0 77.896
1038.0 77.827
1039.0 77.773
1040.0 77.705
1041.0 77.637
1042.0 77.588
1043.0 77.542
1044.0 77.501
1045.0 77.436
1046.0 77.422
1047.0 77.372
1048.0 77.29
1049.0 77.291
1050.0 77.242999
1051.0 77.209
1052.0 77.157
1053.0 77.121
1054.0 77.083
1055.0 77.042999
1056.0 76.995
1057.0 76.958
1058.0 76.913
1059.0 76.898
1060.0 76.852
1061.0 76.812
1062.0 76.758
1063.0 76.744999
1064.0 76.712
1065.0 76.693
1066.0 76.639
1067.0 76.624
1068.0 76.598
1069.0 76.583
1070.0 76.519
1071.0 76.531
1072.0 76.507
1073.0 76.464
1074.0 76.453
1075.0 76.423
1076.0 76.393
1077.0 76.377
1078.0 76.377
1079.0 76.329
1080.0 76.337
1081.0 76.287
1082.0 76.261
1083.0 76.227
1084.0 76.227
1085.0 76.17
1086.0 76.184
1087.0 76.207
1088.0 76.119
1089.0 76.122
1090.0 76.099999
1091.0 76.101
1092.0 76.137
1093.0 76.121
1094.0 76.089
1095.0 76.099
1096.0 76.071
1097.0 76.019
1098.0 76.039999
1099.0 76.086
1100.0 76.074
