190.0 0.089
191.0 0.113
192.0 0.067
193.0 0.061
194.0 0.08
195.0 0.09
196.0 0.051
197.0 0.035
198.0 0.041
199.0 0.045
200.0 0.057
201.0 0.055999
202.0 0.042
203.0 0.046
204.0 0.028
205.0 0.027
206.0 0.032
207.0 0.047
208.0 0.027
209.0 0.039
210.0 0.034
211.0 0.039
212.0 0.023
213.0 0.028
214.0 0.034
215.0 0.04
216.0 0.036
217.0 0.038
218.0 0.038
219.0 0.027
220.0 0.041
221.0 0.025
222.0 0.028
223.0 0.028
224.0 0.029
225.0 0.035
226.0 0.032
227.0 0.043
228.0 0.024
229.0 0.02
230.0 0.024
231.0 0.031
232.0 0.018
233.0 0.03
234.0 0.028
235.0 0.029
236.0 0.021
237.0 0.031
238.0 0.026
239.0 0.029
240.0 0.019
241.0 0.024
242.0 0.023
243.0 0.051
244.0 0.047
245.0 0.031
246.0 0.029
247.0 0.02
248.0 0.021
249.0 0.031
250.0 0.036
251.0 0.048
252.0 0.03
253.0 0.021
254.0 0.025
255.0 0.03
256.0 0.035
257.0 0.05
258.0 0.041
259.0 0.082
260.0 0.032
261.0 0.04
262.0 0.042
263.0 0.047
264.0 0.029
265.0 0.027
266.0 0.04
267.0 0.061
268.0 0.063
269.0 0.036
270.0 0.052
271.0 0.067
272.0 0.041
273.0 0.041
274.0 0.045
275.0 0.080999
276.0 0.038
277.0 0.045
278.0 0.066
279.0 0.055999
280.0 0.04
281.0 0.055999
282.0 0.046
283.0 0.076
284.0 0.046
285.0 0.03
286.0 0.064
287.0 0.036
288.0 0.044
289.0 0.048
290.0 0.061
291.0 0.086999
292.0 0.027
293.0 0.073
294.0 0.028
295.0 0.052
296.0 0.053
297.0 0.049
298.0 0.08
299.0 0.091
300.0 0.052
301.0 0.03
302.0 0.061
303.0 0.059
304.0 0.054
305.0 0.047
306.0 0.058
307.0 0.09
308.0 0.073
309.0 0.038
310.0 0.055
311.0 0.065
312.0 0.051
313.0 0.055
314.0 0.083
315.0 0.116
316.0 0.101
317.0 0.037
318.0 0.084999
319.0 0.055999
320.0 0.066
321.0 0.082
322.0 0.09
323.0 0.084
324.0 0.055999
325.0 0.075
326.0 0.075
327.0 0.363
328.0 0.348
329.0 0.35
330.0 0.315
331.0 0.366
332.0 0.332
333.0 0.308
334.0 0.313
335.0 0.304
336.0 0.299
337.0 0.276
338.0 0.256
339.0 0.285
340.0 0.243
341.0 0.231
342.0 0.237
343.0 0.231
344.0 0.229
345.0 0.221
346.0 0.216
347.0 0.212
348.0 0.2
349.0 0.208
350.0 0.213
351.0 0.222
352.0 0.233
353.0 0.264
354.0 0.288
355.0 0.351
356.0 0.425
357.0 0.536
358.0 0.704
359.0 0.932999
360.0 1.237
361.0 1.62
362.0 2.158
363.0 2.833
364.0 3.643
365.0 4.661
366.0 5.894
367.0 7.308
368.0 8.924999
369.0 10.679
370.0 12.561
371.0 14.506
372.0 16.496
373.0 18.517
374.0 20.585
375.0 22.673
376.0 24.801
377.0 26.934
378.0 29.094
379.0 31.183
380.0 33.206
381.0 35.106
382.0 36.845
383.0 38.261
384.0 39.518
385.0 40.61
386.0 41.555
387.0 42.408
388.0 43.189
389.0 43.916
390.0 44.649
391.0 45.436
392.0 46.236
393.0 47.124
394.0 48.085
395.0 49.098
396.0 50.18
397.0 51.29
398.0 52.459999
399.0 53.592
400.0 54.688
401.0 55.691
402.0 56.599999
403.0 57.367
404.0 58.003
405.0 58.529
406.0 58.903
407.0 59.148999
408.0 59.279
409.0 59.288
410.0 59.249
411.0 59.132
412.0 58.998
413.0 58.863
414.0 58.719
415.0 58.635
416.0 58.606
417.0 58.613
418.0 58.688
419.0 58.838
420.0 59.043
421.0 59.456
422.0 59.829
423.0 60.212
424.0 60.712
425.0 61.238
426.0 61.818
427.0 62.425
428.0 63.035
429.0 63.678
430.0 64.255
431.0 64.822999
432.0 65.361999
433.0 65.822999
434.0 66.258
435.0 66.588
436.0 66.861
437.0 67.039
438.0 67.173
439.0 67.239999
440.0 67.199
441.0 67.136
442.0 66.986
443.0 66.818999
444.0 66.58
445.0 66.327
446.0 66.077
447.0 65.804
448.0 65.557
449.0 65.332
450.0 65.088
451.0 64.904
452.0 64.736999
453.0 64.632
454.0 64.549
455.0 64.505
456.0 64.505
457.0 64.55
458.0 64.664
459.0 64.795
460.0 65.012
461.0 65.254
462.0 65.533
463.0 65.858999
464.0 66.188999
465.0 66.583
466.0 67.006
467.0 67.432999
468.0 67.861
469.0 68.292
470.0 68.733
471.0 69.178
472.0 69.615
473.0 70.041
474.0 70.417
475.0 70.784
476.0 71.126
477.0 71.413
478.0 71.654
479.0 71.827
480.0 71.997
481.0 72.106
482.0 72.197999
483.0 72.209999
484.0 72.214
485.0 72.155999
486.0 72.072
487.0 71.935
488.0 71.796
489.0 71.619999
490.0 71.423999
491.0 71.221
492.0 71.013
493.0 70.772
494.0 70.566
495.0 70.363
496.0 70.137
497.0 69.952
498.0 69.767
499.0 69.583
500.0 69.447999
501.0 69.323
502.0 69.227999
503.0 69.157
504.0 69.095
505.0 69.089
506.0 69.105
507.0 69.140999
508.0 69.214
509.0 69.319
510.0 69.432
511.0 69.604999
512.0 69.781
513.0 69.998
514.0 70.217
515.0 70.468
516.0 70.752
517.0 71.044
518.0 71.323
519.0 71.655
520.0 71.989
521.0 72.336
522.0 72.688
523.0 73.029
524.0 73.389
525.0 73.721999
526.0 74.062
527.0 74.39
528.0 74.703
529.0 75.018
530.0 75.307999
531.0 75.590999
532.0 75.837
533.0 76.062
534.0 76.243
535.0 76.446
536.0 76.589
537.0 76.714
538.0 76.802
539.0 76.858
540.0 76.9
541.0 76.917
542.0 76.905999
543.0 76.868
544.0 76.8
545.0 76.709
546.0 76.599999
547.0 76.453999
548.0 76.313
549.0 76.137999
550.0 75.958
551.0 75.759
552.0 75.565
553.0 75.36
554.0 75.141
555.0 74.944
556.0 74.723
557.0 74.529
558.0 74.307
559.0 74.090999
560.0 73.92
561.0 73.709
562.0 73.526
563.0 73.37
564.0 73.22
565.0 73.087
566.0 72.946
567.0 72.833
568.0 72.745
569.0 72.662
570.0 72.605
571.0 72.559
572.0 72.514
573.0 72.527
574.0 72.531
575.0 72.558
576.0 72.579
577.0 72.668
578.0 72.716
579.0 72.8
580.0 72.908
581.0 73.024
582.0 73.176
583.0 73.336
584.0 73.509
585.0 73.689
586.0 73.92
587.0 74.14
588.0 74.394
589.0 74.639
590.0 74.917
591.0 75.195
592.0 75.456
593.0 75.741
594.0 76.022
595.0 76.293
596.0 76.577
597.0 76.852
598.0 77.128
599.0 77.403
600.0 77.658
601.0 77.914
602.0 78.164
603.0 78.393
604.0 78.622
605.0 78.842
606.0 79.038
607.0 79.238
608.0 79.402
609.0 79.573
610.0 79.712
611.0 79.859
612.0 79.976
613.0 80.059
614.0 80.139
615.0 80.215999
616.0 80.267
617.0 80.295
618.0 80.322
619.0 80.319
620.0 80.308
621.0 80.262
622.0 80.230999
623.0 80.157
624.0 80.101
625.0 80.013
626.0 79.903
627.0 79.803
628.0 79.655
629.0 79.527999
630.0 79.393999
631.0 79.242
632.0 79.09
633.0 78.932
634.0 78.747
635.0 78.576
636.0 78.389
637.0 78.207
638.0 78.019
639.0 77.821
640.0 77.641
641.0 77.458
642.0 77.264
643.0 77.09
644.0 76.895
645.0 76.739
646.0 76.557
647.0 76.389
648.0 76.221
649.0 76.059
650.0 75.901
651.0 75.764
652.0 75.626
653.0 75.503
654.0 75.381
655.0 75.266
656.0 75.172
657.0 75.074
658.0 74.989999
659.0 74.926999
660.0 74.851999
661.0 74.803
662.0 74.716
663.0 74.682999
664.0 74.67
665.0 74.645
666.0 74.634999
667.0 74.63
668.0 74.667
669.0 74.692
670.0 74.724999
671.0 74.754
672.0 74.836
673.0 74.893
674.0 74.967
675.0 75.045
676.0 75.136
677.0 75.216
678.0 75.331
679.0 75.468
680.0 75.566999
681.0 75.700999
682.0 75.838
683.0 75.975
684.0 76.117
685.0 76.256999
686.0 76.423
687.0 76.587999
688.0 76.771999
689.0 76.937
690.0 77.117
691.0 77.303
692.0 77.473
693.0 77.661
694.0 77.866
695.0 78.056
696.0 78.263
697.0 78.437
698.0 78.628
699.0 78.822
700.0 79.011
701.0 79.202
702.0 79.384999
703.0 79.551
704.0 79.735999
705.0 79.91
706.0 80.08
707.0 80.244
708.0 80.406
709.0 80.56
710.0 80.718
711.0 80.843
712.0 80.983999
713.0 81.122
714.0 81.232
715.0 81.337
716.0 81.444
717.0 81.560999
718.0 81.64
719.0 81.726
720.0 81.801
721.0 81.86
722.0 81.907
723.0 81.965
724.0 82.02
725.0 82.024
726.0 82.042
727.0 82.053
728.0 82.064
729.0 82.06
730.0 82.05
731.0 82.03
732.0 81.989999
733.0 81.962
734.0 81.913
735.0 81.840999
736.0 81.774999
737.0 81.714
738.0 81.657
739.0 81.562
740.0 81.479999
741.0 81.37
742.0 81.262
743.0 81.173
744.0 81.065
745.0 80.965
746.0 80.833999
747.0 80.723999
748.0 80.595
749.0 80.459999
750.0 80.32
751.0 80.188
752.0 80.051
753.0 79.915
754.0 79.762
755.0 79.624
756.0 79.466
757.0 79.318999
758.0 79.175
759.0 79.037
760.0 78.876
761.0 78.734
762.0 78.592
763.0 78.447
764.0 78.285
765.0 78.137
766.0 77.988
767.0 77.837
768.0 77.685
769.0 77.542
770.0 77.414
771.0 77.271
772.0 77.178
773.0 77.057
774.0 76.949
775.0 76.854
776.0 76.761
777.0 76.659
778.0 76.59
779.0 76.534
780.0 76.464
781.0 76.333
782.0 76.252
783.0 76.113
784.0 76.027
785.0 75.899
786.0 75.81
787.0 75.777
788.0 75.697999
789.0 75.669
790.0 75.61
791.0 75.566999
792.0 75.536
793.0 75.500999
794.0 75.492
795.0 75.491
796.0 75.464
797.0 75.439
798.0 75.453999
799.0 75.422
800.0 75.444
801.0 75.471999
802.0 75.467
803.0 75.488999
804.0 75.514
805.0 75.527999
806.0 75.563
807.0 75.607
808.0 75.646999
809.0 75.685999
810.0 75.735
811.0 75.792
812.0 75.863
813.0 75.921
814.0 75.980999
815.0 76.049
816.0 76.105
817.0 76.2
818.0 76.277
819.0 76.346999
820.0 76.443
821.0 76.529
822.0 76.617
823.0 76.699
824.0 76.817
825.0 76.924
826.0 77.035
827.0 77.139
828.0 77.232999
829.0 77.37
830.0 77.475
831.0 77.598
832.0 77.705
833.0 77.837999
834.0 77.956999
835.0 78.066999
836.0 78.176999
837.0 78.322999
838.0 78.462
839.0 78.589
840.0 78.69
841.0 78.822
842.0 78.958
843.0 79.081999
844.0 79.218999
845.0 79.336
846.0 79.466
847.0 79.593
848.0 79.73
849.0 79.849
850.0 79.962
851.0 80.105999
852.0 80.205
853.0 80.345999
854.0 80.454
855.0 80.598
856.0 80.691999
857.0 80.804
858.0 80.92
859.0 81.018999
860.0 81.127
861.0 81.218
862.0 81.335
863.0 81.431
864.0 81.524
865.0 81.611999
866.0 81.71
867.0 81.807
868.0 81.882
869.0 81.971999
870.0 82.048
871.0 82.128
872.0 82.198
873.0 82.255
874.0 82.339
875.0 82.372
876.0 82.462
877.0 82.489
878.0 82.538
879.0 82.548
880.0 82.58
881.0 82.595
882.0 82.652999
883.0 82.698
884.0 82.741
885.0 82.774
886.0 82.807
887.0 82.823
888.0 82.857
889.0 82.89
890.0 82.872999
891.0 82.878
892.0 82.872
893.0 82.875
894.0 82.871
895.0 82.872999
896.0 82.837999
897.0 82.824
898.0 82.798
899.0 82.765
900.0 82.732
901.0 82.687999
902.0 82.652
903.0 82.596999
904.0 82.533
905.0 82.458
906.0 82.416
907.0 82.354
908.0 82.289
909.0 82.215
910.0 82.163
911.0 82.072
912.0 82.01
913.0 81.914
914.0 81.842
915.0 81.794
916.0 81.696
917.0 81.638
918.0 81.584
919.0 81.502
920.0 81.438999
921.0 81.355999
922.0 81.273
923.0 81.171
924.0 81.108999
925.0 81.03
926.0 80.942
927.0 80.864
928.0 80.774999
929.0 80.683
930.0 80.599
931.0 80.497
932.0 80.416
933.0 80.312
934.0 80.225
935.0 80.133
936.0 80.027
937.0 79.932999
938.0 79.848
939.0 79.755
940.0 79.656
941.0 79.545
942.0 79.423999
943.0 79.346
944.0 79.245
945.0 79.128
946.0 79.046
947.0 78.952
948.0 78.857
949.0 78.798999
950.0 78.69
951.0 78.63
952.0 78.549
953.0 78.441
954.0 78.385
955.0 78.286999
956.0 78.197
957.0 78.117999
958.0 78.035
959.0 77.951
960.0 77.889
961.0 77.803
962.0 77.732
963.0 77.681
964.0 77.6
965.0 77.494
966.0 77.449
967.0 77.374
968.0 77.333
969.0 77.259999
970.0 77.208
971.0 77.171
972.0 77.08
973.0 77.034
974.0 76.959
975.0 76.919
976.0 76.858
977.0 76.803999
978.0 76.755
979.0 76.734
980.0 76.758
981.0 76.739
982.0 76.697999
983.0 76.67
984.0 76.612
985.0 76.575
986.0 76.544
987.0 76.511
988.0 76.503
989.0 76.471
990.0 76.436
991.0 76.432999
992.0 76.435
993.0 76.384
994.0 76.390999
995.0 76.417
996.0 76.384
997.0 76.37
998.0 76.373
999.0 76.368
1000.0 76.355999
1001.0 76.384
1002.0 76.369
1003.0 76.383
1004.0 76.388
1005.0 76.398
1006.0 76.402999
1007.0 76.408
1008.0 76.441
1009.0 76.465999
1010.0 76.431
1011.0 76.476
1012.0 76.502
1013.0 76.523
1014.0 76.522
1015.0 76.535
1016.0 76.585
1017.0 76.617
1018.0 76.644
1019.0 76.671
1020.0 76.702
1021.0 76.751
1022.0 76.801
1023.0 76.819
1024.0 76.885
1025.0 76.902
1026.0 76.959999
1027.0 76.982
1028.0 77.013
1029.0 77.093999
1030.0 77.158
1031.0 77.197
1032.0 77.224
1033.0 77.271999
1034.0 77.345
1035.0 77.39
1036.0 77.447999
1037.0 77.488
1038.0 77.566
1039.0 77.639
1040.0 77.669
1041.0 77.684
1042.0 77.79
1043.0 77.81
1044.0 77.872
1045.0 77.952
1046.0 77.997
1047.0 78.105
1048.0 78.157
1049.0 78.217
1050.0 78.25
1051.0 78.322
1052.0 78.392
1053.0 78.49
1054.0 78.593999
1055.0 78.593999
1056.0 78.667
1057.0 78.718999
1058.0 78.782
1059.0 78.915
1060.0 78.931
1061.0 78.983999
1062.0 79.059
1063.0 79.081999
1064.0 79.185
1065.0 79.283999
1066.0 79.366
1067.0 79.427
1068.0 79.456
1069.0 79.542999
1070.0 79.64
1071.0 79.674
1072.0 79.785
1073.0 79.768
1074.0 79.843
1075.0 79.927
1076.0 80.034
1077.0 80.057999
1078.0 80.179
1079.0 80.283
1080.0 80.242
1081.0 80.295
1082.0 80.351
1083.0 80.502
1084.0 80.477
1085.0 80.652
1086.0 80.628
1087.0 80.581
1088.0 80.755
1089.0 80.733
1090.0 80.837999
1091.0 80.962999
1092.0 80.962999
1093.0 81.006999
1094.0 81.01
1095.0 81.076
1096.0 81.081999
1097.0 81.215999
1098.0 81.249
1099.0 81.283
1100.0 81.316
