190.0 0.049
191.0 0.086999
192.0 0.005
193.0 0.036
194.0 0.037
195.0 0.048
196.0 0.018
197.0 0.034
198.0 0.032
199.0 0.02
200.0 0.031
201.0 0.037
202.0 0.039
203.0 0.041
204.0 0.022
205.0 0.017
206.0 0.006999
207.0 0.021
208.0 0.015
209.0 0.018
210.0 0.021
211.0 0.028
212.0 0.022
213.0 0.006999
214.0 0.009
215.0 0.005
216.0 0.003
217.0 0.022
218.0 0.036
219.0 0.03
220.0 0.011
221.0 0.014
222.0 0.022
223.0 0.021
224.0 -0.004
225.0 0.014
226.0 0.014
227.0 0.034
228.0 0.01
229.0 0.026
230.0 0.01
231.0 0.02
232.0 0.009
233.0 0.011
234.0 0.015
235.0 0.027
236.0 0.006999
237.0 0.013
238.0 0.006999
239.0 0.013
240.0 0.009
241.0 0.005
242.0 0.018
243.0 0.014
244.0 0.011
245.0 0.011
246.0 0.009
247.0 0.013
248.0 0.012
249.0 0.012
250.0 0.016
251.0 0.024
252.0 0.013
253.0 0.001
254.0 -0.001
255.0 0.011
256.0 0.014
257.0 0.02
258.0 0.011
259.0 0.042
260.0 0.015
261.0 0.011
262.0 0.028
263.0 0.017
264.0 0.04
265.0 0.017
266.0 0.017
267.0 0.035
268.0 0.021
269.0 0.0
270.0 0.011
271.0 0.03
272.0 0.015
273.0 0.015
274.0 0.012
275.0 0.03
276.0 0.04
277.0 0.02
278.0 0.02
279.0 0.014
280.0 0.035
281.0 0.015
282.0 0.025
283.0 0.063
284.0 0.029
285.0 0.03
286.0 0.021
287.0 0.023
288.0 0.025
289.0 0.015
290.0 0.039
291.0 0.018
292.0 0.028
293.0 0.03
294.0 0.027
295.0 0.03
296.0 0.004
297.0 0.015
298.0 0.025
299.0 0.046
300.0 0.022
301.0 0.029
302.0 0.024
303.0 0.02
304.0 0.026
305.0 0.01
306.0 0.04
307.0 0.037
308.0 0.038
309.0 0.037
310.0 0.004
311.0 0.035
312.0 0.02
313.0 0.033
314.0 0.016
315.0 0.03
316.0 0.035
317.0 0.039
318.0 0.036
319.0 0.04
320.0 0.064
321.0 0.029
322.0 0.016
323.0 0.077
324.0 0.037
325.0 0.041
326.0 0.02
327.0 0.05
328.0 0.049
329.0 0.054
330.0 0.052
331.0 0.077
332.0 0.065
333.0 0.04
334.0 0.043
335.0 0.055
336.0 0.052
337.0 0.046
338.0 0.051
339.0 0.076
340.0 0.036
341.0 0.038
342.0 0.049
343.0 0.024
344.0 0.036
345.0 0.034
346.0 0.034
347.0 0.053
348.0 0.026
349.0 0.032
350.0 0.032
351.0 0.027
352.0 0.044
353.0 0.035
354.0 0.027
355.0 0.049
356.0 0.029
357.0 0.033
358.0 0.039
359.0 0.048
360.0 0.068
361.0 0.089
362.0 0.138
363.0 0.232
364.0 0.336
365.0 0.529
366.0 0.799
367.0 1.195
368.0 1.747
369.0 2.482
370.0 3.392
371.0 4.547
372.0 5.879
373.0 7.434
374.0 9.217
375.0 11.142
376.0 13.177
377.0 15.228
378.0 17.272
379.0 19.231
380.0 21.163
381.0 23.097
382.0 25.175
383.0 27.566
384.0 30.16
385.0 32.775
386.0 35.441
387.0 38.01
388.0 40.294
389.0 42.191
390.0 43.617
391.0 44.673
392.0 45.452
393.0 46.167
394.0 46.956
395.0 47.967
396.0 49.27
397.0 50.929
398.0 52.902
399.0 55.087
400.0 57.377999
401.0 59.578
402.0 61.501
403.0 63.024
404.0 64.047
405.0 64.544
406.0 64.526
407.0 64.17
408.0 63.569
409.0 62.936
410.0 62.395999
411.0 62.102
412.0 62.068
413.0 62.41
414.0 63.066
415.0 64.083
416.0 65.378
417.0 66.955
418.0 68.669
419.0 70.406
420.0 72.063999
421.0 73.558
422.0 74.676
423.0 75.412
424.0 75.756
425.0 75.714
426.0 75.232
427.0 74.465999
428.0 73.492999
429.0 72.468999
430.0 71.434
431.0 70.497
432.0 69.745
433.0 69.211
434.0 68.942
435.0 68.922
436.0 69.187
437.0 69.74
438.0 70.529
439.0 71.528
440.0 72.693
441.0 73.987
442.0 75.322999
443.0 76.643
444.0 77.91
445.0 79.054999
446.0 79.919
447.0 80.506999
448.0 80.821
449.0 80.813
450.0 80.547
451.0 79.998
452.0 79.255
453.0 78.372
454.0 77.389
455.0 76.349
456.0 75.343
457.0 74.417
458.0 73.609
459.0 72.935
460.0 72.458
461.0 72.179
462.0 72.060999
463.0 72.17
464.0 72.450999
465.0 72.922
466.0 73.575
467.0 74.365
468.0 75.287
469.0 76.294
470.0 77.366999
471.0 78.420999
472.0 79.491999
473.0 80.53
474.0 81.474
475.0 82.250999
476.0 82.886
477.0 83.35
478.0 83.564
479.0 83.607
480.0 83.441
481.0 83.084999
482.0 82.596
483.0 81.942
484.0 81.218999
485.0 80.396999
486.0 79.524
487.0 78.627
488.0 77.803
489.0 77.005
490.0 76.313
491.0 75.705
492.0 75.203
493.0 74.846999
494.0 74.605999
495.0 74.494
496.0 74.511
497.0 74.679
498.0 74.985
499.0 75.388
500.0 75.899
501.0 76.546
502.0 77.248
503.0 78.034
504.0 78.898
505.0 79.777
506.0 80.651
507.0 81.548
508.0 82.364
509.0 83.16
510.0 83.862
511.0 84.484
512.0 85.006
513.0 85.394
514.0 85.639
515.0 85.761
516.0 85.723
517.0 85.567
518.0 85.295
519.0 84.858999
520.0 84.373
521.0 83.762
522.0 83.137
523.0 82.429
524.0 81.718
525.0 80.967
526.0 80.277
527.0 79.589
528.0 78.944
529.0 78.361999
530.0 77.802
531.0 77.349
532.0 76.964
533.0 76.654
534.0 76.447
535.0 76.322999
536.0 76.293
537.0 76.345
538.0 76.496
539.0 76.72
540.0 77.049
541.0 77.425999
542.0 77.917999
543.0 78.432999
544.0 79.025
545.0 79.656
546.0 80.32
547.0 80.997
548.0 81.702
549.0 82.401
550.0 83.098
551.0 83.788
552.0 84.44
553.0 85.036
554.0 85.58
555.0 86.033
556.0 86.431
557.0 86.755
558.0 86.971
559.0 87.114999
560.0 87.189
561.0 87.14
562.0 86.985
563.0 86.741999
564.0 86.426999
565.0 86.063
566.0 85.607999
567.0 85.118
568.0 84.577
569.0 83.984
570.0 83.411999
571.0 82.776
572.0 82.159
573.0 81.557999
574.0 80.955999
575.0 80.382
576.0 79.852999
577.0 79.332
578.0 78.874
579.0 78.480999
580.0 78.119
581.0 77.788
582.0 77.563999
583.0 77.384
584.0 77.263
585.0 77.185
586.0 77.209
587.0 77.268
588.0 77.399
589.0 77.596
590.0 77.842999
591.0 78.135
592.0 78.486
593.0 78.883
594.0 79.310999
595.0 79.78
596.0 80.267
597.0 80.779
598.0 81.323
599.0 81.884999
600.0 82.458
601.0 83.025
602.0 83.608999
603.0 84.163
604.0 84.692
605.0 85.229
606.0 85.721
607.0 86.19
608.0 86.606
609.0 86.985
610.0 87.311
611.0 87.590999
612.0 87.795
613.0 87.953999
614.0 88.05
615.0 88.087
616.0 88.057
617.0 87.971
618.0 87.826
619.0 87.648
620.0 87.387
621.0 87.089
622.0 86.755
623.0 86.375999
624.0 85.972
625.0 85.531
626.0 85.092999
627.0 84.61
628.0 84.125
629.0 83.611
630.0 83.128999
631.0 82.645
632.0 82.171
633.0 81.703999
634.0 81.235999
635.0 80.831
636.0 80.408
637.0 80.024
638.0 79.651
639.0 79.340999
640.0 79.047
641.0 78.774999
642.0 78.554
643.0 78.366
644.0 78.219
645.0 78.132
646.0 78.029
647.0 78.0
648.0 77.998
649.0 78.041
650.0 78.11
651.0 78.229
652.0 78.381
653.0 78.573
654.0 78.769
655.0 79.015
656.0 79.288
657.0 79.577
658.0 79.901
659.0 80.265
660.0 80.611
661.0 80.994
662.0 81.394
663.0 81.803
664.0 82.233999
665.0 82.685
666.0 83.121
667.0 83.562
668.0 83.988
669.0 84.399
670.0 84.804999
671.0 85.224
672.0 85.598
673.0 85.961
674.0 86.331999
675.0 86.652
676.0 86.929999
677.0 87.202
678.0 87.433
679.0 87.641
680.0 87.794
681.0 87.901
682.0 88.036
683.0 88.089
684.0 88.107
685.0 88.074
686.0 88.034
687.0 87.944999
688.0 87.827
689.0 87.676
690.0 87.495
691.0 87.288
692.0 87.022
693.0 86.761
694.0 86.475
695.0 86.15
696.0 85.815
697.0 85.468
698.0 85.104
699.0 84.730999
700.0 84.363999
701.0 83.982
702.0 83.594
703.0 83.2
704.0 82.827
705.0 82.435
706.0 82.045
707.0 81.698
708.0 81.318
709.0 80.985
710.0 80.652
711.0 80.343
712.0 80.037
713.0 79.762999
714.0 79.479999
715.0 79.246
716.0 79.018
717.0 78.810999
718.0 78.642
719.0 78.466
720.0 78.322
721.0 78.199
722.0 78.098
723.0 78.018
724.0 77.98
725.0 77.949
726.0 77.924
727.0 77.944
728.0 77.986
729.0 78.030999
730.0 78.123
731.0 78.191999
732.0 78.32
733.0 78.456
734.0 78.61
735.0 78.797
736.0 78.986999
737.0 79.164
738.0 79.395
739.0 79.629
740.0 79.875
741.0 80.125999
742.0 80.403
743.0 80.709
744.0 80.993
745.0 81.274999
746.0 81.576
747.0 81.866
748.0 82.181
749.0 82.494
750.0 82.786
751.0 83.096999
752.0 83.398
753.0 83.706999
754.0 84.015
755.0 84.307
756.0 84.582
757.0 84.845
758.0 85.091
759.0 85.358999
760.0 85.596
761.0 85.804999
762.0 86.009999
763.0 86.206999
764.0 86.362
765.0 86.495
766.0 86.632
767.0 86.735
768.0 86.837
769.0 86.890999
770.0 86.937
771.0 86.973999
772.0 86.977
773.0 86.950999
774.0 86.938999
775.0 86.882
776.0 86.829
777.0 86.766
778.0 86.689
779.0 86.59
780.0 86.446
781.0 86.28
782.0 86.086
783.0 85.882
784.0 85.631999
785.0 85.404
786.0 85.178
787.0 84.932
788.0 84.694999
789.0 84.441999
790.0 84.179
791.0 83.894
792.0 83.619
793.0 83.337
794.0 83.05
795.0 82.709999
796.0 82.469
797.0 82.163
798.0 81.876
799.0 81.583
800.0 81.298999
801.0 81.023
802.0 80.762999
803.0 80.496
804.0 80.249
805.0 79.976
806.0 79.746
807.0 79.486
808.0 79.265
809.0 79.065
810.0 78.836
811.0 78.637
812.0 78.459
813.0 78.291
814.0 78.1
815.0 77.944999
816.0 77.825999
817.0 77.661
818.0 77.538
819.0 77.432999
820.0 77.351
821.0 77.264
822.0 77.209
823.0 77.134
824.0 77.078999
825.0 77.057
826.0 77.036
827.0 77.012
828.0 77.019
829.0 77.025
830.0 77.071
831.0 77.104
832.0 77.148
833.0 77.208
834.0 77.286
835.0 77.361999
836.0 77.432
837.0 77.553
838.0 77.697
839.0 77.786
840.0 77.932
841.0 78.083
842.0 78.227
843.0 78.376
844.0 78.542999
845.0 78.730999
846.0 78.914
847.0 79.072
848.0 79.279
849.0 79.459999
850.0 79.663
851.0 79.886
852.0 80.078999
853.0 80.306
854.0 80.522
855.0 80.737
856.0 80.946
857.0 81.184
858.0 81.372999
859.0 81.598
860.0 81.839
861.0 82.036
862.0 82.242
863.0 82.445
864.0 82.655
865.0 82.864
866.0 83.039
867.0 83.255
868.0 83.438
869.0 83.628999
870.0 83.797
871.0 83.980999
872.0 84.121
873.0 84.274
874.0 84.441
875.0 84.565
876.0 84.704
877.0 84.799
878.0 84.91
879.0 85.004
880.0 85.127
881.0 85.168
882.0 85.246
883.0 85.348
884.0 85.402
885.0 85.434
886.0 85.485999
887.0 85.524999
888.0 85.547
889.0 85.529
890.0 85.468
891.0 85.468999
892.0 85.444
893.0 85.385
894.0 85.328999
895.0 85.26
896.0 85.206999
897.0 85.11
898.0 84.988
899.0 84.896
900.0 84.784
901.0 84.643
902.0 84.462
903.0 84.346
904.0 84.185
905.0 84.027
906.0 83.881
907.0 83.694
908.0 83.528
909.0 83.333
910.0 83.133
911.0 82.929
912.0 82.736
913.0 82.531
914.0 82.316
915.0 82.125
916.0 81.920999
917.0 81.711
918.0 81.528
919.0 81.312
920.0 81.119
921.0 80.932
922.0 80.722
923.0 80.533
924.0 80.336
925.0 80.119
926.0 79.920999
927.0 79.712
928.0 79.542
929.0 79.375
930.0 79.208
931.0 79.042999
932.0 78.877
933.0 78.703999
934.0 78.530999
935.0 78.367
936.0 78.227999
937.0 78.085
938.0 77.928
939.0 77.809
940.0 77.643
941.0 77.558
942.0 77.427
943.0 77.292
944.0 77.2
945.0 77.083
946.0 76.964999
947.0 76.895
948.0 76.795
949.0 76.72
950.0 76.63
951.0 76.559
952.0 76.507
953.0 76.453
954.0 76.386
955.0 76.343
956.0 76.307999
957.0 76.268
958.0 76.278
959.0 76.248
960.0 76.232
961.0 76.239999
962.0 76.224999
963.0 76.247
964.0 76.255
965.0 76.23
966.0 76.286
967.0 76.314
968.0 76.348
969.0 76.384
970.0 76.451
971.0 76.475
972.0 76.543
973.0 76.587999
974.0 76.672
975.0 76.752
976.0 76.824
977.0 76.91
978.0 76.976
979.0 77.09
980.0 77.214
981.0 77.369
982.0 77.473
983.0 77.586999
984.0 77.682
985.0 77.812
986.0 77.887
987.0 78.030999
988.0 78.151
989.0 78.274
990.0 78.402
991.0 78.534
992.0 78.641
993.0 78.792
994.0 78.905
995.0 79.046
996.0 79.157
997.0 79.29
998.0 79.456
999.0 79.576
1000.0 79.747
1001.0 79.89
1002.0 80.012
1003.0 80.171
1004.0 80.325
1005.0 80.454
1006.0 80.569
1007.0 80.709
1008.0 80.855999
1009.0 80.983
1010.0 81.101
1011.0 81.230999
1012.0 81.366
1013.0 81.498
1014.0 81.623
1015.0 81.733999
1016.0 81.872
1017.0 81.98
1018.0 82.11
1019.0 82.199999
1020.0 82.316
1021.0 82.438999
1022.0 82.521
1023.0 82.599
1024.0 82.709
1025.0 82.82
1026.0 82.878
1027.0 82.984
1028.0 83.038
1029.0 83.092999
1030.0 83.177
1031.0 83.249
1032.0 83.313999
1033.0 83.377
1034.0 83.406
1035.0 83.449
1036.0 83.502
1037.0 83.524
1038.0 83.575
1039.0 83.58
1040.0 83.583
1041.0 83.586
1042.0 83.618
1043.0 83.628999
1044.0 83.628
1045.0 83.637
1046.0 83.614999
1047.0 83.583
1048.0 83.581
1049.0 83.552
1050.0 83.512
1051.0 83.519
1052.0 83.435999
1053.0 83.39
1054.0 83.348999
1055.0 83.281
1056.0 83.238
1057.0 83.202
1058.0 83.145
1059.0 83.037
1060.0 82.97
1061.0 82.860999
1062.0 82.788
1063.0 82.76
1064.0 82.632
1065.0 82.564
1066.0 82.438
1067.0 82.366
1068.0 82.252
1069.0 82.084
1070.0 82.054
1071.0 81.863
1072.0 81.82
1073.0 81.686
1074.0 81.564
1075.0 81.492
1076.0 81.438999
1077.0 81.264
1078.0 81.173
1079.0 81.057
1080.0 80.934
1081.0 80.808
1082.0 80.71
1083.0 80.584
1084.0 80.459
1085.0 80.354
1086.0 80.254
1087.0 80.026
1088.0 79.928999
1089.0 79.849999
1090.0 79.619
1091.0 79.512
1092.0 79.419
1093.0 79.327
1094.0 79.212999
1095.0 79.092
1096.0 78.95
1097.0 78.818
1098.0 78.797
1099.0 78.534
1100.0 78.471999
