190.0 0.027
191.0 0.005
192.0 0.019
193.0 0.028
194.0 0.025
195.0 0.026
196.0 0.01
197.0 0.009
198.0 0.006999
199.0 0.009
200.0 0.003
201.0 0.009
202.0 0.018
203.0 0.027
204.0 0.011
205.0 0.012
206.0 0.004
207.0 0.009
208.0 0.012
209.0 0.011
210.0 0.014
211.0 0.021
212.0 0.005
213.0 0.006999
214.0 0.003
215.0 0.009
216.0 0.009
217.0 0.008
218.0 0.008
219.0 0.027
220.0 0.013
221.0 0.008
222.0 0.008
223.0 0.005
224.0 0.009
225.0 0.009
226.0 0.013
227.0 0.016
228.0 0.009
229.0 0.006
230.0 0.005
231.0 0.006
232.0 0.009
233.0 0.011
234.0 0.012
235.0 0.016
236.0 0.008
237.0 0.006
238.0 0.005
239.0 0.008
240.0 0.006999
241.0 0.003
242.0 0.011
243.0 0.015
244.0 0.008
245.0 0.005
246.0 0.013
247.0 0.013
248.0 0.0
249.0 0.008
250.0 0.006999
251.0 0.018
252.0 0.015
253.0 0.006999
254.0 0.008
255.0 0.005
256.0 0.009
257.0 0.006999
258.0 0.016
259.0 0.022
260.0 0.005
261.0 0.009
262.0 0.009
263.0 0.017
264.0 0.013
265.0 0.015
266.0 0.006
267.0 0.037
268.0 0.018
269.0 0.02
270.0 0.006
271.0 0.025
272.0 0.006999
273.0 0.025
274.0 0.014
275.0 0.035
276.0 0.017
277.0 0.021
278.0 0.012
279.0 0.02
280.0 0.018
281.0 0.014
282.0 0.011
283.0 0.034
284.0 0.01
285.0 0.014
286.0 0.014
287.0 0.016
288.0 0.011
289.0 0.015
290.0 0.03
291.0 0.021
292.0 0.024
293.0 0.012
294.0 0.022
295.0 0.013
296.0 0.018
297.0 0.014
298.0 0.023
299.0 0.038
300.0 0.017
301.0 0.006
302.0 0.022
303.0 0.024
304.0 0.012
305.0 0.018
306.0 0.024
307.0 0.025
308.0 0.01
309.0 0.031
310.0 0.008
311.0 0.016
312.0 0.025
313.0 0.011
314.0 0.02
315.0 0.045
316.0 0.018
317.0 0.013
318.0 0.022
319.0 0.018
320.0 0.026
321.0 0.022
322.0 0.018
323.0 0.042
324.0 0.019
325.0 0.023
326.0 0.016
327.0 0.055
328.0 0.05
329.0 0.044
330.0 0.051
331.0 0.072
332.0 0.048
333.0 0.034
334.0 0.042
335.0 0.045
336.0 0.038
337.0 0.035
338.0 0.036
339.0 0.051
340.0 0.032
341.0 0.03
342.0 0.036
343.0 0.033
344.0 0.035
345.0 0.036
346.0 0.035
347.0 0.037
348.0 0.025
349.0 0.023
350.0 0.03
351.0 0.03
352.0 0.035
353.0 0.031
354.0 0.048
355.0 0.055999
356.0 0.058
357.0 0.086999
358.0 0.119
359.0 0.19
360.0 0.273
361.0 0.401
362.0 0.61
363.0 0.907
364.0 1.294
365.0 1.822
366.0 2.509
367.0 3.399
368.0 4.49
369.0 5.795999
370.0 7.294
371.0 8.952
372.0 10.752
373.0 12.661
374.0 14.671
375.0 16.784
376.0 18.984
377.0 21.293
378.0 23.669
379.0 26.067
380.0 28.391
381.0 30.597
382.0 32.623
383.0 34.567
384.0 36.354
385.0 37.935
386.0 39.524
387.0 41.191
388.0 43.029
389.0 45.027
390.0 47.139
391.0 49.302
392.0 51.398999
393.0 53.334
394.0 55.019
395.0 56.367
396.0 57.363
397.0 58.018
398.0 58.422
399.0 58.693
400.0 58.928999
401.0 59.292999
402.0 59.831
403.0 60.612
404.0 61.641
405.0 62.913
406.0 64.366
407.0 65.879
408.0 67.376
409.0 68.76
410.0 69.928
411.0 70.819
412.0 71.37
413.0 71.595
414.0 71.494
415.0 71.138
416.0 70.611
417.0 70.016
418.0 69.413
419.0 68.931
420.0 68.616999
421.0 68.501
422.0 68.659
423.0 69.087
424.0 69.744
425.0 70.65
426.0 71.699
427.0 72.863999
428.0 74.072
429.0 75.239999
430.0 76.295
431.0 77.205
432.0 77.881999
433.0 78.316
434.0 78.471
435.0 78.388
436.0 78.054
437.0 77.536
438.0 76.856
439.0 76.09
440.0 75.318
441.0 74.602999
442.0 73.94
443.0 73.425
444.0 73.080999
445.0 72.936
446.0 72.98
447.0 73.233999
448.0 73.662
449.0 74.291
450.0 75.014
451.0 75.887
452.0 76.834999
453.0 77.785
454.0 78.727
455.0 79.62
456.0 80.394
457.0 81.035
458.0 81.496
459.0 81.789
460.0 81.893
461.0 81.799
462.0 81.508
463.0 81.084
464.0 80.524
465.0 79.873
466.0 79.167
467.0 78.452999
468.0 77.756
469.0 77.090999
470.0 76.522
471.0 76.038
472.0 75.692
473.0 75.47
474.0 75.421
475.0 75.508
476.0 75.715
477.0 76.075
478.0 76.581
479.0 77.172
480.0 77.864
481.0 78.64
482.0 79.442
483.0 80.264
484.0 81.084
485.0 81.848
486.0 82.545
487.0 83.185
488.0 83.717
489.0 84.113
490.0 84.387999
491.0 84.505
492.0 84.483
493.0 84.334
494.0 84.033999
495.0 83.649
496.0 83.172
497.0 82.592
498.0 81.962
499.0 81.306
500.0 80.611
501.0 79.967999
502.0 79.337999
503.0 78.765
504.0 78.255
505.0 77.836
506.0 77.522
507.0 77.3
508.0 77.161999
509.0 77.157
510.0 77.259
511.0 77.461
512.0 77.739
513.0 78.142
514.0 78.614999
515.0 79.172
516.0 79.816
517.0 80.473
518.0 81.148
519.0 81.867
520.0 82.589
521.0 83.283
522.0 83.946
523.0 84.552
524.0 85.084
525.0 85.568999
526.0 85.94
527.0 86.233
528.0 86.407
529.0 86.514
530.0 86.475
531.0 86.363999
532.0 86.142
533.0 85.845
534.0 85.449
535.0 85.014
536.0 84.492
537.0 83.96
538.0 83.394
539.0 82.786
540.0 82.187
541.0 81.614
542.0 81.048
543.0 80.528
544.0 80.048
545.0 79.634
546.0 79.229
547.0 78.918
548.0 78.703999
549.0 78.534
550.0 78.452999
551.0 78.447999
552.0 78.515
553.0 78.667
554.0 78.873
555.0 79.148
556.0 79.479999
557.0 79.886
558.0 80.337
559.0 80.845
560.0 81.401
561.0 81.973
562.0 82.58
563.0 83.139
564.0 83.714
565.0 84.267
566.0 84.831
567.0 85.331999
568.0 85.816
569.0 86.253
570.0 86.636
571.0 86.938999
572.0 87.200999
573.0 87.385
574.0 87.524
575.0 87.533
576.0 87.521
577.0 87.416
578.0 87.254
579.0 87.016
580.0 86.739
581.0 86.42
582.0 86.028
583.0 85.599
584.0 85.154
585.0 84.679
586.0 84.201
587.0 83.688
588.0 83.194
589.0 82.702
590.0 82.238999
591.0 81.779
592.0 81.349
593.0 80.95
594.0 80.589999
595.0 80.272
596.0 79.979999
597.0 79.742999
598.0 79.54
599.0 79.405
600.0 79.313
601.0 79.262999
602.0 79.267
603.0 79.325999
604.0 79.429
605.0 79.590999
606.0 79.786999
607.0 80.021
608.0 80.306
609.0 80.627
610.0 80.986
611.0 81.367999
612.0 81.771
613.0 82.191
614.0 82.661
615.0 83.114
616.0 83.575
617.0 84.045999
618.0 84.507
619.0 84.971
620.0 85.392
621.0 85.811
622.0 86.206999
623.0 86.577
624.0 86.913
625.0 87.193
626.0 87.473
627.0 87.678
628.0 87.843999
629.0 87.968999
630.0 88.022
631.0 88.061
632.0 88.033
633.0 87.971999
634.0 87.849
635.0 87.682999
636.0 87.475
637.0 87.235
638.0 86.944999
639.0 86.628
640.0 86.285
641.0 85.933
642.0 85.517
643.0 85.107
644.0 84.69
645.0 84.261
646.0 83.838
647.0 83.384999
648.0 82.961
649.0 82.539
650.0 82.152
651.0 81.742999
652.0 81.379
653.0 81.006
654.0 80.658
655.0 80.363
656.0 80.057999
657.0 79.817
658.0 79.605
659.0 79.396
660.0 79.238
661.0 79.102999
662.0 79.003999
663.0 78.94
664.0 78.893999
665.0 78.915
666.0 78.932999
667.0 79.005
668.0 79.101999
669.0 79.227
670.0 79.357
671.0 79.526
672.0 79.712
673.0 79.966
674.0 80.223
675.0 80.491999
676.0 80.794999
677.0 81.081
678.0 81.406
679.0 81.741
680.0 82.108999
681.0 82.469
682.0 82.831
683.0 83.203999
684.0 83.514
685.0 83.855999
686.0 84.209
687.0 84.528
688.0 84.852999
689.0 85.155999
690.0 85.465999
691.0 85.739
692.0 85.973
693.0 86.229
694.0 86.414999
695.0 86.599999
696.0 86.765
697.0 86.893
698.0 86.979
699.0 87.048
700.0 87.087
701.0 87.092
702.0 87.066
703.0 87.016
704.0 86.931
705.0 86.812
706.0 86.677
707.0 86.521
708.0 86.321
709.0 86.111
710.0 85.885
711.0 85.624
712.0 85.358999
713.0 85.060999
714.0 84.772
715.0 84.474999
716.0 84.164
717.0 83.831
718.0 83.505
719.0 83.176
720.0 82.847
721.0 82.505
722.0 82.172
723.0 81.837
724.0 81.525
725.0 81.206
726.0 80.911999
727.0 80.617
728.0 80.33
729.0 80.065
730.0 79.815
731.0 79.569999
732.0 79.340999
733.0 79.137
734.0 78.955
735.0 78.78
736.0 78.632
737.0 78.492999
738.0 78.369999
739.0 78.295999
740.0 78.193
741.0 78.152999
742.0 78.105
743.0 78.09
744.0 78.093
745.0 78.113
746.0 78.149999
747.0 78.205
748.0 78.285
749.0 78.373
750.0 78.478
751.0 78.607
752.0 78.727
753.0 78.893
754.0 79.048
755.0 79.215999
756.0 79.396
757.0 79.605999
758.0 79.817
759.0 80.041
760.0 80.262999
761.0 80.495
762.0 80.726
763.0 80.976
764.0 81.208
765.0 81.442
766.0 81.708
767.0 81.955
768.0 82.199999
769.0 82.426
770.0 82.675
771.0 82.916
772.0 83.126
773.0 83.328
774.0 83.529
775.0 83.741
776.0 83.919999
777.0 84.089
778.0 84.252
779.0 84.42
780.0 84.553
781.0 84.662
782.0 84.74
783.0 84.821
784.0 84.882
785.0 84.92
786.0 84.977999
787.0 84.997999
788.0 85.002
789.0 84.989
790.0 84.974999
791.0 84.938999
792.0 84.89
793.0 84.803
794.0 84.711
795.0 84.583
796.0 84.456
797.0 84.327
798.0 84.167999
799.0 84.001
800.0 83.822
801.0 83.646
802.0 83.444
803.0 83.242
804.0 83.033999
805.0 82.801
806.0 82.572
807.0 82.339
808.0 82.103
809.0 81.864
810.0 81.631
811.0 81.374
812.0 81.128999
813.0 80.867
814.0 80.62
815.0 80.357
816.0 80.108999
817.0 79.861999
818.0 79.625999
819.0 79.39
820.0 79.152
821.0 78.934
822.0 78.708999
823.0 78.483
824.0 78.286
825.0 78.074
826.0 77.883
827.0 77.685999
828.0 77.519
829.0 77.368
830.0 77.211
831.0 77.049
832.0 76.919
833.0 76.785
834.0 76.672
835.0 76.57
836.0 76.448
837.0 76.384
838.0 76.304
839.0 76.243
840.0 76.188
841.0 76.146
842.0 76.111999
843.0 76.093999
844.0 76.078
845.0 76.090999
846.0 76.105
847.0 76.116
848.0 76.144
849.0 76.19
850.0 76.236
851.0 76.29
852.0 76.357
853.0 76.432
854.0 76.52
855.0 76.614
856.0 76.722
857.0 76.834
858.0 76.949
859.0 77.054
860.0 77.178
861.0 77.312
862.0 77.454
863.0 77.614
864.0 77.742999
865.0 77.891
866.0 78.054
867.0 78.211
868.0 78.373
869.0 78.532
870.0 78.685
871.0 78.848
872.0 79.027
873.0 79.179
874.0 79.357999
875.0 79.512
876.0 79.67
877.0 79.840999
878.0 79.988
879.0 80.121
880.0 80.274999
881.0 80.415
882.0 80.572999
883.0 80.715
884.0 80.855
885.0 80.974
886.0 81.105
887.0 81.223999
888.0 81.344
889.0 81.458
890.0 81.535
891.0 81.628
892.0 81.689
893.0 81.793
894.0 81.842
895.0 81.899
896.0 81.958
897.0 81.986
898.0 82.008
899.0 82.057
900.0 82.052
901.0 82.052
902.0 82.049
903.0 82.033999
904.0 81.994999
905.0 81.958
906.0 81.92
907.0 81.872999
908.0 81.816
909.0 81.755
910.0 81.673
911.0 81.584
912.0 81.496
913.0 81.401
914.0 81.291
915.0 81.188999
916.0 81.076
917.0 80.967
918.0 80.840999
919.0 80.702
920.0 80.596
921.0 80.432999
922.0 80.306999
923.0 80.135
924.0 79.993
925.0 79.857
926.0 79.687
927.0 79.54
928.0 79.377
929.0 79.218999
930.0 79.044
931.0 78.869
932.0 78.712
933.0 78.547
934.0 78.354999
935.0 78.188999
936.0 78.018
937.0 77.848
938.0 77.697
939.0 77.52
940.0 77.344
941.0 77.168
942.0 76.999
943.0 76.842999
944.0 76.675
945.0 76.543
946.0 76.399
947.0 76.244
948.0 76.086
949.0 75.956
950.0 75.807999
951.0 75.696
952.0 75.566
953.0 75.449999
954.0 75.310999
955.0 75.214
956.0 75.101
957.0 74.992999
958.0 74.886
959.0 74.792
960.0 74.697999
961.0 74.614999
962.0 74.539999
963.0 74.452
964.0 74.369
965.0 74.324
966.0 74.248
967.0 74.193
968.0 74.154
969.0 74.102999
970.0 74.056999
971.0 74.03
972.0 73.980999
973.0 73.955
974.0 73.912
975.0 73.916
976.0 73.905
977.0 73.895
978.0 73.897
979.0 73.886
980.0 73.938
981.0 73.965
982.0 73.992999
983.0 73.992
984.0 74.014
985.0 74.03
986.0 74.08
987.0 74.114999
988.0 74.148
989.0 74.2
990.0 74.238
991.0 74.292999
992.0 74.351
993.0 74.423
994.0 74.492
995.0 74.563999
996.0 74.614999
997.0 74.707
998.0 74.773
999.0 74.836
1000.0 74.934
1001.0 75.003
1002.0 75.078
1003.0 75.155
1004.0 75.239999
1005.0 75.317
1006.0 75.411
1007.0 75.486
1008.0 75.57
1009.0 75.658
1010.0 75.753
1011.0 75.834
1012.0 75.917
1013.0 76.012
1014.0 76.083
1015.0 76.16
1016.0 76.243
1017.0 76.33
1018.0 76.413
1019.0 76.498
1020.0 76.595
1021.0 76.648
1022.0 76.742999
1023.0 76.815
1024.0 76.871
1025.0 76.962
1026.0 77.035
1027.0 77.092
1028.0 77.163
1029.0 77.231
1030.0 77.276
1031.0 77.341
1032.0 77.393
1033.0 77.45
1034.0 77.498
1035.0 77.531
1036.0 77.573
1037.0 77.621
1038.0 77.656
1039.0 77.676
1040.0 77.691
1041.0 77.694
1042.0 77.707
1043.0 77.730999
1044.0 77.746
1045.0 77.746
1046.0 77.764
1047.0 77.768
1048.0 77.75
1049.0 77.774
1050.0 77.766
1051.0 77.755
1052.0 77.729
1053.0 77.720999
1054.0 77.684
1055.0 77.669
1056.0 77.617
1057.0 77.602999
1058.0 77.527
1059.0 77.515999
1060.0 77.461
1061.0 77.413
1062.0 77.349
1063.0 77.282
1064.0 77.252
1065.0 77.173999
1066.0 77.092
1067.0 77.033
1068.0 76.998
1069.0 76.905999
1070.0 76.805
1071.0 76.742999
1072.0 76.666
1073.0 76.563
1074.0 76.502
1075.0 76.393
1076.0 76.307999
1077.0 76.197999
1078.0 76.13
1079.0 76.032
1080.0 75.939
1081.0 75.803
1082.0 75.73
1083.0 75.577
1084.0 75.505
1085.0 75.345
1086.0 75.282
1087.0 75.178
1088.0 75.075
1089.0 74.937
1090.0 74.833
1091.0 74.777
1092.0 74.676
1093.0 74.574
1094.0 74.449
1095.0 74.33
1096.0 74.217
1097.0 74.139
1098.0 74.027
1099.0 73.907
1100.0 73.802
