190.0 0.057
191.0 0.126
192.0 0.068999
193.0 0.080999
194.0 0.055
195.0 0.091
196.0 0.055999
197.0 0.045
198.0 0.04
199.0 0.046
200.0 0.025
201.0 0.055
202.0 0.046
203.0 0.058
204.0 0.022
205.0 0.04
206.0 0.029
207.0 0.026
208.0 0.026
209.0 0.028
210.0 0.035
211.0 0.043
212.0 0.03
213.0 0.033
214.0 0.037
215.0 0.028
216.0 0.032
217.0 0.043
218.0 0.028
219.0 0.032
220.0 0.038
221.0 0.042
222.0 0.026
223.0 0.021
224.0 0.037
225.0 0.025
226.0 0.03
227.0 0.041
228.0 0.031
229.0 0.023
230.0 0.022
231.0 0.011
232.0 0.024
233.0 0.012
234.0 0.015
235.0 0.032
236.0 0.034
237.0 0.023
238.0 0.015
239.0 0.024
240.0 0.025
241.0 0.022
242.0 0.033
243.0 0.035
244.0 0.019
245.0 0.016
246.0 0.023
247.0 0.021
248.0 0.031
249.0 0.02
250.0 0.026
251.0 0.049
252.0 0.035
253.0 0.036
254.0 0.029
255.0 0.028
256.0 0.029
257.0 0.015
258.0 0.028
259.0 0.055999
260.0 0.029
261.0 0.016
262.0 0.048
263.0 0.027
264.0 0.054
265.0 0.041
266.0 0.021
267.0 0.073
268.0 0.058
269.0 0.035
270.0 0.054
271.0 0.012
272.0 0.053
273.0 0.039
274.0 0.044
275.0 0.067
276.0 0.054
277.0 0.019
278.0 0.055999
279.0 0.035
280.0 0.05
281.0 0.039
282.0 0.039
283.0 0.102
284.0 0.046
285.0 0.038
286.0 0.071
287.0 0.065
288.0 0.054
289.0 0.055
290.0 0.071
291.0 0.074
292.0 0.05
293.0 0.067
294.0 0.027
295.0 0.058
296.0 0.063
297.0 0.036
298.0 0.068999
299.0 0.075
300.0 0.064
301.0 0.06
302.0 0.06
303.0 0.059
304.0 0.043
305.0 0.019
306.0 0.058
307.0 0.076
308.0 0.044
309.0 0.039
310.0 0.076
311.0 0.059
312.0 0.037
313.0 0.072
314.0 0.059
315.0 0.089
316.0 0.062
317.0 0.086999
318.0 0.072
319.0 0.047
320.0 0.089
321.0 0.021
322.0 0.103
323.0 0.086999
324.0 0.098
325.0 0.048
326.0 0.094
327.0 0.049
328.0 0.061
329.0 0.039
330.0 0.064
331.0 0.074
332.0 0.078
333.0 0.055
334.0 0.061
335.0 0.043
336.0 0.035
337.0 0.05
338.0 0.039
339.0 0.068999
340.0 0.042
341.0 0.036
342.0 0.032
343.0 0.034
344.0 0.042
345.0 0.034
346.0 0.052
347.0 0.036
348.0 0.027
349.0 0.037
350.0 0.047
351.0 0.048
352.0 0.068
353.0 0.093
354.0 0.138
355.0 0.186
356.0 0.266
357.0 0.384
358.0 0.551999
359.0 0.786
360.0 1.135
361.0 1.592
362.0 2.197
363.0 3.016
364.0 4.005
365.0 5.213
366.0 6.673
367.0 8.369999
368.0 10.296
369.0 12.44
370.0 14.737
371.0 17.194
372.0 19.787
373.0 22.397
374.0 24.942
375.0 27.389
376.0 29.662
377.0 31.727
378.0 33.646
379.0 35.411
380.0 37.016
381.0 38.542
382.0 40.026
383.0 41.543
384.0 43.067
385.0 44.548
386.0 46.050999
387.0 47.581
388.0 49.084
389.0 50.565
390.0 51.981
391.0 53.312
392.0 54.496999
393.0 55.550999
394.0 56.42
395.0 57.129
396.0 57.691
397.0 58.113
398.0 58.431
399.0 58.658
400.0 58.84
401.0 58.973
402.0 59.162
403.0 59.358999
404.0 59.616
405.0 59.921
406.0 60.297999
407.0 60.765
408.0 61.283
409.0 61.89
410.0 62.527
411.0 63.23
412.0 63.95
413.0 64.642
414.0 65.339
415.0 66.002
416.0 66.629
417.0 67.182
418.0 67.640999
419.0 68.024
420.0 68.301
421.0 68.493
422.0 68.595
423.0 68.599
424.0 68.53
425.0 68.384
426.0 68.199
427.0 67.986
428.0 67.747999
429.0 67.503
430.0 67.262
431.0 67.081999
432.0 66.908
433.0 66.793
434.0 66.724
435.0 66.688
436.0 66.753
437.0 66.867
438.0 67.064
439.0 67.312
440.0 67.612
441.0 67.967
442.0 68.361999
443.0 68.805
444.0 69.28
445.0 69.777999
446.0 70.271
447.0 70.787
448.0 71.318
449.0 71.804999
450.0 72.25
451.0 72.643999
452.0 73.0
453.0 73.3
454.0 73.544
455.0 73.739
456.0 73.861
457.0 73.929999
458.0 73.928
459.0 73.867999
460.0 73.759
461.0 73.597
462.0 73.402999
463.0 73.154
464.0 72.899
465.0 72.633
466.0 72.351
467.0 72.057999
468.0 71.806
469.0 71.524
470.0 71.26
471.0 71.071
472.0 70.892
473.0 70.735
474.0 70.636
475.0 70.532
476.0 70.505
477.0 70.523
478.0 70.581
479.0 70.682
480.0 70.840999
481.0 71.004
482.0 71.25
483.0 71.523
484.0 71.785
485.0 72.123
486.0 72.457
487.0 72.836
488.0 73.226
489.0 73.626
490.0 74.019
491.0 74.428
492.0 74.817
493.0 75.209
494.0 75.590999
495.0 75.963
496.0 76.305
497.0 76.586
498.0 76.845
499.0 77.078
500.0 77.27
501.0 77.439
502.0 77.532
503.0 77.608
504.0 77.635
505.0 77.625
506.0 77.581999
507.0 77.482
508.0 77.363
509.0 77.196
510.0 77.011
511.0 76.795999
512.0 76.575999
513.0 76.331
514.0 76.084
515.0 75.795999
516.0 75.531
517.0 75.254
518.0 74.982
519.0 74.719
520.0 74.475
521.0 74.244
522.0 74.0
523.0 73.812
524.0 73.64
525.0 73.453
526.0 73.354
527.0 73.217
528.0 73.146
529.0 73.107
530.0 73.083
531.0 73.087
532.0 73.139
533.0 73.212
534.0 73.302
535.0 73.437
536.0 73.577
537.0 73.765
538.0 73.962999
539.0 74.177
540.0 74.423
541.0 74.673
542.0 74.963
543.0 75.261
544.0 75.563999
545.0 75.876
546.0 76.214
547.0 76.557
548.0 76.875
549.0 77.200999
550.0 77.527999
551.0 77.858
552.0 78.164999
553.0 78.479
554.0 78.759999
555.0 79.037
556.0 79.281
557.0 79.53
558.0 79.721
559.0 79.935
560.0 80.08
561.0 80.255
562.0 80.355
563.0 80.432999
564.0 80.489
565.0 80.515
566.0 80.528
567.0 80.503
568.0 80.455
569.0 80.387
570.0 80.283
571.0 80.167
572.0 80.021
573.0 79.86
574.0 79.681
575.0 79.474
576.0 79.28
577.0 79.046
578.0 78.815
579.0 78.574999
580.0 78.327
581.0 78.053
582.0 77.798999
583.0 77.542999
584.0 77.295
585.0 77.034
586.0 76.805
587.0 76.565
588.0 76.341
589.0 76.113
590.0 75.899
591.0 75.697
592.0 75.527999
593.0 75.349999
594.0 75.184
595.0 75.059
596.0 74.932
597.0 74.825
598.0 74.739999
599.0 74.663
600.0 74.622
601.0 74.589
602.0 74.568
603.0 74.573
604.0 74.595
605.0 74.634999
606.0 74.694
607.0 74.767
608.0 74.851999
609.0 74.952
610.0 75.082
611.0 75.227
612.0 75.378999
613.0 75.545
614.0 75.721999
615.0 75.91
616.0 76.113
617.0 76.326
618.0 76.535
619.0 76.774
620.0 77.01
621.0 77.244999
622.0 77.518
623.0 77.744
624.0 78.005
625.0 78.238
626.0 78.5
627.0 78.759999
628.0 79.007
629.0 79.235999
630.0 79.489
631.0 79.705
632.0 79.923999
633.0 80.159
634.0 80.355
635.0 80.571
636.0 80.745
637.0 80.923999
638.0 81.093999
639.0 81.26
640.0 81.367999
641.0 81.504
642.0 81.614
643.0 81.682999
644.0 81.757
645.0 81.825999
646.0 81.855999
647.0 81.876
648.0 81.887
649.0 81.878
650.0 81.866
651.0 81.8
652.0 81.744
653.0 81.674
654.0 81.589
655.0 81.486
656.0 81.367
657.0 81.248
658.0 81.096
659.0 80.966
660.0 80.786
661.0 80.613999
662.0 80.441
663.0 80.250999
664.0 80.056
665.0 79.871
666.0 79.639
667.0 79.420999
668.0 79.212999
669.0 78.994
670.0 78.786999
671.0 78.566
672.0 78.372
673.0 78.125999
674.0 77.903
675.0 77.734
676.0 77.486
677.0 77.285
678.0 77.086
679.0 76.848
680.0 76.653
681.0 76.500999
682.0 76.293
683.0 76.124
684.0 75.971999
685.0 75.81
686.0 75.673999
687.0 75.536999
688.0 75.395
689.0 75.261
690.0 75.161
691.0 75.058
692.0 74.968
693.0 74.878
694.0 74.811
695.0 74.739999
696.0 74.689
697.0 74.63
698.0 74.611
699.0 74.573
700.0 74.583999
701.0 74.575999
702.0 74.586
703.0 74.587
704.0 74.621
705.0 74.670999
706.0 74.705999
707.0 74.762
708.0 74.816
709.0 74.892
710.0 74.979
711.0 75.058
712.0 75.146999
713.0 75.259
714.0 75.378999
715.0 75.473999
716.0 75.599999
717.0 75.746
718.0 75.87
719.0 76.015
720.0 76.157
721.0 76.327
722.0 76.465
723.0 76.621
724.0 76.787
725.0 76.941999
726.0 77.129
727.0 77.298
728.0 77.464
729.0 77.642
730.0 77.807999
731.0 77.974
732.0 78.154
733.0 78.324
734.0 78.491999
735.0 78.652
736.0 78.839
737.0 79.002
738.0 79.157
739.0 79.324
740.0 79.476
741.0 79.596
742.0 79.757
743.0 79.884999
744.0 80.035
745.0 80.169
746.0 80.274999
747.0 80.39
748.0 80.494
749.0 80.607
750.0 80.687
751.0 80.786
752.0 80.889
753.0 80.923
754.0 81.004
755.0 81.054999
756.0 81.093999
757.0 81.145
758.0 81.167999
759.0 81.191
760.0 81.211999
761.0 81.191999
762.0 81.19
763.0 81.188999
764.0 81.142
765.0 81.12
766.0 81.079
767.0 81.021
768.0 80.969
769.0 80.88
770.0 80.847
771.0 80.756
772.0 80.652
773.0 80.574
774.0 80.471
775.0 80.357
776.0 80.259
777.0 80.148
778.0 80.02
779.0 79.904
780.0 79.749
781.0 79.617999
782.0 79.495
783.0 79.337
784.0 79.217
785.0 79.057
786.0 78.917
787.0 78.762
788.0 78.605
789.0 78.417
790.0 78.274999
791.0 78.086999
792.0 77.895
793.0 77.738
794.0 77.556
795.0 77.366
796.0 77.200999
797.0 77.035
798.0 76.878
799.0 76.702
800.0 76.534
801.0 76.354999
802.0 76.185
803.0 76.043
804.0 75.885
805.0 75.712999
806.0 75.559
807.0 75.413
808.0 75.265
809.0 75.114999
810.0 74.977
811.0 74.846
812.0 74.712
813.0 74.582
814.0 74.441
815.0 74.311
816.0 74.192
817.0 74.085
818.0 73.976
819.0 73.878999
820.0 73.758
821.0 73.681
822.0 73.582
823.0 73.492
824.0 73.416
825.0 73.319
826.0 73.257
827.0 73.182999
828.0 73.129
829.0 73.063999
830.0 73.016
831.0 72.961
832.0 72.923
833.0 72.883
834.0 72.857
835.0 72.821
836.0 72.799
837.0 72.784
838.0 72.765
839.0 72.773
840.0 72.759
841.0 72.745
842.0 72.765
843.0 72.78
844.0 72.777999
845.0 72.789999
846.0 72.809
847.0 72.858999
848.0 72.881
849.0 72.934
850.0 72.95
851.0 73.009999
852.0 73.063
853.0 73.106
854.0 73.172
855.0 73.224999
856.0 73.284
857.0 73.355999
858.0 73.422
859.0 73.504
860.0 73.572
861.0 73.643
862.0 73.739
863.0 73.809
864.0 73.905
865.0 73.983
866.0 74.09
867.0 74.176
868.0 74.292
869.0 74.390999
870.0 74.489999
871.0 74.594
872.0 74.693
873.0 74.791
874.0 74.914999
875.0 74.998
876.0 75.122999
877.0 75.236999
878.0 75.334999
879.0 75.444
880.0 75.565
881.0 75.642
882.0 75.76
883.0 75.889
884.0 75.995
885.0 76.093999
886.0 76.205
887.0 76.313
888.0 76.386
889.0 76.51
890.0 76.625
891.0 76.708
892.0 76.833
893.0 76.914
894.0 77.03
895.0 77.122999
896.0 77.223
897.0 77.322999
898.0 77.398
899.0 77.517
900.0 77.59
901.0 77.699
902.0 77.739
903.0 77.832
904.0 77.905999
905.0 78.013
906.0 78.086999
907.0 78.173999
908.0 78.239999
909.0 78.307
910.0 78.356
911.0 78.429
912.0 78.47
913.0 78.546
914.0 78.593
915.0 78.634
916.0 78.671
917.0 78.717
918.0 78.745
919.0 78.785
920.0 78.805
921.0 78.842
922.0 78.845
923.0 78.872
924.0 78.877
925.0 78.891
926.0 78.861999
927.0 78.852
928.0 78.867
929.0 78.86
930.0 78.861
931.0 78.834
932.0 78.824
933.0 78.795
934.0 78.765
935.0 78.758
936.0 78.712999
937.0 78.664999
938.0 78.647
939.0 78.592
940.0 78.557999
941.0 78.491999
942.0 78.44
943.0 78.395
944.0 78.345
945.0 78.247999
946.0 78.223
947.0 78.128
948.0 78.035
949.0 77.978
950.0 77.913
951.0 77.817
952.0 77.747
953.0 77.656
954.0 77.608999
955.0 77.505
956.0 77.38
957.0 77.321
958.0 77.238
959.0 77.156
960.0 77.06
961.0 76.975
962.0 76.857
963.0 76.761
964.0 76.685
965.0 76.571
966.0 76.482
967.0 76.364
968.0 76.258
969.0 76.157
970.0 76.056
971.0 75.953
972.0 75.866999
973.0 75.752
974.0 75.598
975.0 75.519
976.0 75.436
977.0 75.301
978.0 75.19
979.0 75.12
980.0 75.007
981.0 74.873
982.0 74.778
983.0 74.682999
984.0 74.585
985.0 74.47
986.0 74.371
987.0 74.27
988.0 74.18
989.0 74.066
990.0 73.961
991.0 73.873
992.0 73.756999
993.0 73.631999
994.0 73.555
995.0 73.441999
996.0 73.346
997.0 73.255
998.0 73.172
999.0 73.068
1000.0 72.983
1001.0 72.897
1002.0 72.819
1003.0 72.732
1004.0 72.692
1005.0 72.596
1006.0 72.532
1007.0 72.446999
1008.0 72.37
1009.0 72.274
1010.0 72.202
1011.0 72.163
1012.0 72.096999
1013.0 72.002
1014.0 71.946
1015.0 71.892
1016.0 71.825
1017.0 71.765
1018.0 71.705
1019.0 71.629
1020.0 71.566
1021.0 71.514
1022.0 71.456
1023.0 71.419
1024.0 71.367
1025.0 71.319
1026.0 71.25
1027.0 71.221999
1028.0 71.167
1029.0 71.161
1030.0 71.114999
1031.0 71.078
1032.0 71.027
1033.0 71.032
1034.0 70.994
1035.0 70.96
1036.0 70.941
1037.0 70.929
1038.0 70.901
1039.0 70.889
1040.0 70.867999
1041.0 70.846
1042.0 70.84
1043.0 70.834
1044.0 70.813999
1045.0 70.846
1046.0 70.795
1047.0 70.775
1048.0 70.809
1049.0 70.783
1050.0 70.777999
1051.0 70.768
1052.0 70.768
1053.0 70.791
1054.0 70.816
1055.0 70.811
1056.0 70.828999
1057.0 70.843999
1058.0 70.864
1059.0 70.874
1060.0 70.862
1061.0 70.901
1062.0 70.91
1063.0 70.931999
1064.0 70.986999
1065.0 71.02
1066.0 70.996
1067.0 71.047
1068.0 71.039
1069.0 71.083
1070.0 71.094
1071.0 71.136
1072.0 71.167999
1073.0 71.211
1074.0 71.197
1075.0 71.277
1076.0 71.289999
1077.0 71.366
1078.0 71.426999
1079.0 71.378
1080.0 71.450999
1081.0 71.525
1082.0 71.586
1083.0 71.592
1084.0 71.655999
1085.0 71.741999
1086.0 71.763
1087.0 71.788
1088.0 71.884
1089.0 71.863
1090.0 71.926
1091.0 71.977999
1092.0 72.032
1093.0 72.05
1094.0 72.108999
1095.0 72.158999
1096.0 72.212
1097.0 72.272
1098.0 72.328
1099.0 72.361
1100.0 72.445
