190.0 0.062
191.0 0.107
192.0 0.041
193.0 0.035
194.0 0.046
195.0 0.052
196.0 0.026
197.0 0.015
198.0 0.037
199.0 0.028
200.0 0.029
201.0 0.028
202.0 0.01
203.0 0.021
204.0 0.016
205.0 0.011
206.0 0.011
207.0 0.023
208.0 0.015
209.0 0.004
210.0 0.032
211.0 0.021
212.0 0.0
213.0 0.014
214.0 0.015
215.0 0.025
216.0 0.024
217.0 0.013
218.0 0.021
219.0 0.03
220.0 0.015
221.0 0.014
222.0 0.016
223.0 0.015
224.0 0.019
225.0 0.027
226.0 0.006999
227.0 0.029
228.0 0.009
229.0 0.023
230.0 0.019
231.0 0.021
232.0 0.014
233.0 0.017
234.0 0.02
235.0 0.022
236.0 0.005
237.0 0.004
238.0 0.022
239.0 0.002
240.0 0.001
241.0 0.013
242.0 0.013
243.0 0.029
244.0 0.017
245.0 0.014
246.0 0.013
247.0 0.022
248.0 -0.004
249.0 0.018
250.0 0.012
251.0 0.025
252.0 0.009
253.0 0.015
254.0 0.016
255.0 0.008
256.0 0.017
257.0 0.006999
258.0 0.006999
259.0 0.044
260.0 0.025
261.0 0.024
262.0 0.013
263.0 0.02
264.0 0.029
265.0 0.024
266.0 0.035
267.0 0.029
268.0 0.021
269.0 0.003
270.0 0.017
271.0 0.017
272.0 0.035
273.0 0.019
274.0 0.023
275.0 0.047
276.0 0.042
277.0 0.019
278.0 0.047
279.0 0.018
280.0 0.034
281.0 0.03
282.0 0.023
283.0 0.05
284.0 0.042
285.0 0.02
286.0 0.017
287.0 0.039
288.0 0.03
289.0 0.031
290.0 0.046
291.0 0.052
292.0 0.001
293.0 0.025
294.0 0.037
295.0 0.028
296.0 0.049
297.0 0.02
298.0 0.022
299.0 0.068999
300.0 0.039
301.0 0.017
302.0 0.027
303.0 0.018
304.0 0.038
305.0 0.021
306.0 0.026
307.0 0.038
308.0 0.015
309.0 0.044
310.0 0.036
311.0 0.017
312.0 0.038
313.0 0.038
314.0 0.022
315.0 0.04
316.0 0.034
317.0 0.015
318.0 0.04
319.0 0.041
320.0 0.029
321.0 0.037
322.0 0.04
323.0 0.057
324.0 0.061
325.0 0.033
326.0 0.023
327.0 0.06
328.0 0.067
329.0 0.069999
330.0 0.057
331.0 0.054
332.0 0.053
333.0 0.074
334.0 0.042
335.0 0.059
336.0 0.039
337.0 0.054
338.0 0.057
339.0 0.053
340.0 0.04
341.0 0.032
342.0 0.036
343.0 0.031
344.0 0.041
345.0 0.035
346.0 0.04
347.0 0.037
348.0 0.042
349.0 0.038
350.0 0.025
351.0 0.034
352.0 0.04
353.0 0.042
354.0 0.039
355.0 0.048
356.0 0.041
357.0 0.055999
358.0 0.076
359.0 0.106
360.0 0.157
361.0 0.24
362.0 0.352
363.0 0.534999
364.0 0.809999
365.0 1.209
366.0 1.769
367.0 2.549
368.0 3.55
369.0 4.826
370.0 6.364
371.0 8.167
372.0 10.231
373.0 12.497
374.0 14.906
375.0 17.359
376.0 19.863
377.0 22.316
378.0 24.729
379.0 27.116
380.0 29.404
381.0 31.66
382.0 33.889
383.0 36.116
384.0 38.267
385.0 40.249
386.0 42.149
387.0 43.946
388.0 45.659
389.0 47.282999
390.0 48.803999
391.0 50.229
392.0 51.548
393.0 52.791999
394.0 53.916
395.0 54.943
396.0 55.91
397.0 56.823
398.0 57.699
399.0 58.509
400.0 59.289
401.0 60.029
402.0 60.744
403.0 61.433
404.0 62.11
405.0 62.759
406.0 63.377
407.0 63.955
408.0 64.503999
409.0 65.066999
410.0 65.559
411.0 66.049
412.0 66.459
413.0 66.867
414.0 67.251
415.0 67.58
416.0 67.881
417.0 68.167999
418.0 68.395
419.0 68.645
420.0 68.881
421.0 69.033
422.0 69.247
423.0 69.428
424.0 69.596
425.0 69.787
426.0 69.994
427.0 70.177
428.0 70.354
429.0 70.524
430.0 70.703999
431.0 70.875999
432.0 71.057999
433.0 71.249
434.0 71.399999
435.0 71.574
436.0 71.721999
437.0 71.89
438.0 72.052
439.0 72.214
440.0 72.384
441.0 72.542
442.0 72.72
443.0 72.840999
444.0 73.008
445.0 73.146999
446.0 73.315
447.0 73.44
448.0 73.554
449.0 73.673999
450.0 73.788
451.0 73.917999
452.0 74.021
453.0 74.133
454.0 74.248
455.0 74.307999
456.0 74.444
457.0 74.53
458.0 74.628
459.0 74.716
460.0 74.827
461.0 74.905999
462.0 74.964
463.0 75.051
464.0 75.131
465.0 75.191
466.0 75.271
467.0 75.345
468.0 75.399
469.0 75.444
470.0 75.47
471.0 75.519
472.0 75.602
473.0 75.602
474.0 75.653
475.0 75.687
476.0 75.733999
477.0 75.77
478.0 75.792
479.0 75.831
480.0 75.87
481.0 75.912
482.0 75.959
483.0 76.01
484.0 76.066
485.0 76.131
486.0 76.199
487.0 76.274
488.0 76.337
489.0 76.424
490.0 76.508
491.0 76.587
492.0 76.681999
493.0 76.781
494.0 76.872
495.0 76.968
496.0 77.074
497.0 77.188999
498.0 77.279
499.0 77.398
500.0 77.479
501.0 77.598999
502.0 77.698
503.0 77.78
504.0 77.891
505.0 77.97
506.0 78.048
507.0 78.122
508.0 78.206
509.0 78.265
510.0 78.327
511.0 78.381
512.0 78.432
513.0 78.444
514.0 78.518
515.0 78.533
516.0 78.56
517.0 78.551999
518.0 78.590999
519.0 78.584
520.0 78.574999
521.0 78.586999
522.0 78.551999
523.0 78.530999
524.0 78.524
525.0 78.519
526.0 78.459
527.0 78.444999
528.0 78.41
529.0 78.408
530.0 78.354
531.0 78.345
532.0 78.321
533.0 78.322999
534.0 78.307999
535.0 78.307
536.0 78.307
537.0 78.3
538.0 78.312
539.0 78.344
540.0 78.369999
541.0 78.4
542.0 78.441
543.0 78.48
544.0 78.544
545.0 78.592
546.0 78.666
547.0 78.75
548.0 78.813
549.0 78.920999
550.0 79.002
551.0 79.104
552.0 79.181
553.0 79.296
554.0 79.405
555.0 79.517
556.0 79.617
557.0 79.732
558.0 79.837
559.0 79.925
560.0 80.01
561.0 80.122
562.0 80.226
563.0 80.332
564.0 80.41
565.0 80.522
566.0 80.596999
567.0 80.687
568.0 80.777
569.0 80.849
570.0 80.913
571.0 80.971
572.0 81.008
573.0 81.065
574.0 81.099
575.0 81.132
576.0 81.166
577.0 81.164999
578.0 81.188999
579.0 81.172
580.0 81.161
581.0 81.140999
582.0 81.101999
583.0 81.051
584.0 81.011
585.0 80.935
586.0 80.851
587.0 80.77
588.0 80.674
589.0 80.577
590.0 80.473
591.0 80.367999
592.0 80.261
593.0 80.164
594.0 80.045
595.0 79.956
596.0 79.847
597.0 79.744
598.0 79.651
599.0 79.566
600.0 79.491
601.0 79.417
602.0 79.309
603.0 79.254
604.0 79.181
605.0 79.123
606.0 79.061
607.0 79.021
608.0 78.982
609.0 78.947999
610.0 78.911
611.0 78.905999
612.0 78.881
613.0 78.861999
614.0 78.868
615.0 78.885
616.0 78.907
617.0 78.931
618.0 78.958
619.0 78.985
620.0 79.039
621.0 79.086
622.0 79.155
623.0 79.224999
624.0 79.292
625.0 79.372
626.0 79.459
627.0 79.539
628.0 79.632
629.0 79.722
630.0 79.824
631.0 79.93
632.0 80.032
633.0 80.136
634.0 80.252
635.0 80.361999
636.0 80.476
637.0 80.592
638.0 80.699
639.0 80.824
640.0 80.908999
641.0 81.030999
642.0 81.131
643.0 81.245
644.0 81.33
645.0 81.423999
646.0 81.517
647.0 81.593
648.0 81.679999
649.0 81.768
650.0 81.824
651.0 81.894
652.0 81.962
653.0 82.009
654.0 82.044
655.0 82.08
656.0 82.119
657.0 82.158
658.0 82.167999
659.0 82.198
660.0 82.203999
661.0 82.193
662.0 82.186
663.0 82.164
664.0 82.139
665.0 82.108
666.0 82.072999
667.0 82.04
668.0 81.991
669.0 81.953
670.0 81.877
671.0 81.81
672.0 81.723999
673.0 81.655999
674.0 81.579
675.0 81.471
676.0 81.395
677.0 81.285
678.0 81.193
679.0 81.065
680.0 80.981
681.0 80.845
682.0 80.75
683.0 80.638
684.0 80.545
685.0 80.441
686.0 80.322
687.0 80.179
688.0 80.056
689.0 79.944999
690.0 79.812
691.0 79.697
692.0 79.568
693.0 79.455
694.0 79.328
695.0 79.199
696.0 79.096
697.0 78.985
698.0 78.896999
699.0 78.767
700.0 78.678
701.0 78.58
702.0 78.49
703.0 78.411
704.0 78.332
705.0 78.232
706.0 78.176999
707.0 78.105999
708.0 78.046
709.0 77.999
710.0 77.938
711.0 77.908999
712.0 77.868
713.0 77.837999
714.0 77.816
715.0 77.785
716.0 77.782
717.0 77.765
718.0 77.783
719.0 77.782
720.0 77.791
721.0 77.798
722.0 77.83
723.0 77.858999
724.0 77.887
725.0 77.939
726.0 77.966
727.0 78.02
728.0 78.078999
729.0 78.135
730.0 78.184
731.0 78.263
732.0 78.333
733.0 78.378
734.0 78.468
735.0 78.532
736.0 78.617
737.0 78.703999
738.0 78.801
739.0 78.879
740.0 78.974999
741.0 79.062
742.0 79.154
743.0 79.235999
744.0 79.342
745.0 79.437
746.0 79.514
747.0 79.613
748.0 79.723
749.0 79.803
750.0 79.902
751.0 79.986999
752.0 80.069999
753.0 80.166
754.0 80.244
755.0 80.34
756.0 80.423999
757.0 80.495
758.0 80.58
759.0 80.645
760.0 80.711999
761.0 80.789
762.0 80.864
763.0 80.92
764.0 80.974
765.0 81.032
766.0 81.075
767.0 81.143
768.0 81.175
769.0 81.222
770.0 81.249
771.0 81.277999
772.0 81.285
773.0 81.312
774.0 81.322
775.0 81.313
776.0 81.323
777.0 81.305
778.0 81.295
779.0 81.238
780.0 81.238
781.0 81.226
782.0 81.222
783.0 81.215
784.0 81.229
785.0 81.206
786.0 81.188
787.0 81.142
788.0 81.087
789.0 81.039
790.0 80.983999
791.0 80.922
792.0 80.863
793.0 80.779
794.0 80.718
795.0 80.654
796.0 80.566999
797.0 80.478
798.0 80.398
799.0 80.325999
800.0 80.223
801.0 80.135
802.0 80.052
803.0 79.944999
804.0 79.847
805.0 79.738
806.0 79.639
807.0 79.526
808.0 79.423
809.0 79.301999
810.0 79.21
811.0 79.083
812.0 78.982
813.0 78.857
814.0 78.754
815.0 78.645
816.0 78.53
817.0 78.422
818.0 78.31
819.0 78.186
820.0 78.062
821.0 77.964
822.0 77.869999
823.0 77.747999
824.0 77.625999
825.0 77.525
826.0 77.414
827.0 77.321
828.0 77.220999
829.0 77.125999
830.0 77.009
831.0 76.905
832.0 76.816
833.0 76.722
834.0 76.654
835.0 76.538
836.0 76.464
837.0 76.385
838.0 76.312
839.0 76.212
840.0 76.137
841.0 76.062
842.0 75.988999
843.0 75.939
844.0 75.887
845.0 75.807
846.0 75.744999
847.0 75.705
848.0 75.66
849.0 75.608
850.0 75.543
851.0 75.515
852.0 75.495
853.0 75.456
854.0 75.414999
855.0 75.402999
856.0 75.361999
857.0 75.349
858.0 75.336
859.0 75.322
860.0 75.321
861.0 75.301
862.0 75.303
863.0 75.302
864.0 75.306
865.0 75.313
866.0 75.337
867.0 75.343
868.0 75.349999
869.0 75.365
870.0 75.388
871.0 75.42
872.0 75.468999
873.0 75.473999
874.0 75.498
875.0 75.559
876.0 75.589
877.0 75.63
878.0 75.668
879.0 75.702
880.0 75.744999
881.0 75.795
882.0 75.849999
883.0 75.887
884.0 75.905
885.0 75.968
886.0 76.011
887.0 76.062
888.0 76.12
889.0 76.202
890.0 76.261
891.0 76.331999
892.0 76.378999
893.0 76.459999
894.0 76.518
895.0 76.605
896.0 76.663
897.0 76.744999
898.0 76.833
899.0 76.911
900.0 76.978
901.0 77.039
902.0 77.152
903.0 77.224
904.0 77.322999
905.0 77.41
906.0 77.488
907.0 77.581999
908.0 77.685999
909.0 77.775
910.0 77.869
911.0 77.980999
912.0 78.054999
913.0 78.163
914.0 78.255
915.0 78.36
916.0 78.447
917.0 78.517
918.0 78.622
919.0 78.696999
920.0 78.783
921.0 78.848
922.0 78.932
923.0 78.996
924.0 79.074999
925.0 79.135
926.0 79.222
927.0 79.265
928.0 79.304
929.0 79.361999
930.0 79.408
931.0 79.442
932.0 79.512
933.0 79.552
934.0 79.58
935.0 79.628
936.0 79.65
937.0 79.683
938.0 79.727
939.0 79.738
940.0 79.774999
941.0 79.794
942.0 79.792
943.0 79.821
944.0 79.834999
945.0 79.857999
946.0 79.864
947.0 79.876
948.0 79.899
949.0 79.861999
950.0 79.834
951.0 79.845999
952.0 79.852
953.0 79.836
954.0 79.798
955.0 79.822999
956.0 79.808
957.0 79.793
958.0 79.785
959.0 79.742999
960.0 79.721
961.0 79.724999
962.0 79.684
963.0 79.645
964.0 79.625999
965.0 79.593999
966.0 79.569999
967.0 79.532
968.0 79.471
969.0 79.437
970.0 79.41
971.0 79.337999
972.0 79.286999
973.0 79.247999
974.0 79.188999
975.0 79.125999
976.0 79.098
977.0 79.039999
978.0 78.979999
979.0 78.905
980.0 78.815
981.0 78.77
982.0 78.712
983.0 78.602999
984.0 78.542
985.0 78.480999
986.0 78.396
987.0 78.336
988.0 78.264
989.0 78.185
990.0 78.125999
991.0 78.041
992.0 77.961
993.0 77.893999
994.0 77.821
995.0 77.718
996.0 77.651
997.0 77.568
998.0 77.492999
999.0 77.425
1000.0 77.349999
1001.0 77.263
1002.0 77.185
1003.0 77.095
1004.0 77.026
1005.0 76.944999
1006.0 76.869
1007.0 76.788
1008.0 76.712
1009.0 76.646999
1010.0 76.553
1011.0 76.475
1012.0 76.397
1013.0 76.324
1014.0 76.239999
1015.0 76.173
1016.0 76.102999
1017.0 76.019
1018.0 75.932
1019.0 75.854
1020.0 75.793
1021.0 75.723
1022.0 75.617999
1023.0 75.554
1024.0 75.453
1025.0 75.404
1026.0 75.307999
1027.0 75.229999
1028.0 75.169
1029.0 75.081
1030.0 75.068
1031.0 74.996
1032.0 74.968
1033.0 74.885
1034.0 74.818
1035.0 74.783
1036.0 74.694
1037.0 74.661999
1038.0 74.583
1039.0 74.541
1040.0 74.488
1041.0 74.437
1042.0 74.37
1043.0 74.342
1044.0 74.274
1045.0 74.238
1046.0 74.181
1047.0 74.117999
1048.0 74.054
1049.0 74.017
1050.0 73.992999
1051.0 73.926999
1052.0 73.919
1053.0 73.867999
1054.0 73.858999
1055.0 73.826
1056.0 73.792
1057.0 73.753
1058.0 73.743
1059.0 73.729999
1060.0 73.697999
1061.0 73.672
1062.0 73.637
1063.0 73.631999
1064.0 73.575
1065.0 73.582
1066.0 73.556
1067.0 73.568
1068.0 73.528
1069.0 73.54
1070.0 73.536
1071.0 73.543
1072.0 73.497999
1073.0 73.514
1074.0 73.489999
1075.0 73.485
1076.0 73.467
1077.0 73.426
1078.0 73.458
1079.0 73.455
1080.0 73.496
1081.0 73.468999
1082.0 73.515
1083.0 73.526
1084.0 73.526
1085.0 73.533
1086.0 73.594
1087.0 73.551
1088.0 73.528
1089.0 73.568999
1090.0 73.572
1091.0 73.577
1092.0 73.614
1093.0 73.687
1094.0 73.648
1095.0 73.634
1096.0 73.665
1097.0 73.694
1098.0 73.755
1099.0 73.811
1100.0 73.764
