190.0 0.033
191.0 0.084
192.0 0.022
193.0 0.052
194.0 0.051
195.0 0.076
196.0 0.027
197.0 0.02
198.0 0.042
199.0 0.029
200.0 0.033
201.0 0.021
202.0 0.028
203.0 0.04
204.0 0.021
205.0 0.01
206.0 0.023
207.0 0.011
208.0 -0.006
209.0 0.027
210.0 0.019
211.0 0.043
212.0 0.0
213.0 0.019
214.0 0.016
215.0 0.008
216.0 0.012
217.0 0.016
218.0 0.022
219.0 0.023
220.0 0.016
221.0 0.015
222.0 0.01
223.0 0.015
224.0 0.011
225.0 0.016
226.0 0.019
227.0 0.031
228.0 0.022
229.0 0.015
230.0 0.015
231.0 0.012
232.0 0.014
233.0 0.01
234.0 0.012
235.0 0.012
236.0 0.006
237.0 0.01
238.0 0.022
239.0 0.011
240.0 0.017
241.0 0.0
242.0 0.023
243.0 0.032
244.0 -0.002
245.0 0.02
246.0 0.021
247.0 0.025
248.0 0.022
249.0 0.013
250.0 0.018
251.0 0.023
252.0 0.009
253.0 0.031
254.0 0.018
255.0 0.025
256.0 0.03
257.0 0.017
258.0 0.011
259.0 0.046
260.0 0.003
261.0 0.006
262.0 0.016
263.0 0.018
264.0 0.006
265.0 0.031
266.0 0.019
267.0 0.032
268.0 0.014
269.0 0.024
270.0 0.022
271.0 0.021
272.0 0.015
273.0 0.033
274.0 0.018
275.0 0.039
276.0 0.034
277.0 0.013
278.0 0.021
279.0 0.034
280.0 0.03
281.0 0.026
282.0 0.035
283.0 0.06
284.0 0.031
285.0 0.023
286.0 0.015
287.0 0.023
288.0 0.035
289.0 0.027
290.0 0.038
291.0 0.063
292.0 0.022
293.0 0.041
294.0 0.024
295.0 0.025
296.0 -0.003
297.0 0.022
298.0 0.029
299.0 0.048
300.0 0.025
301.0 0.024
302.0 0.025
303.0 0.03
304.0 0.028
305.0 0.006
306.0 0.047
307.0 0.034
308.0 0.022
309.0 0.009
310.0 0.019
311.0 0.03
312.0 0.024
313.0 0.053
314.0 0.037
315.0 0.046
316.0 0.047
317.0 0.032
318.0 0.032
319.0 0.032
320.0 0.035
321.0 0.043
322.0 0.012
323.0 0.077
324.0 0.051
325.0 0.063
326.0 0.055
327.0 0.078
328.0 0.067
329.0 0.04
330.0 0.059
331.0 0.067
332.0 0.065
333.0 0.042
334.0 0.064
335.0 0.064
336.0 0.053
337.0 0.053
338.0 0.041
339.0 0.066
340.0 0.047
341.0 0.055999
342.0 0.02
343.0 0.039
344.0 0.041
345.0 0.029
346.0 0.045
347.0 0.057
348.0 0.044
349.0 0.044
350.0 0.04
351.0 0.051
352.0 0.06
353.0 0.068999
354.0 0.096
355.0 0.132
356.0 0.166
357.0 0.241
358.0 0.344
359.0 0.493
360.0 0.708
361.0 0.997
362.0 1.404
363.0 1.962
364.0 2.66
365.0 3.571
366.0 4.684
367.0 6.022
368.0 7.571
369.0 9.304
370.0 11.208
371.0 13.275
372.0 15.467
373.0 17.841
374.0 20.378
375.0 22.999
376.0 25.684
377.0 28.381
378.0 30.968
379.0 33.371
380.0 35.433
381.0 37.235
382.0 38.738
383.0 40.052
384.0 41.183
385.0 42.118
386.0 43.056
387.0 44.029
388.0 45.111
389.0 46.346
390.0 47.753
391.0 49.323
392.0 51.066
393.0 52.963
394.0 54.928
395.0 56.928
396.0 58.849
397.0 60.648
398.0 62.202
399.0 63.495
400.0 64.488999
401.0 65.145
402.0 65.464999
403.0 65.502
404.0 65.28
405.0 64.896
406.0 64.381999
407.0 63.831
408.0 63.267
409.0 62.757
410.0 62.346
411.0 62.08
412.0 61.907
413.0 61.938
414.0 62.114
415.0 62.483999
416.0 62.985
417.0 63.662
418.0 64.452
419.0 65.386
420.0 66.423
421.0 67.384999
422.0 68.501
423.0 69.702
424.0 70.831
425.0 71.92
426.0 72.938999
427.0 73.83
428.0 74.551
429.0 75.148
430.0 75.541
431.0 75.726
432.0 75.712
433.0 75.557
434.0 75.205
435.0 74.721999
436.0 74.138
437.0 73.482
438.0 72.749
439.0 72.014
440.0 71.27
441.0 70.511
442.0 69.821999
443.0 69.202
444.0 68.666
445.0 68.211
446.0 67.847
447.0 67.578999
448.0 67.412
449.0 67.345
450.0 67.388
451.0 67.536
452.0 67.788
453.0 68.107
454.0 68.523
455.0 69.018
456.0 69.616999
457.0 70.254
458.0 70.941
459.0 71.702
460.0 72.465999
461.0 73.295999
462.0 74.094
463.0 74.902
464.0 75.661999
465.0 76.396
466.0 77.068
467.0 77.691
468.0 78.22
469.0 78.661
470.0 79.052
471.0 79.291
472.0 79.416
473.0 79.474999
474.0 79.420999
475.0 79.266
476.0 79.022
477.0 78.69
478.0 78.289
479.0 77.839
480.0 77.310999
481.0 76.73
482.0 76.16
483.0 75.565
484.0 74.944
485.0 74.328
486.0 73.715
487.0 73.124
488.0 72.545
489.0 72.04
490.0 71.513
491.0 71.081
492.0 70.666
493.0 70.325999
494.0 70.018999
495.0 69.804
496.0 69.602
497.0 69.477999
498.0 69.419
499.0 69.393
500.0 69.447
501.0 69.537
502.0 69.693
503.0 69.894
504.0 70.155999
505.0 70.445
506.0 70.787
507.0 71.175
508.0 71.631
509.0 72.075
510.0 72.542
511.0 73.062
512.0 73.586
513.0 74.102999
514.0 74.658999
515.0 75.209
516.0 75.756999
517.0 76.291
518.0 76.815
519.0 77.34
520.0 77.805
521.0 78.268
522.0 78.678
523.0 79.052
524.0 79.366
525.0 79.679
526.0 79.913
527.0 80.089999
528.0 80.246
529.0 80.309
530.0 80.345
531.0 80.31
532.0 80.249
533.0 80.107
534.0 79.946
535.0 79.729
536.0 79.467
537.0 79.175
538.0 78.834
539.0 78.491
540.0 78.113999
541.0 77.715
542.0 77.295999
543.0 76.872
544.0 76.444999
545.0 76.009
546.0 75.58
547.0 75.169
548.0 74.743
549.0 74.326
550.0 73.955
551.0 73.563999
552.0 73.227
553.0 72.857
554.0 72.557
555.0 72.268
556.0 72.014
557.0 71.764
558.0 71.566
559.0 71.384
560.0 71.177
561.0 71.067
562.0 70.967
563.0 70.908
564.0 70.882
565.0 70.877
566.0 70.926999
567.0 70.989999
568.0 71.08
569.0 71.218
570.0 71.35
571.0 71.545
572.0 71.744
573.0 71.958999
574.0 72.236
575.0 72.497
576.0 72.824
577.0 73.137
578.0 73.479
579.0 73.828999
580.0 74.178
581.0 74.531
582.0 74.898
583.0 75.242
584.0 75.593
585.0 75.923
586.0 76.229
587.0 76.562
588.0 76.843999
589.0 77.133
590.0 77.416
591.0 77.700999
592.0 77.959999
593.0 78.227
594.0 78.468999
595.0 78.712999
596.0 78.946
597.0 79.155
598.0 79.372
599.0 79.56
600.0 79.718
601.0 79.854
602.0 80.0
603.0 80.092
604.0 80.183
605.0 80.218999
606.0 80.279
607.0 80.277
608.0 80.247999
609.0 80.203999
610.0 80.125999
611.0 80.030999
612.0 79.914
613.0 79.761
614.0 79.598
615.0 79.413
616.0 79.209
617.0 78.991
618.0 78.751
619.0 78.505
620.0 78.217
621.0 77.952
622.0 77.651
623.0 77.354
624.0 77.054
625.0 76.735
626.0 76.411
627.0 76.087999
628.0 75.771999
629.0 75.458
630.0 75.139
631.0 74.829
632.0 74.518
633.0 74.200999
634.0 73.898
635.0 73.602
636.0 73.316
637.0 73.039
638.0 72.779
639.0 72.517
640.0 72.280999
641.0 72.033999
642.0 71.801
643.0 71.594
644.0 71.403
645.0 71.22
646.0 71.056
647.0 70.907
648.0 70.77
649.0 70.646
650.0 70.539
651.0 70.426999
652.0 70.352999
653.0 70.289
654.0 70.225
655.0 70.176
656.0 70.176
657.0 70.166
658.0 70.162
659.0 70.170999
660.0 70.218999
661.0 70.256
662.0 70.309999
663.0 70.384999
664.0 70.469
665.0 70.569
666.0 70.663
667.0 70.8
668.0 70.921
669.0 71.068
670.0 71.211
671.0 71.393
672.0 71.544
673.0 71.716
674.0 71.89
675.0 72.087
676.0 72.279
677.0 72.483
678.0 72.708
679.0 72.923
680.0 73.157
681.0 73.37
682.0 73.574
683.0 73.815
684.0 74.146
685.0 74.429
686.0 74.648
687.0 74.889
688.0 75.099999
689.0 75.339
690.0 75.556
691.0 75.780999
692.0 75.992999
693.0 76.221
694.0 76.415
695.0 76.614
696.0 76.803999
697.0 76.996
698.0 77.176999
699.0 77.352
700.0 77.511
701.0 77.672
702.0 77.81
703.0 77.956
704.0 78.071
705.0 78.181
706.0 78.286999
707.0 78.381999
708.0 78.444
709.0 78.517
710.0 78.578999
711.0 78.612
712.0 78.639
713.0 78.656
714.0 78.649999
715.0 78.637
716.0 78.629
717.0 78.598999
718.0 78.529
719.0 78.480999
720.0 78.417
721.0 78.324
722.0 78.241
723.0 78.125
724.0 78.012
725.0 77.872
726.0 77.751
727.0 77.605
728.0 77.441
729.0 77.28
730.0 77.107
731.0 76.926
732.0 76.747
733.0 76.538
734.0 76.361
735.0 76.153
736.0 75.94
737.0 75.732999
738.0 75.521
739.0 75.280999
740.0 75.066999
741.0 74.85
742.0 74.613
743.0 74.386
744.0 74.153
745.0 73.938
746.0 73.701
747.0 73.456
748.0 73.238
749.0 73.002
750.0 72.783
751.0 72.554
752.0 72.334
753.0 72.111999
754.0 71.891
755.0 71.678
756.0 71.462999
757.0 71.248
758.0 71.057
759.0 70.866
760.0 70.65
761.0 70.482
762.0 70.285
763.0 70.107
764.0 69.943999
765.0 69.809
766.0 69.616999
767.0 69.5
768.0 69.352999
769.0 69.206
770.0 69.102
771.0 68.971
772.0 68.832
773.0 68.703
774.0 68.542999
775.0 68.423999
776.0 68.286999
777.0 68.139
778.0 67.967
779.0 67.832
780.0 67.721
781.0 67.695
782.0 67.674
783.0 67.694
784.0 67.753
785.0 67.761
786.0 67.752
787.0 67.73
788.0 67.674
789.0 67.657
790.0 67.631
791.0 67.596
792.0 67.573
793.0 67.548
794.0 67.569999
795.0 67.615
796.0 67.6
797.0 67.624
798.0 67.64
799.0 67.664
800.0 67.705
801.0 67.732
802.0 67.768
803.0 67.835
804.0 67.879
805.0 67.947
806.0 68.014
807.0 68.081
808.0 68.145
809.0 68.227
810.0 68.323
811.0 68.396999
812.0 68.464
813.0 68.575
814.0 68.651
815.0 68.761
816.0 68.852
817.0 68.959999
818.0 69.069999
819.0 69.176999
820.0 69.281
821.0 69.404
822.0 69.514
823.0 69.614
824.0 69.726
825.0 69.859
826.0 69.971999
827.0 70.099
828.0 70.215
829.0 70.331999
830.0 70.459999
831.0 70.577
832.0 70.698
833.0 70.81
834.0 70.93
835.0 71.065
836.0 71.167999
837.0 71.281
838.0 71.416
839.0 71.536999
840.0 71.642
841.0 71.749
842.0 71.851
843.0 71.96
844.0 72.086
845.0 72.161
846.0 72.277999
847.0 72.377
848.0 72.45
849.0 72.554
850.0 72.636
851.0 72.727
852.0 72.813
853.0 72.885
854.0 72.950999
855.0 73.009999
856.0 73.096999
857.0 73.133
858.0 73.201
859.0 73.24
860.0 73.289
861.0 73.336
862.0 73.39
863.0 73.39
864.0 73.452
865.0 73.474999
866.0 73.485999
867.0 73.514
868.0 73.512999
869.0 73.538
870.0 73.495
871.0 73.519
872.0 73.506
873.0 73.485
874.0 73.465
875.0 73.446
876.0 73.429
877.0 73.395
878.0 73.369
879.0 73.316
880.0 73.291
881.0 73.216
882.0 73.126
883.0 73.014
884.0 72.883
885.0 72.741999
886.0 72.619
887.0 72.506
888.0 72.397
889.0 72.303
890.0 72.201
891.0 72.106
892.0 71.999
893.0 71.909
894.0 71.789999
895.0 71.678
896.0 71.572999
897.0 71.464
898.0 71.352999
899.0 71.242999
900.0 71.133
901.0 71.016
902.0 70.902
903.0 70.813999
904.0 70.749
905.0 70.674
906.0 70.624
907.0 70.545999
908.0 70.494999
909.0 70.455
910.0 70.391
911.0 70.339
912.0 70.289999
913.0 70.242
914.0 70.172
915.0 70.111999
916.0 70.036
917.0 69.926999
918.0 69.855
919.0 69.748
920.0 69.645
921.0 69.521
922.0 69.427
923.0 69.289999
924.0 69.159
925.0 69.030999
926.0 68.911
927.0 68.777999
928.0 68.649
929.0 68.517
930.0 68.381
931.0 68.288
932.0 68.151
933.0 68.030999
934.0 67.913
935.0 67.784
936.0 67.655
937.0 67.534
938.0 67.395
939.0 67.286999
940.0 67.169
941.0 67.05
942.0 66.901
943.0 66.788
944.0 66.679999
945.0 66.59
946.0 66.459999
947.0 66.354
948.0 66.235999
949.0 66.166
950.0 66.063
951.0 65.956999
952.0 65.851
953.0 65.755
954.0 65.666
955.0 65.586999
956.0 65.482
957.0 65.405999
958.0 65.312
959.0 65.242
960.0 65.164999
961.0 65.086
962.0 65.011
963.0 64.94
964.0 64.877
965.0 64.798
966.0 64.722
967.0 64.672
968.0 64.619
969.0 64.536
970.0 64.476
971.0 64.42
972.0 64.38
973.0 64.327
974.0 64.288
975.0 64.212999
976.0 64.156
977.0 64.128
978.0 64.078
979.0 64.044
980.0 63.977
981.0 63.9
982.0 63.873
983.0 63.822999
984.0 63.803
985.0 63.759999
986.0 63.739999
987.0 63.719
988.0 63.703
989.0 63.688
990.0 63.694
991.0 63.697
992.0 63.666
993.0 63.671
994.0 63.663
995.0 63.63
996.0 63.641
997.0 63.637999
998.0 63.645
999.0 63.653
1000.0 63.665
1001.0 63.663
1002.0 63.699
1003.0 63.719
1004.0 63.736
1005.0 63.758
1006.0 63.769
1007.0 63.816
1008.0 63.822
1009.0 63.827
1010.0 63.877
1011.0 63.894
1012.0 63.922
1013.0 63.961
1014.0 63.991
1015.0 64.01
1016.0 64.037
1017.0 64.083
1018.0 64.12
1019.0 64.159
1020.0 64.204
1021.0 64.261
1022.0 64.283999
1023.0 64.357
1024.0 64.390999
1025.0 64.446
1026.0 64.488
1027.0 64.542999
1028.0 64.577
1029.0 64.634999
1030.0 64.694
1031.0 64.767
1032.0 64.804
1033.0 64.876
1034.0 64.932999
1035.0 64.983
1036.0 65.046
1037.0 65.129
1038.0 65.161999
1039.0 65.236
1040.0 65.266
1041.0 65.318
1042.0 65.391
1043.0 65.471
1044.0 65.558
1045.0 65.577
1046.0 65.633
1047.0 65.714
1048.0 65.783999
1049.0 65.846999
1050.0 65.91
1051.0 65.959
1052.0 66.027999
1053.0 66.093
1054.0 66.217
1055.0 66.252
1056.0 66.31
1057.0 66.381999
1058.0 66.443
1059.0 66.47
1060.0 66.566
1061.0 66.624
1062.0 66.67
1063.0 66.762999
1064.0 66.834999
1065.0 66.893999
1066.0 66.959999
1067.0 66.991
1068.0 67.02
1069.0 67.08
1070.0 67.151
1071.0 67.203
1072.0 67.285
1073.0 67.329
1074.0 67.352
1075.0 67.464
1076.0 67.478
1077.0 67.545999
1078.0 67.613
1079.0 67.655
1080.0 67.750999
1081.0 67.8
1082.0 67.866
1083.0 67.789
1084.0 67.892
1085.0 67.882
1086.0 67.927
1087.0 67.988
1088.0 68.005
1089.0 68.108
1090.0 68.124
1091.0 68.217
1092.0 68.211
1093.0 68.262
1094.0 68.237
1095.0 68.294999
1096.0 68.37
1097.0 68.435
1098.0 68.441
1099.0 68.431
1100.0 68.505
