190.0 0.047
191.0 0.137
192.0 0.046
193.0 0.065
194.0 0.033
195.0 0.052
196.0 0.027
197.0 0.039
198.0 0.025
199.0 0.029
200.0 0.021
201.0 0.02
202.0 0.019
203.0 0.037
204.0 0.026
205.0 0.031
206.0 0.017
207.0 0.026
208.0 0.022
209.0 0.016
210.0 0.014
211.0 0.032
212.0 0.022
213.0 0.024
214.0 0.01
215.0 0.018
216.0 0.037
217.0 0.029
218.0 0.023
219.0 0.033
220.0 0.018
221.0 0.018
222.0 0.024
223.0 0.031
224.0 0.024
225.0 0.024
226.0 0.027
227.0 0.041
228.0 0.018
229.0 0.026
230.0 0.017
231.0 0.02
232.0 0.024
233.0 0.017
234.0 0.025
235.0 0.037
236.0 0.012
237.0 0.006999
238.0 0.015
239.0 0.02
240.0 0.014
241.0 0.018
242.0 0.02
243.0 0.023
244.0 0.011
245.0 0.016
246.0 0.011
247.0 0.018
248.0 0.019
249.0 0.017
250.0 0.022
251.0 0.032
252.0 0.017
253.0 0.013
254.0 0.016
255.0 0.017
256.0 0.026
257.0 0.017
258.0 0.027
259.0 0.039
260.0 0.018
261.0 0.017
262.0 0.025
263.0 0.03
264.0 0.024
265.0 0.02
266.0 0.033
267.0 0.041
268.0 0.011
269.0 0.041
270.0 0.024
271.0 0.039
272.0 0.036
273.0 0.036
274.0 0.042
275.0 0.077
276.0 0.043
277.0 0.037
278.0 0.051
279.0 0.044
280.0 0.05
281.0 0.053
282.0 0.018
283.0 0.084
284.0 0.061
285.0 0.041
286.0 0.044
287.0 0.037
288.0 0.048
289.0 0.058
290.0 0.049
291.0 0.048
292.0 0.025
293.0 0.021
294.0 0.022
295.0 0.028
296.0 0.045
297.0 0.052
298.0 0.048
299.0 0.047
300.0 0.026
301.0 0.026
302.0 0.03
303.0 0.024
304.0 0.025
305.0 0.033
306.0 0.064
307.0 0.071
308.0 0.041
309.0 0.033
310.0 0.029
311.0 0.055
312.0 0.015
313.0 0.006
314.0 0.027
315.0 0.088
316.0 0.045
317.0 0.032
318.0 0.028
319.0 0.055999
320.0 0.055
321.0 0.006
322.0 0.053
323.0 0.093
324.0 0.026
325.0 0.055999
326.0 0.083
327.0 0.04
328.0 0.034
329.0 0.048
330.0 0.034
331.0 0.049
332.0 0.048
333.0 0.037
334.0 0.03
335.0 0.03
336.0 0.041
337.0 0.032
338.0 0.038
339.0 0.043
340.0 0.036
341.0 0.032
342.0 0.032
343.0 0.037
344.0 0.025
345.0 0.017
346.0 0.028
347.0 0.032
348.0 0.029
349.0 0.022
350.0 0.019
351.0 0.015
352.0 0.024
353.0 0.026
354.0 0.026
355.0 0.039
356.0 0.021
357.0 0.024
358.0 0.03
359.0 0.031
360.0 0.032
361.0 0.039
362.0 0.061
363.0 0.077
364.0 0.097
365.0 0.151
366.0 0.229
367.0 0.366
368.0 0.562
369.0 0.886
370.0 1.357
371.0 2.021
372.0 2.949
373.0 4.167
374.0 5.717
375.0 7.58
376.0 9.744
377.0 12.203
378.0 14.953
379.0 17.904
380.0 21.004
381.0 24.247
382.0 27.487
383.0 30.84
384.0 34.125
385.0 37.081
386.0 39.918
387.0 42.603
388.0 45.128
389.0 47.529
390.0 49.778
391.0 51.902
392.0 53.898999
393.0 55.773
394.0 57.518
395.0 59.155
396.0 60.684
397.0 62.111
398.0 63.444999
399.0 64.656
400.0 65.749
401.0 66.714
402.0 67.576
403.0 68.305
404.0 68.935999
405.0 69.462999
406.0 69.907
407.0 70.236
408.0 70.509999
409.0 70.767
410.0 70.984
411.0 71.142
412.0 71.312
413.0 71.442
414.0 71.599999
415.0 71.762
416.0 71.943
417.0 72.149
418.0 72.377
419.0 72.667
420.0 72.98
421.0 73.367999
422.0 73.703
423.0 74.072
424.0 74.453
425.0 74.866
426.0 75.274
427.0 75.665
428.0 76.046
429.0 76.428
430.0 76.758
431.0 77.042
432.0 77.331999
433.0 77.541
434.0 77.759999
435.0 77.908999
436.0 77.986999
437.0 78.047
438.0 78.069
439.0 78.068
440.0 78.022
441.0 77.925
442.0 77.858999
443.0 77.719
444.0 77.571
445.0 77.443
446.0 77.286
447.0 77.119
448.0 76.988999
449.0 76.839
450.0 76.748
451.0 76.637
452.0 76.548
453.0 76.509
454.0 76.432
455.0 76.461
456.0 76.480999
457.0 76.548
458.0 76.641
459.0 76.735
460.0 76.866999
461.0 77.044
462.0 77.232
463.0 77.419
464.0 77.643
465.0 77.883
466.0 78.121
467.0 78.364
468.0 78.604
469.0 78.846999
470.0 79.042
471.0 79.27
472.0 79.486
473.0 79.699
474.0 79.849
475.0 79.99
476.0 80.112
477.0 80.214
478.0 80.3
479.0 80.345
480.0 80.384
481.0 80.373
482.0 80.345999
483.0 80.301
484.0 80.215
485.0 80.132
486.0 80.044
487.0 79.893
488.0 79.781
489.0 79.608999
490.0 79.444999
491.0 79.286999
492.0 79.124
493.0 78.929
494.0 78.757
495.0 78.564
496.0 78.42
497.0 78.242999
498.0 78.102
499.0 77.928
500.0 77.819
501.0 77.672
502.0 77.596
503.0 77.507
504.0 77.44
505.0 77.393999
506.0 77.371
507.0 77.378
508.0 77.389
509.0 77.417
510.0 77.491
511.0 77.558
512.0 77.673
513.0 77.786
514.0 77.905
515.0 78.066
516.0 78.23
517.0 78.405
518.0 78.585
519.0 78.766
520.0 78.97
521.0 79.19
522.0 79.384999
523.0 79.605
524.0 79.806999
525.0 80.011
526.0 80.234
527.0 80.387
528.0 80.571
529.0 80.755
530.0 80.914
531.0 81.071
532.0 81.211
533.0 81.323
534.0 81.428
535.0 81.518
536.0 81.576
537.0 81.645
538.0 81.658
539.0 81.694999
540.0 81.699
541.0 81.676999
542.0 81.676
543.0 81.593999
544.0 81.533999
545.0 81.458
546.0 81.367999
547.0 81.250999
548.0 81.126
549.0 81.01
550.0 80.861999
551.0 80.700999
552.0 80.542999
553.0 80.383
554.0 80.203
555.0 80.044
556.0 79.864
557.0 79.699
558.0 79.5
559.0 79.321
560.0 79.179999
561.0 79.024
562.0 78.834
563.0 78.668
564.0 78.502
565.0 78.346999
566.0 78.195
567.0 78.049
568.0 77.927
569.0 77.807
570.0 77.7
571.0 77.586999
572.0 77.494
573.0 77.427
574.0 77.354
575.0 77.316
576.0 77.277
577.0 77.255
578.0 77.246
579.0 77.259999
580.0 77.306
581.0 77.342
582.0 77.411
583.0 77.478
584.0 77.59
585.0 77.685
586.0 77.813
587.0 77.944
588.0 78.081999
589.0 78.239
590.0 78.399
591.0 78.546
592.0 78.703999
593.0 78.875
594.0 79.036
595.0 79.194
596.0 79.357999
597.0 79.525
598.0 79.671
599.0 79.834
600.0 79.981
601.0 80.13
602.0 80.28
603.0 80.420999
604.0 80.572
605.0 80.69
606.0 80.818
607.0 80.944
608.0 81.054999
609.0 81.154
610.0 81.250999
611.0 81.32
612.0 81.399
613.0 81.47
614.0 81.517
615.0 81.559
616.0 81.575
617.0 81.611999
618.0 81.631
619.0 81.637
620.0 81.63
621.0 81.601
622.0 81.583
623.0 81.555
624.0 81.499
625.0 81.454
626.0 81.387
627.0 81.321
628.0 81.233
629.0 81.119
630.0 81.038
631.0 80.914
632.0 80.818
633.0 80.688999
634.0 80.557
635.0 80.428
636.0 80.285
637.0 80.134
638.0 79.985
639.0 79.849999
640.0 79.676999
641.0 79.529
642.0 79.357
643.0 79.207
644.0 79.041
645.0 78.881
646.0 78.715999
647.0 78.568
648.0 78.41
649.0 78.271
650.0 78.098
651.0 77.961
652.0 77.798999
653.0 77.647
654.0 77.503
655.0 77.373
656.0 77.242
657.0 77.12
658.0 77.008
659.0 76.892
660.0 76.776
661.0 76.671
662.0 76.581
663.0 76.488
664.0 76.411
665.0 76.346
666.0 76.276
667.0 76.212
668.0 76.175
669.0 76.117999
670.0 76.113
671.0 76.065
672.0 76.061
673.0 76.017
674.0 76.046
675.0 76.031
676.0 76.054
677.0 76.08
678.0 76.078999
679.0 76.108
680.0 76.146999
681.0 76.182
682.0 76.263
683.0 76.305
684.0 76.376
685.0 76.44
686.0 76.521
687.0 76.604
688.0 76.7
689.0 76.807
690.0 76.901
691.0 77.011
692.0 77.097
693.0 77.229
694.0 77.351
695.0 77.471
696.0 77.58
697.0 77.71
698.0 77.842
699.0 77.974
700.0 78.101
701.0 78.235
702.0 78.377
703.0 78.499
704.0 78.617
705.0 78.746
706.0 78.889
707.0 79.013
708.0 79.135
709.0 79.273
710.0 79.39
711.0 79.508
712.0 79.628
713.0 79.729
714.0 79.845999
715.0 79.959
716.0 80.072
717.0 80.148
718.0 80.271
719.0 80.337999
720.0 80.408
721.0 80.5
722.0 80.559
723.0 80.644
724.0 80.694
725.0 80.753
726.0 80.805
727.0 80.854
728.0 80.884
729.0 80.923999
730.0 80.954
731.0 80.979999
732.0 80.986
733.0 80.993
734.0 80.991
735.0 80.983999
736.0 80.974999
737.0 80.957
738.0 80.937
739.0 80.908
740.0 80.875
741.0 80.83
742.0 80.782
743.0 80.732
744.0 80.676999
745.0 80.601999
746.0 80.530999
747.0 80.453
748.0 80.393
749.0 80.293
750.0 80.208
751.0 80.113999
752.0 80.018
753.0 79.922
754.0 79.821
755.0 79.697
756.0 79.601999
757.0 79.486
758.0 79.361999
759.0 79.239
760.0 79.142
761.0 78.988
762.0 78.848
763.0 78.734
764.0 78.589
765.0 78.471
766.0 78.325999
767.0 78.184
768.0 78.054
769.0 77.912
770.0 77.761
771.0 77.634
772.0 77.49
773.0 77.372
774.0 77.255
775.0 77.117999
776.0 76.991
777.0 76.909
778.0 76.803
779.0 76.718
780.0 76.593999
781.0 76.451
782.0 76.31
783.0 76.145
784.0 75.975
785.0 75.837
786.0 75.738
787.0 75.621
788.0 75.480999
789.0 75.396
790.0 75.275
791.0 75.170999
792.0 75.065
793.0 74.944
794.0 74.839999
795.0 74.688
796.0 74.611
797.0 74.504
798.0 74.426
799.0 74.358
800.0 74.271
801.0 74.206
802.0 74.155
803.0 74.085
804.0 74.02
805.0 73.973
806.0 73.92
807.0 73.867999
808.0 73.821
809.0 73.768
810.0 73.745
811.0 73.7
812.0 73.664
813.0 73.637
814.0 73.627
815.0 73.611
816.0 73.609
817.0 73.558
818.0 73.568
819.0 73.575999
820.0 73.57
821.0 73.560999
822.0 73.586
823.0 73.593
824.0 73.599
825.0 73.611999
826.0 73.642
827.0 73.668
828.0 73.696
829.0 73.726
830.0 73.782
831.0 73.799
832.0 73.841
833.0 73.874
834.0 73.917
835.0 73.959
836.0 74.015
837.0 74.085
838.0 74.148
839.0 74.191
840.0 74.229999
841.0 74.318
842.0 74.381
843.0 74.456999
844.0 74.539
845.0 74.581
846.0 74.689
847.0 74.741
848.0 74.839
849.0 74.909
850.0 74.983
851.0 75.066
852.0 75.151
853.0 75.227999
854.0 75.334
855.0 75.419
856.0 75.497
857.0 75.587999
858.0 75.688999
859.0 75.751
860.0 75.864
861.0 75.947
862.0 76.024
863.0 76.116
864.0 76.219
865.0 76.312
866.0 76.382
867.0 76.479
868.0 76.586
869.0 76.652
870.0 76.747
871.0 76.831999
872.0 76.9
873.0 77.02
874.0 77.093999
875.0 77.215
876.0 77.259999
877.0 77.366
878.0 77.441
879.0 77.514
880.0 77.598999
881.0 77.687
882.0 77.752
883.0 77.874
884.0 77.976999
885.0 78.061
886.0 78.156
887.0 78.208999
888.0 78.285
889.0 78.349999
890.0 78.404
891.0 78.464
892.0 78.512
893.0 78.584
894.0 78.605
895.0 78.643
896.0 78.678
897.0 78.712999
898.0 78.732
899.0 78.757
900.0 78.783
901.0 78.806
902.0 78.805
903.0 78.82
904.0 78.837
905.0 78.815
906.0 78.842
907.0 78.797
908.0 78.792
909.0 78.752
910.0 78.702
911.0 78.656
912.0 78.612
913.0 78.566999
914.0 78.501
915.0 78.468
916.0 78.389
917.0 78.351
918.0 78.31
919.0 78.239999
920.0 78.172
921.0 78.125999
922.0 78.086
923.0 78.035
924.0 77.97
925.0 77.907
926.0 77.864
927.0 77.815
928.0 77.764
929.0 77.707
930.0 77.664999
931.0 77.631
932.0 77.585
933.0 77.534
934.0 77.486999
935.0 77.44
936.0 77.375
937.0 77.322
938.0 77.259
939.0 77.209
940.0 77.133
941.0 77.089
942.0 77.036
943.0 76.934
944.0 76.892
945.0 76.836
946.0 76.764
947.0 76.697999
948.0 76.651
949.0 76.589
950.0 76.505
951.0 76.432999
952.0 76.361
953.0 76.268999
954.0 76.217
955.0 76.128
956.0 76.073
957.0 75.991
958.0 75.921
959.0 75.845
960.0 75.764
961.0 75.673
962.0 75.599999
963.0 75.495
964.0 75.423
965.0 75.355
966.0 75.287
967.0 75.202
968.0 75.122
969.0 75.046
970.0 74.956
971.0 74.904
972.0 74.799
973.0 74.72
974.0 74.637
975.0 74.578999
976.0 74.499
977.0 74.369
978.0 74.349
979.0 74.282
980.0 74.304999
981.0 74.283
982.0 74.214
983.0 74.14
984.0 74.065
985.0 73.985
986.0 73.917999
987.0 73.846999
988.0 73.795
989.0 73.729999
990.0 73.644
991.0 73.597
992.0 73.511
993.0 73.426
994.0 73.389
995.0 73.307
996.0 73.236999
997.0 73.190999
998.0 73.131
999.0 73.062
1000.0 72.992999
1001.0 72.936
1002.0 72.889
1003.0 72.846
1004.0 72.784
1005.0 72.730999
1006.0 72.7
1007.0 72.635
1008.0 72.594
1009.0 72.552
1010.0 72.489
1011.0 72.485
1012.0 72.43
1013.0 72.384
1014.0 72.355
1015.0 72.298
1016.0 72.261
1017.0 72.228
1018.0 72.212
1019.0 72.202999
1020.0 72.139
1021.0 72.114999
1022.0 72.055
1023.0 72.057999
1024.0 72.036999
1025.0 72.012
1026.0 72.0
1027.0 71.970999
1028.0 71.946
1029.0 71.911
1030.0 71.94
1031.0 71.906
1032.0 71.886
1033.0 71.874
1034.0 71.855999
1035.0 71.846
1036.0 71.825
1037.0 71.833
1038.0 71.828
1039.0 71.819999
1040.0 71.825
1041.0 71.827
1042.0 71.831999
1043.0 71.806
1044.0 71.825
1045.0 71.819
1046.0 71.823
1047.0 71.755
1048.0 71.846
1049.0 71.828
1050.0 71.824
1051.0 71.866
1052.0 71.863
1053.0 71.867999
1054.0 71.914
1055.0 71.93
1056.0 71.950999
1057.0 71.982
1058.0 71.980999
1059.0 72.036
1060.0 72.047
1061.0 72.060999
1062.0 72.098
1063.0 72.128
1064.0 72.158999
1065.0 72.224
1066.0 72.216
1067.0 72.257
1068.0 72.235
1069.0 72.307
1070.0 72.304
1071.0 72.366
1072.0 72.362
1073.0 72.438
1074.0 72.443
1075.0 72.533999
1076.0 72.506
1077.0 72.589
1078.0 72.674
1079.0 72.634
1080.0 72.721999
1081.0 72.796
1082.0 72.828999
1083.0 72.861
1084.0 72.937
1085.0 72.996
1086.0 73.045
1087.0 73.044
1088.0 73.133
1089.0 73.16
1090.0 73.185999
1091.0 73.208
1092.0 73.235
1093.0 73.34
1094.0 73.438
1095.0 73.429
1096.0 73.556999
1097.0 73.57
1098.0 73.693
1099.0 73.721999
1100.0 73.715
