190.0 0.032
191.0 0.02
192.0 0.024
193.0 0.018
194.0 0.033
195.0 0.044
196.0 0.008
197.0 0.027
198.0 0.019
199.0 0.005
200.0 0.013
201.0 0.015
202.0 0.012
203.0 0.018
204.0 0.009
205.0 0.016
206.0 0.013
207.0 0.015
208.0 0.009
209.0 0.004
210.0 0.012
211.0 0.019
212.0 0.016
213.0 0.006999
214.0 0.009
215.0 0.013
216.0 0.002
217.0 0.008
218.0 0.018
219.0 0.016
220.0 0.006
221.0 0.013
222.0 0.009
223.0 0.011
224.0 0.006
225.0 0.01
226.0 0.009
227.0 0.021
228.0 0.011
229.0 0.011
230.0 0.004
231.0 0.011
232.0 0.003
233.0 0.014
234.0 0.008
235.0 0.024
236.0 0.006999
237.0 0.008
238.0 0.013
239.0 0.01
240.0 0.006999
241.0 0.01
242.0 0.008
243.0 0.014
244.0 0.012
245.0 0.006999
246.0 0.009
247.0 0.01
248.0 0.008
249.0 0.009
250.0 0.006999
251.0 0.028
252.0 0.008
253.0 0.011
254.0 0.009
255.0 0.005
256.0 0.01
257.0 0.015
258.0 0.014
259.0 0.03
260.0 0.019
261.0 0.014
262.0 0.016
263.0 0.018
264.0 0.016
265.0 0.019
266.0 0.022
267.0 0.033
268.0 0.02
269.0 0.014
270.0 0.019
271.0 0.015
272.0 0.022
273.0 0.016
274.0 0.011
275.0 0.033
276.0 0.014
277.0 0.018
278.0 0.021
279.0 0.012
280.0 0.021
281.0 0.026
282.0 0.021
283.0 0.05
284.0 0.021
285.0 0.019
286.0 0.006
287.0 0.02
288.0 0.022
289.0 0.025
290.0 0.02
291.0 0.042
292.0 0.015
293.0 0.011
294.0 0.02
295.0 0.009
296.0 0.023
297.0 0.014
298.0 0.021
299.0 0.038
300.0 0.021
301.0 0.018
302.0 0.01
303.0 0.017
304.0 0.023
305.0 0.008
306.0 0.024
307.0 0.043
308.0 0.017
309.0 0.023
310.0 0.025
311.0 0.029
312.0 0.036
313.0 0.019
314.0 0.027
315.0 0.034
316.0 0.027
317.0 0.032
318.0 0.031
319.0 0.021
320.0 0.024
321.0 0.022
322.0 0.02
323.0 0.054
324.0 0.014
325.0 0.021
326.0 0.022
327.0 0.065
328.0 0.071
329.0 0.061
330.0 0.066
331.0 0.084
332.0 0.068
333.0 0.06
334.0 0.043
335.0 0.054
336.0 0.059
337.0 0.052
338.0 0.05
339.0 0.066
340.0 0.057
341.0 0.058
342.0 0.055999
343.0 0.062
344.0 0.069999
345.0 0.084
346.0 0.091
347.0 0.132
348.0 0.161
349.0 0.205
350.0 0.277
351.0 0.378
352.0 0.517
353.0 0.689999
354.0 0.933999
355.0 1.261
356.0 1.654
357.0 2.168
358.0 2.808
359.0 3.586
360.0 4.514
361.0 5.607
362.0 6.866999
363.0 8.315
364.0 9.901999
365.0 11.668
366.0 13.581
367.0 15.638
368.0 17.79
369.0 19.998
370.0 22.257
371.0 24.546
372.0 26.824
373.0 29.079
374.0 31.295
375.0 33.425
376.0 35.478
377.0 37.45
378.0 39.298
379.0 41.055
380.0 42.674
381.0 44.299
382.0 45.781
383.0 47.334
384.0 48.829
385.0 50.233
386.0 51.597
387.0 52.951
388.0 54.297
389.0 55.621
390.0 56.892
391.0 58.158
392.0 59.384
393.0 60.546
394.0 61.661999
395.0 62.702
396.0 63.669
397.0 64.531
398.0 65.31
399.0 65.99
400.0 66.565
401.0 67.089
402.0 67.508
403.0 67.895
404.0 68.208
405.0 68.521
406.0 68.821
407.0 69.126
408.0 69.411
409.0 69.762
410.0 70.096999
411.0 70.494999
412.0 70.908
413.0 71.355
414.0 71.847
415.0 72.352999
416.0 72.914
417.0 73.456
418.0 73.995
419.0 74.521
420.0 75.019
421.0 75.524999
422.0 75.996
423.0 76.41
424.0 76.775
425.0 77.125999
426.0 77.377
427.0 77.598
428.0 77.758
429.0 77.857
430.0 77.907
431.0 77.929
432.0 77.892
433.0 77.856
434.0 77.78
435.0 77.717
436.0 77.634
437.0 77.559
438.0 77.495
439.0 77.447999
440.0 77.44
441.0 77.464
442.0 77.529
443.0 77.617999
444.0 77.756
445.0 77.936
446.0 78.137999
447.0 78.386
448.0 78.658
449.0 78.967
450.0 79.28
451.0 79.621
452.0 79.956999
453.0 80.312
454.0 80.667999
455.0 81.039
456.0 81.357
457.0 81.681
458.0 81.965
459.0 82.250999
460.0 82.494999
461.0 82.691999
462.0 82.862
463.0 82.982999
464.0 83.096
465.0 83.148
466.0 83.179999
467.0 83.165
468.0 83.118
469.0 83.04
470.0 82.947
471.0 82.836
472.0 82.687
473.0 82.537
474.0 82.393
475.0 82.225
476.0 82.042
477.0 81.893
478.0 81.789
479.0 81.652999
480.0 81.548
481.0 81.481
482.0 81.396
483.0 81.371
484.0 81.349
485.0 81.352999
486.0 81.408999
487.0 81.501
488.0 81.623
489.0 81.749
490.0 81.923999
491.0 82.12
492.0 82.333
493.0 82.598
494.0 82.847
495.0 83.153
496.0 83.477
497.0 83.759
498.0 84.06
499.0 84.384
500.0 84.682
501.0 85.013
502.0 85.324
503.0 85.617
504.0 85.873
505.0 86.119999
506.0 86.372
507.0 86.599999
508.0 86.745
509.0 86.929
510.0 87.078999
511.0 87.182999
512.0 87.244
513.0 87.302
514.0 87.31
515.0 87.316
516.0 87.244999
517.0 87.196
518.0 87.087
519.0 86.97
520.0 86.816
521.0 86.67
522.0 86.48
523.0 86.309
524.0 86.104
525.0 85.899
526.0 85.694999
527.0 85.47
528.0 85.259
529.0 85.062
530.0 84.861
531.0 84.658999
532.0 84.489999
533.0 84.348999
534.0 84.187
535.0 84.08
536.0 83.965999
537.0 83.887
538.0 83.822
539.0 83.795
540.0 83.767
541.0 83.776
542.0 83.798
543.0 83.847
544.0 83.926999
545.0 84.012
546.0 84.128
547.0 84.272
548.0 84.429
549.0 84.595
550.0 84.796
551.0 84.994
552.0 85.209999
553.0 85.435
554.0 85.694
555.0 85.91
556.0 86.156
557.0 86.423
558.0 86.676
559.0 86.95
560.0 87.168
561.0 87.419
562.0 87.682
563.0 87.917
564.0 88.165
565.0 88.361
566.0 88.568
567.0 88.751
568.0 88.931
569.0 89.059999
570.0 89.22
571.0 89.327
572.0 89.415
573.0 89.488999
574.0 89.545
575.0 89.571
576.0 89.587999
577.0 89.58
578.0 89.535
579.0 89.48
580.0 89.417999
581.0 89.325
582.0 89.226
583.0 89.084
584.0 88.959
585.0 88.818
586.0 88.665
587.0 88.496
588.0 88.327
589.0 88.146999
590.0 87.967
591.0 87.771
592.0 87.571
593.0 87.374
594.0 87.170999
595.0 86.968
596.0 86.753
597.0 86.539999
598.0 86.339
599.0 86.145
600.0 85.941
601.0 85.758
602.0 85.586
603.0 85.407
604.0 85.245
605.0 85.107
606.0 84.958
607.0 84.828
608.0 84.714999
609.0 84.625
610.0 84.553
611.0 84.486999
612.0 84.434
613.0 84.393
614.0 84.387
615.0 84.374
616.0 84.387
617.0 84.42
618.0 84.453
619.0 84.509999
620.0 84.575999
621.0 84.657
622.0 84.751
623.0 84.858999
624.0 84.976
625.0 85.102
626.0 85.258
627.0 85.402999
628.0 85.562
629.0 85.724999
630.0 85.892
631.0 86.075999
632.0 86.267
633.0 86.449
634.0 86.64
635.0 86.853
636.0 87.048
637.0 87.251
638.0 87.449
639.0 87.638
640.0 87.846
641.0 88.039
642.0 88.217
643.0 88.399
644.0 88.578999
645.0 88.763
646.0 88.914
647.0 89.069
648.0 89.215
649.0 89.336
650.0 89.491
651.0 89.587999
652.0 89.694
653.0 89.776
654.0 89.854
655.0 89.941
656.0 89.978
657.0 90.027
658.0 90.069
659.0 90.08
660.0 90.058
661.0 90.063999
662.0 90.026
663.0 90.006
664.0 89.928
665.0 89.884
666.0 89.8
667.0 89.718
668.0 89.604
669.0 89.508
670.0 89.381
671.0 89.254
672.0 89.075
673.0 88.959999
674.0 88.798999
675.0 88.642
676.0 88.468999
677.0 88.283999
678.0 88.117999
679.0 87.92
680.0 87.75
681.0 87.511
682.0 87.316
683.0 87.166
684.0 86.894
685.0 86.688
686.0 86.488
687.0 86.304
688.0 86.105
689.0 85.925
690.0 85.729999
691.0 85.541
692.0 85.357
693.0 85.181
694.0 85.003
695.0 84.835
696.0 84.677
697.0 84.54
698.0 84.385
699.0 84.235
700.0 84.111999
701.0 83.984
702.0 83.864
703.0 83.764
704.0 83.667999
705.0 83.566
706.0 83.486
707.0 83.401
708.0 83.351
709.0 83.298
710.0 83.242999
711.0 83.212
712.0 83.179
713.0 83.155
714.0 83.140999
715.0 83.140999
716.0 83.145
717.0 83.166
718.0 83.184
719.0 83.212
720.0 83.253
721.0 83.304999
722.0 83.359
723.0 83.407
724.0 83.486
725.0 83.545
726.0 83.627
727.0 83.725
728.0 83.799
729.0 83.898
730.0 84.017
731.0 84.116
732.0 84.218
733.0 84.358
734.0 84.477999
735.0 84.584999
736.0 84.721999
737.0 84.827
738.0 84.962999
739.0 85.107999
740.0 85.218999
741.0 85.38
742.0 85.5
743.0 85.624
744.0 85.784
745.0 85.902
746.0 86.036999
747.0 86.162
748.0 86.312
749.0 86.431
750.0 86.567
751.0 86.676
752.0 86.800999
753.0 86.916
754.0 87.034
755.0 87.127
756.0 87.253
757.0 87.331999
758.0 87.444999
759.0 87.538
760.0 87.624
761.0 87.699
762.0 87.756
763.0 87.829
764.0 87.886
765.0 87.925
766.0 87.985
767.0 88.011
768.0 88.042
769.0 88.068
770.0 88.087
771.0 88.110999
772.0 88.12
773.0 88.131
774.0 88.127
775.0 88.121
776.0 88.104
777.0 88.086
778.0 88.062
779.0 88.041
780.0 88.027
781.0 87.944999
782.0 87.857
783.0 87.783
784.0 87.702
785.0 87.590999
786.0 87.495
787.0 87.425
788.0 87.342
789.0 87.219
790.0 87.13
791.0 87.03
792.0 86.914
793.0 86.786
794.0 86.652
795.0 86.473999
796.0 86.361
797.0 86.214
798.0 86.072
799.0 85.933
800.0 85.777
801.0 85.648
802.0 85.484
803.0 85.35
804.0 85.178
805.0 85.024
806.0 84.874
807.0 84.721999
808.0 84.58
809.0 84.413
810.0 84.262
811.0 84.111999
812.0 83.958999
813.0 83.795
814.0 83.648
815.0 83.496
816.0 83.333
817.0 83.185
818.0 83.041
819.0 82.903
820.0 82.738
821.0 82.623
822.0 82.482
823.0 82.339
824.0 82.197
825.0 82.075
826.0 81.938999
827.0 81.804
828.0 81.694999
829.0 81.593999
830.0 81.461
831.0 81.355999
832.0 81.258
833.0 81.16
834.0 81.04
835.0 80.959999
836.0 80.852
837.0 80.788
838.0 80.703
839.0 80.628999
840.0 80.547
841.0 80.469
842.0 80.407
843.0 80.364
844.0 80.295
845.0 80.257
846.0 80.200999
847.0 80.16
848.0 80.123
849.0 80.095
850.0 80.083
851.0 80.045999
852.0 80.027
853.0 80.003999
854.0 79.999
855.0 79.979
856.0 79.988
857.0 79.983999
858.0 80.006
859.0 80.006
860.0 80.009
861.0 80.03
862.0 80.049
863.0 80.074
864.0 80.092
865.0 80.122
866.0 80.178
867.0 80.197
868.0 80.254
869.0 80.273
870.0 80.321
871.0 80.364
872.0 80.432999
873.0 80.478
874.0 80.545999
875.0 80.593999
876.0 80.657
877.0 80.727999
878.0 80.786999
879.0 80.828999
880.0 80.907
881.0 80.962
882.0 81.042
883.0 81.134
884.0 81.223
885.0 81.307
886.0 81.389
887.0 81.492
888.0 81.576
889.0 81.659
890.0 81.738
891.0 81.83
892.0 81.893
893.0 82.0
894.0 82.087
895.0 82.159
896.0 82.254
897.0 82.343999
898.0 82.416
899.0 82.514
900.0 82.577
901.0 82.678
902.0 82.747
903.0 82.806
904.0 82.878
905.0 82.941
906.0 83.021999
907.0 83.083
908.0 83.153
909.0 83.226999
910.0 83.289
911.0 83.34
912.0 83.414
913.0 83.485
914.0 83.533
915.0 83.608999
916.0 83.674
917.0 83.733999
918.0 83.809
919.0 83.852999
920.0 83.901
921.0 83.962999
922.0 84.026
923.0 84.078
924.0 84.064
925.0 84.147
926.0 84.170999
927.0 84.221999
928.0 84.239
929.0 84.274
930.0 84.287
931.0 84.316
932.0 84.325
933.0 84.35
934.0 84.352
935.0 84.360999
936.0 84.348999
937.0 84.362
938.0 84.36
939.0 84.355
940.0 84.339
941.0 84.322
942.0 84.303
943.0 84.304
944.0 84.239
945.0 84.224
946.0 84.199
947.0 84.174
948.0 84.131
949.0 84.075
950.0 84.059
951.0 84.04
952.0 83.988
953.0 83.935999
954.0 83.883
955.0 83.84
956.0 83.775
957.0 83.736999
958.0 83.681
959.0 83.613
960.0 83.541
961.0 83.481
962.0 83.411
963.0 83.342
964.0 83.277999
965.0 83.2
966.0 83.12
967.0 83.038
968.0 82.982999
969.0 82.876
970.0 82.816999
971.0 82.718999
972.0 82.649
973.0 82.563
974.0 82.454
975.0 82.386
976.0 82.301
977.0 82.208
978.0 82.084999
979.0 81.989999
980.0 81.949
981.0 81.876
982.0 81.808
983.0 81.715999
984.0 81.605999
985.0 81.523
986.0 81.432
987.0 81.342
988.0 81.223999
989.0 81.114
990.0 80.999
991.0 80.939
992.0 80.828
993.0 80.738
994.0 80.658
995.0 80.58
996.0 80.469
997.0 80.395
998.0 80.295
999.0 80.191
1000.0 80.105
1001.0 80.009
1002.0 79.92
1003.0 79.837999
1004.0 79.761
1005.0 79.654
1006.0 79.553
1007.0 79.473
1008.0 79.384999
1009.0 79.327
1010.0 79.227
1011.0 79.143
1012.0 79.093
1013.0 79.0
1014.0 78.918
1015.0 78.842999
1016.0 78.724
1017.0 78.652999
1018.0 78.59
1019.0 78.511
1020.0 78.446
1021.0 78.364
1022.0 78.310999
1023.0 78.244
1024.0 78.159
1025.0 78.133
1026.0 78.063
1027.0 77.998
1028.0 77.931
1029.0 77.877
1030.0 77.816
1031.0 77.763
1032.0 77.692
1033.0 77.656
1034.0 77.605
1035.0 77.551999
1036.0 77.476999
1037.0 77.434
1038.0 77.397
1039.0 77.371
1040.0 77.295999
1041.0 77.232999
1042.0 77.181999
1043.0 77.161999
1044.0 77.117999
1045.0 77.065
1046.0 77.053
1047.0 77.01
1048.0 76.958
1049.0 76.973
1050.0 76.928
1051.0 76.913
1052.0 76.881
1053.0 76.871
1054.0 76.836
1055.0 76.813
1056.0 76.779
1057.0 76.783999
1058.0 76.739999
1059.0 76.727
1060.0 76.724999
1061.0 76.688
1062.0 76.681
1063.0 76.659
1064.0 76.669
1065.0 76.643
1066.0 76.659
1067.0 76.62
1068.0 76.632
1069.0 76.605
1070.0 76.57
1071.0 76.612
1072.0 76.604
1073.0 76.581999
1074.0 76.605
1075.0 76.598999
1076.0 76.596
1077.0 76.563999
1078.0 76.617999
1079.0 76.575
1080.0 76.612
1081.0 76.605
1082.0 76.593999
1083.0 76.558
1084.0 76.592
1085.0 76.554
1086.0 76.625
1087.0 76.614999
1088.0 76.621
1089.0 76.596
1090.0 76.62
1091.0 76.673
1092.0 76.692
1093.0 76.699
1094.0 76.697999
1095.0 76.726
1096.0 76.763
1097.0 76.738
1098.0 76.775
1099.0 76.781
1100.0 76.742999
