#lon	#trans
190	1.80E-04
191	1.60E-04
192	1.70E-04
193	1.90E-04
194	1.50E-04
195	2.60E-04
196	1.60E-04
197	1.30E-04
198	1.60E-04
199	1.40E-04
200	1.20E-04
201	1.20E-04
202	1.20E-04
203	1.90E-04
204	1.40E-04
205	1.20E-04
206	9.00E-05
207	1.00E-04
208	7.00E-05
209	1.00E-04
210	1.00E-04
211	1.90E-04
212	1.00E-04
213	1.00E-04
214	8.00E-05
215	8.00E-05
216	7.00E-05
217	1.20E-04
218	7.00E-05
219	1.70E-04
220	1.00E-04
221	8.00E-05
222	1.00E-04
223	6.00E-05
224	4.00E-05
225	7.00E-05
226	9.00E-05
227	1.60E-04
228	7.00E-05
229	6.00E-05
230	6.00E-05
231	7.00E-05
232	8.00E-05
233	7.00E-05
234	7.00E-05
235	9.00E-05
236	6.00E-05
237	5.00E-05
238	6.00E-05
239	6.00E-05
240	7.00E-05
241	3.00E-05
242	1.40E-04
243	1.10E-04
244	7.00E-05
245	1.00E-04
246	9.00E-05
247	1.00E-04
248	9.00E-05
249	1.10E-04
250	5.00E-05
251	1.90E-04
252	8.00E-05
253	1.20E-04
254	8.00E-05
255	1.10E-04
256	1.30E-04
257	8.00E-05
258	1.00E-04
259	1.60E-04
260	1.60E-04
261	1.40E-04
262	1.70E-04
263	1.10E-04
264	1.50E-04
265	1.70E-04
266	1.60E-04
267	3.00E-04
268	1.70E-04
269	1.30E-04
270	1.50E-04
271	2.30E-04
272	1.40E-04
273	1.40E-04
274	2.50E-04
275	3.50E-04
276	1.10E-04
277	2.70E-04
278	1.80E-04
279	2.40E-04
280	1.70E-04
281	2.40E-04
282	1.30E-04
283	3.60E-04
284	2.00E-04
285	3.10E-04
286	3.50E-04
287	4.40E-04
288	5.50E-04
289	7.50E-04
290	0.00123
291	0.00169
292	0.0022
293	0.00315
294	0.00438
295	0.00611
296	0.00832
297	0.01113
298	0.01464
299	0.01922
300	0.0246
301	0.03115
302	0.03904
303	0.04829
304	0.05881
305	0.0709
306	0.08463
307	0.09973
308	0.11615
309	0.13398
310	0.15312
311	0.17378
312	0.19529
313	0.21783
314	0.24124
315	0.26509
316	0.2891
317	0.31371
318	0.3382
319	0.36278
320	0.38745
321	0.41172
322	0.43606
323	0.45991
324	0.48331
325	0.50561
326	0.52732
327	0.55071
328	0.57084
329	0.59056
330	0.60927
331	0.62712
332	0.64437
333	0.66066
334	0.6761
335	0.69097
336	0.70518
337	0.71823
338	0.73093
339	0.74269
340	0.75411
341	0.7646
342	0.77477
343	0.78405
344	0.79278
345	0.80094
346	0.80861
347	0.81574
348	0.82239
349	0.82877
350	0.83479
351	0.84018
352	0.84559
353	0.85044
354	0.85497
355	0.85921
356	0.86307
357	0.86665
358	0.87007
359	0.87323
360	0.87622
361	0.879
362	0.88155
363	0.88394
364	0.88595
365	0.88783
366	0.88969
367	0.89126
368	0.89262
369	0.89374
370	0.8948
371	0.89556
372	0.89591
373	0.89622
374	0.89609
375	0.89578
376	0.89549
377	0.8951
378	0.89471
379	0.89514
380	0.89529
381	0.89607
382	0.89721
383	0.89788
384	0.89947
385	0.90063
386	0.90217
387	0.9035
388	0.90463
389	0.90546
390	0.90628
391	0.90771
392	0.90832
393	0.90924
394	0.90989
395	0.91027
396	0.91082
397	0.91107
398	0.91162
399	0.9116
400	0.91163
401	0.91181
402	0.91184
403	0.9118
404	0.91198
405	0.91187
406	0.91153
407	0.91136
408	0.91127
409	0.91102
410	0.91094
411	0.91075
412	0.91056
413	0.91035
414	0.90997
415	0.91004
416	0.90976
417	0.90951
418	0.90935
419	0.90924
420	0.90915
421	0.90894
422	0.90885
423	0.9088
424	0.90851
425	0.90851
426	0.90847
427	0.90831
428	0.90813
429	0.90814
430	0.9079
431	0.90755
432	0.90739
433	0.90739
434	0.90727
435	0.90719
436	0.90712
437	0.90705
438	0.90707
439	0.90692
440	0.90671
441	0.90678
442	0.90688
443	0.90703
444	0.90702
445	0.90701
446	0.90717
447	0.9074
448	0.90739
449	0.9076
450	0.90761
451	0.90783
452	0.908
453	0.9081
454	0.90834
455	0.90848
456	0.90852
457	0.9088
458	0.90898
459	0.90909
460	0.90924
461	0.9094
462	0.90961
463	0.90971
464	0.90982
465	0.90961
466	0.91001
467	0.91042
468	0.91038
469	0.91053
470	0.91065
471	0.91092
472	0.91104
473	0.91109
474	0.91133
475	0.91156
476	0.91177
477	0.91176
478	0.912
479	0.91212
480	0.91228
481	0.91244
482	0.91279
483	0.91272
484	0.91277
485	0.91303
486	0.91337
487	0.91333
488	0.91343
489	0.91349
490	0.91385
491	0.91387
492	0.91402
493	0.91422
494	0.91418
495	0.91437
496	0.91442
497	0.91453
498	0.91473
499	0.91478
500	0.91497
501	0.91512
502	0.91513
503	0.91514
504	0.91524
505	0.91539
506	0.91545
507	0.9156
508	0.91566
509	0.91586
510	0.91588
511	0.91588
512	0.91591
513	0.91606
514	0.91604
515	0.91639
516	0.91629
517	0.9163
518	0.91642
519	0.91629
520	0.91644
521	0.91659
522	0.91652
523	0.91664
524	0.91666
525	0.91658
526	0.91651
527	0.91648
528	0.91651
529	0.91659
530	0.91653
531	0.91648
532	0.91644
533	0.91644
534	0.91647
535	0.91639
536	0.91648
537	0.91648
538	0.91653
539	0.91653
540	0.91638
541	0.91633
542	0.91651
543	0.91648
544	0.91639
545	0.91643
546	0.91636
547	0.91648
548	0.91639
549	0.91626
550	0.91612
551	0.91622
552	0.91622
553	0.91613
554	0.91618
555	0.9159
556	0.91611
557	0.91607
558	0.91586
559	0.91596
560	0.91595
561	0.91583
562	0.91594
563	0.91586
564	0.9158
565	0.91568
566	0.91586
567	0.91575
568	0.91576
569	0.91574
570	0.91562
571	0.91557
572	0.91565
573	0.91551
574	0.91547
575	0.91541
576	0.91531
577	0.91515
578	0.91529
579	0.91512
580	0.91513
581	0.915
582	0.91491
583	0.91482
584	0.91481
585	0.91471
586	0.91467
587	0.91466
588	0.91453
589	0.91454
590	0.91447
591	0.91452
592	0.9144
593	0.91444
594	0.91437
595	0.91433
596	0.91428
597	0.91427
598	0.91426
599	0.91415
600	0.91417
601	0.91404
602	0.91393
603	0.91392
604	0.91382
605	0.91378
606	0.91373
607	0.9137
608	0.91355
609	0.91357
610	0.91342
611	0.91341
612	0.91334
613	0.91326
614	0.91312
615	0.9131
616	0.91307
617	0.913
618	0.91293
619	0.91284
620	0.91275
621	0.91262
622	0.91258
623	0.91249
624	0.91235
625	0.91236
626	0.91229
627	0.91222
628	0.91215
629	0.9121
630	0.91206
631	0.91198
632	0.91199
633	0.91183
634	0.91185
635	0.9118
636	0.91161
637	0.91166
638	0.91158
639	0.91167
640	0.9114
641	0.91157
642	0.91149
643	0.9115
644	0.91133
645	0.91129
646	0.9113
647	0.91133
648	0.91124
649	0.91129
650	0.91122
651	0.91131
652	0.91112
653	0.91124
654	0.91111
655	0.91116
656	0.91104
657	0.91113
658	0.91114
659	0.91106
660	0.91107
661	0.91117
662	0.91106
663	0.91124
664	0.91104
665	0.91105
666	0.91109
667	0.91105
668	0.91117
669	0.91108
670	0.91091
671	0.91104
672	0.91093
673	0.91097
674	0.91124
675	0.91103
676	0.91102
677	0.91101
678	0.91105
679	0.91099
680	0.91101
681	0.91103
682	0.91106
683	0.91114
684	0.91101
685	0.91104
686	0.91101
687	0.911
688	0.9111
689	0.91104
690	0.91103
691	0.91094
692	0.9109
693	0.91087
694	0.91093
695	0.91072
696	0.91062
697	0.91067
698	0.91052
699	0.9106
700	0.91053
701	0.91057
702	0.91034
703	0.91018
704	0.91026
705	0.91017
706	0.9101
707	0.90998
708	0.9099
709	0.9098
710	0.90976
711	0.90971
712	0.90962
713	0.9095
714	0.90939
715	0.90934
716	0.90931
717	0.90913
718	0.90901
719	0.9089
720	0.90886
721	0.90868
722	0.90857
723	0.90839
724	0.90824
725	0.90827
726	0.90811
727	0.90804
728	0.90795
729	0.90781
730	0.90767
731	0.90754
732	0.9074
733	0.90725
734	0.90715
735	0.90703
736	0.90692
737	0.90686
738	0.90662
739	0.90657
740	0.90651
741	0.90633
742	0.90606
743	0.90604
744	0.90584
745	0.90571
746	0.90569
747	0.90555
748	0.9054
749	0.9052
750	0.90505
751	0.90497
752	0.90494
753	0.90462
754	0.90448
755	0.90453
756	0.90429
757	0.90414
758	0.90394
759	0.90388
760	0.90371
761	0.90355
762	0.90343
763	0.90315
764	0.90294
765	0.90294
766	0.90273
767	0.90261
768	0.90248
769	0.9023
770	0.90197
771	0.90194
772	0.90176
773	0.90184
774	0.90149
775	0.90136
776	0.90135
777	0.90106
778	0.90112
779	0.90091
780	0.9009
781	0.90067
782	0.90044
783	0.90041
784	0.90016
785	0.90025
786	0.90002
787	0.89981
788	0.89971
789	0.89971
790	0.89941
791	0.89942
792	0.89921
793	0.89896
794	0.89897
795	0.89868
796	0.89862
797	0.89852
798	0.89841
799	0.89823
800	0.89803
801	0.89798
802	0.89769
803	0.8978
804	0.8977
805	0.89751
806	0.89737
807	0.89731
808	0.89715
809	0.89713
810	0.89708
811	0.89702
812	0.89677
813	0.89665
814	0.8966
815	0.89654
816	0.89642
817	0.89629
818	0.89616
819	0.89614
820	0.89594
821	0.89588
822	0.89571
823	0.89567
824	0.89557
825	0.89549
826	0.89525
827	0.89527
828	0.89512
829	0.89503
830	0.89498
831	0.89485
832	0.89483
833	0.89471
834	0.89464
835	0.89464
836	0.89446
837	0.89435
838	0.89442
839	0.89422
840	0.89417
841	0.89406
842	0.89393
843	0.8939
844	0.8938
845	0.89378
846	0.89376
847	0.89354
848	0.89347
849	0.89341
850	0.89328
851	0.89348
852	0.8931
853	0.89311
854	0.89312
855	0.89291
856	0.89292
857	0.89289
858	0.89267
859	0.89272
860	0.89268
861	0.89252
862	0.89241
863	0.89241
864	0.89247
865	0.89233
866	0.89219
867	0.89226
868	0.89208
869	0.89215
870	0.89212
871	0.89196
872	0.89198
873	0.89181
874	0.89185
875	0.89175
876	0.89165
877	0.89144
878	0.89153
879	0.89134
880	0.89142
881	0.8912
882	0.89132
883	0.89109
884	0.89117
885	0.89094
886	0.89086
887	0.89085
888	0.8908
889	0.89077
890	0.8907
891	0.89058
892	0.89047
893	0.8904
894	0.89039
895	0.89052
896	0.89031
897	0.89023
898	0.89013
899	0.88978
900	0.88992
901	0.88991
902	0.88992
903	0.88982
904	0.88964
905	0.88969
906	0.88948
907	0.88964
908	0.88949
909	0.8894
910	0.88947
911	0.88932
912	0.88941
913	0.88937
914	0.88942
915	0.88944
916	0.88927
917	0.88943
918	0.88936
919	0.88925
920	0.88916
921	0.88912
922	0.88926
923	0.88918
924	0.88899
925	0.88901
926	0.88903
927	0.88878
928	0.88881
929	0.88877
930	0.88853
931	0.88833
932	0.8887
933	0.88854
934	0.88845
935	0.88847
936	0.88833
937	0.88832
938	0.88818
939	0.88812
940	0.88813
941	0.88813
942	0.8881
943	0.88794
944	0.88786
945	0.88785
946	0.88798
947	0.88781
948	0.88776
949	0.88749
950	0.88764
951	0.8876
952	0.88756
953	0.88743
954	0.88766
955	0.88752
956	0.88725
957	0.88728
958	0.88735
959	0.88714
960	0.88715
961	0.88725
962	0.88716
963	0.88703
964	0.88697
965	0.88704
966	0.88686
967	0.8871
968	0.8869
969	0.88679
970	0.88691
971	0.88699
972	0.88672
973	0.88693
974	0.88682
975	0.8868
976	0.88683
977	0.88668
978	0.88657
979	0.88641
980	0.88612
981	0.88619
982	0.88617
983	0.88619
984	0.88616
985	0.88611
986	0.88607
987	0.88605
988	0.88605
989	0.88601
990	0.88604
991	0.88596
992	0.88598
993	0.88588
994	0.8858
995	0.88586
996	0.88568
997	0.88581
998	0.88583
999	0.88569
1000	0.88569
1001	0.88567
1002	0.88562
1003	0.88529
1004	0.88526
1005	0.88513
1006	0.88499
1007	0.88558
1008	0.88546
1009	0.88541
1010	0.8854
1011	0.88535
1012	0.88532
1013	0.88537
1014	0.88537
1015	0.88549
1016	0.88538
1017	0.88528
1018	0.88537
1019	0.8854
1020	0.88539
1021	0.88528
1022	0.88525
1023	0.88539
1024	0.88535
1025	0.88532
1026	0.88531
1027	0.88527
1028	0.88535
1029	0.88502
1030	0.88516
1031	0.88517
1032	0.88515
1033	0.88544
1034	0.88533
1035	0.88533
1036	0.88522
1037	0.88529
1038	0.88503
1039	0.88545
1040	0.8852
1041	0.88531
1042	0.88549
1043	0.88542
1044	0.88534
1045	0.88558
1046	0.88544
1047	0.88586
1048	0.88544
1049	0.88568
1050	0.88565
1051	0.8856
1052	0.88557
1053	0.88557
1054	0.88536
1055	0.88506
1056	0.88588
1057	0.8856
1058	0.88529
1059	0.88568
1060	0.88556
1061	0.8856
1062	0.88553
1063	0.88535
1064	0.88548
1065	0.88563
1066	0.88564
1067	0.88561
1068	0.88577
1069	0.88569
1070	0.88547
1071	0.8859
1072	0.88564
1073	0.88559
1074	0.88568
1075	0.88581
1076	0.88571
1077	0.8855
1078	0.88542
1079	0.88565
1080	0.88575
1081	0.88561
1082	0.88546
1083	0.88588
1084	0.88596
1085	0.88594
1086	0.88611
1087	0.88609
1088	0.88554
1089	0.8858
1090	0.88607
1091	0.88591
1092	0.8856
1093	0.88618
1094	0.88609
1095	0.88592
1096	0.88571
1097	0.88557
1098	0.88602
1099	0.88624
1100	0.88619
