190.0 0.083
191.0 0.103
192.0 0.054
193.0 0.039
194.0 0.046
195.0 0.074
196.0 0.048
197.0 0.041
198.0 0.018
199.0 0.032
200.0 0.035
201.0 0.023
202.0 0.021
203.0 0.028
204.0 0.041
205.0 0.029
206.0 0.022
207.0 0.006
208.0 0.04
209.0 0.004
210.0 0.032
211.0 0.032
212.0 0.014
213.0 0.002
214.0 0.011
215.0 0.022
216.0 0.024
217.0 0.027
218.0 0.018
219.0 0.036
220.0 0.029
221.0 0.016
222.0 0.034
223.0 0.03
224.0 0.012
225.0 0.018
226.0 0.019
227.0 0.02
228.0 0.028
229.0 0.008
230.0 0.011
231.0 0.012
232.0 0.023
233.0 0.021
234.0 0.03
235.0 0.027
236.0 0.009
237.0 0.023
238.0 0.019
239.0 0.016
240.0 0.016
241.0 0.006
242.0 0.013
243.0 0.036
244.0 0.016
245.0 0.017
246.0 0.016
247.0 0.014
248.0 0.01
249.0 0.022
250.0 0.036
251.0 0.03
252.0 0.024
253.0 0.02
254.0 0.014
255.0 0.03
256.0 0.013
257.0 0.023
258.0 0.027
259.0 0.025
260.0 0.022
261.0 0.033
262.0 0.035
263.0 0.025
264.0 0.015
265.0 0.04
266.0 0.027
267.0 0.047
268.0 0.024
269.0 0.042
270.0 0.024
271.0 0.029
272.0 0.035
273.0 0.034
274.0 0.051
275.0 0.04
276.0 0.026
277.0 0.011
278.0 0.044
279.0 0.055
280.0 0.04
281.0 0.027
282.0 0.035
283.0 0.082
284.0 0.025
285.0 0.048
286.0 0.029
287.0 0.043
288.0 0.03
289.0 0.042
290.0 0.057
291.0 0.052
292.0 0.041
293.0 0.04
294.0 0.034
295.0 0.038
296.0 0.027
297.0 0.027
298.0 0.048
299.0 0.066
300.0 0.055999
301.0 0.036
302.0 0.04
303.0 0.027
304.0 0.041
305.0 0.017
306.0 0.054
307.0 0.082
308.0 0.019
309.0 0.03
310.0 0.049
311.0 0.037
312.0 0.041
313.0 0.06
314.0 0.061
315.0 0.058
316.0 0.031
317.0 0.047
318.0 0.064
319.0 0.045
320.0 0.053
321.0 0.043
322.0 0.047
323.0 0.085999
324.0 0.047
325.0 0.024
326.0 0.03
327.0 0.112
328.0 0.114
329.0 0.118
330.0 0.104
331.0 0.129
332.0 0.086999
333.0 0.069999
334.0 0.1
335.0 0.104
336.0 0.088
337.0 0.077
338.0 0.091
339.0 0.097
340.0 0.072
341.0 0.08
342.0 0.078
343.0 0.068999
344.0 0.068
345.0 0.072
346.0 0.068
347.0 0.072
348.0 0.054
349.0 0.059
350.0 0.065
351.0 0.067
352.0 0.064
353.0 0.064
354.0 0.083
355.0 0.12
356.0 0.123
357.0 0.188
358.0 0.256
359.0 0.347
360.0 0.508
361.0 0.742
362.0 1.083
363.0 1.566
364.0 2.168
365.0 3.019
366.0 4.077
367.0 5.401
368.0 7.005999
369.0 8.873
370.0 10.996
371.0 13.31
372.0 15.769
373.0 18.233
374.0 20.709
375.0 23.14
376.0 25.509
377.0 27.91
378.0 30.332
379.0 32.941
380.0 35.56
381.0 38.189
382.0 40.895
383.0 43.366
384.0 45.674
385.0 47.507
386.0 48.984
387.0 50.151
388.0 51.1
389.0 51.95
390.0 52.759
391.0 53.691999
392.0 54.786
393.0 56.067
394.0 57.566
395.0 59.225
396.0 61.008
397.0 62.828
398.0 64.584
399.0 66.211
400.0 67.649
401.0 68.774
402.0 69.589
403.0 70.077
404.0 70.26
405.0 70.147
406.0 69.864999
407.0 69.511
408.0 69.135
409.0 68.801999
410.0 68.581
411.0 68.518999
412.0 68.66
413.0 69.04
414.0 69.625
415.0 70.414
416.0 71.375
417.0 72.422
418.0 73.551999
419.0 74.731
420.0 75.866999
421.0 76.991
422.0 77.929
423.0 78.688999
424.0 79.253
425.0 79.598
426.0 79.678
427.0 79.565
428.0 79.239
429.0 78.715
430.0 78.132
431.0 77.455
432.0 76.762
433.0 76.051999
434.0 75.428
435.0 74.914999
436.0 74.531
437.0 74.266
438.0 74.19
439.0 74.233999
440.0 74.438999
441.0 74.831
442.0 75.366
443.0 76.015999
444.0 76.77
445.0 77.617999
446.0 78.5
447.0 79.38
448.0 80.272
449.0 81.139
450.0 81.94
451.0 82.626
452.0 83.199
453.0 83.602
454.0 83.879
455.0 83.999
456.0 83.938999
457.0 83.773
458.0 83.431
459.0 82.998
460.0 82.462999
461.0 81.824
462.0 81.164
463.0 80.489
464.0 79.833
465.0 79.174
466.0 78.601
467.0 78.098
468.0 77.656
469.0 77.314
470.0 77.093
471.0 76.974
472.0 76.983
473.0 77.092
474.0 77.309
475.0 77.647
476.0 78.061
477.0 78.576
478.0 79.152999
479.0 79.796
480.0 80.489999
481.0 81.22
482.0 81.957
483.0 82.697
484.0 83.408
485.0 84.111999
486.0 84.764
487.0 85.328999
488.0 85.839
489.0 86.277
490.0 86.607999
491.0 86.819
492.0 86.924
493.0 86.912
494.0 86.779
495.0 86.58
496.0 86.28
497.0 85.937
498.0 85.492
499.0 84.973
500.0 84.443
501.0 83.87
502.0 83.283
503.0 82.715999
504.0 82.171
505.0 81.639
506.0 81.15
507.0 80.700999
508.0 80.337
509.0 79.997
510.0 79.747999
511.0 79.554999
512.0 79.417
513.0 79.379
514.0 79.418
515.0 79.521
516.0 79.691
517.0 79.943
518.0 80.250999
519.0 80.664
520.0 81.057999
521.0 81.572
522.0 82.093999
523.0 82.608999
524.0 83.201
525.0 83.775
526.0 84.404
527.0 84.980999
528.0 85.590999
529.0 86.185999
530.0 86.733999
531.0 87.262
532.0 87.712
533.0 88.142
534.0 88.506
535.0 88.806
536.0 89.054999
537.0 89.208
538.0 89.295
539.0 89.34
540.0 89.289
541.0 89.148
542.0 88.994
543.0 88.734
544.0 88.429999
545.0 88.09
546.0 87.667
547.0 87.248
548.0 86.762
549.0 86.289
550.0 85.801
551.0 85.295
552.0 84.779
553.0 84.265999
554.0 83.816
555.0 83.351
556.0 82.956
557.0 82.536
558.0 82.19
559.0 81.855999
560.0 81.554
561.0 81.303
562.0 81.117999
563.0 80.954
564.0 80.863
565.0 80.825
566.0 80.824
567.0 80.864999
568.0 80.988
569.0 81.096999
570.0 81.295
571.0 81.494999
572.0 81.76
573.0 82.071
574.0 82.401
575.0 82.77
576.0 83.154
577.0 83.591
578.0 84.018
579.0 84.486999
580.0 84.932
581.0 85.428
582.0 85.896
583.0 86.378999
584.0 86.857
585.0 87.326
586.0 87.776
587.0 88.211
588.0 88.627
589.0 89.019
590.0 89.377
591.0 89.688
592.0 89.976
593.0 90.208999
594.0 90.381999
595.0 90.53
596.0 90.625999
597.0 90.664
598.0 90.657
599.0 90.598999
600.0 90.506
601.0 90.358
602.0 90.188
603.0 89.967
604.0 89.702
605.0 89.388
606.0 89.078999
607.0 88.723
608.0 88.343
609.0 87.959
610.0 87.555
611.0 87.126
612.0 86.689
613.0 86.271
614.0 85.84
615.0 85.414
616.0 85.013
617.0 84.613
618.0 84.214999
619.0 83.846
620.0 83.486999
621.0 83.149
622.0 82.83
623.0 82.537
624.0 82.262999
625.0 82.039
626.0 81.831
627.0 81.659
628.0 81.506999
629.0 81.384999
630.0 81.298
631.0 81.221
632.0 81.201
633.0 81.191
634.0 81.256
635.0 81.277
636.0 81.38
637.0 81.485
638.0 81.640999
639.0 81.795
640.0 81.994
641.0 82.206999
642.0 82.465
643.0 82.708
644.0 82.994
645.0 83.281
646.0 83.583
647.0 83.91
648.0 84.265
649.0 84.592
650.0 84.946
651.0 85.312
652.0 85.692
653.0 86.036
654.0 86.412
655.0 86.762
656.0 87.122
657.0 87.459
658.0 87.780999
659.0 88.104
660.0 88.434
661.0 88.723
662.0 89.005
663.0 89.265
664.0 89.506
665.0 89.712999
666.0 89.901
667.0 90.072
668.0 90.230999
669.0 90.325
670.0 90.417999
671.0 90.476
672.0 90.491999
673.0 90.511
674.0 90.494
675.0 90.413
676.0 90.332
677.0 90.279
678.0 90.078
679.0 89.924
680.0 89.756
681.0 89.537
682.0 89.328
683.0 89.108
684.0 88.827
685.0 88.569
686.0 88.268999
687.0 87.987
688.0 87.688999
689.0 87.38
690.0 87.041
691.0 86.729999
692.0 86.393
693.0 86.077
694.0 85.747
695.0 85.399
696.0 85.082
697.0 84.774
698.0 84.432
699.0 84.145
700.0 83.824
701.0 83.538
702.0 83.253
703.0 83.006999
704.0 82.732
705.0 82.501
706.0 82.268
707.0 82.065
708.0 81.852999
709.0 81.667999
710.0 81.517
711.0 81.333999
712.0 81.217
713.0 81.086
714.0 81.0
715.0 80.911
716.0 80.852999
717.0 80.805
718.0 80.77
719.0 80.744
720.0 80.77
721.0 80.767
722.0 80.813999
723.0 80.87
724.0 80.923
725.0 81.023
726.0 81.116999
727.0 81.218999
728.0 81.357
729.0 81.502
730.0 81.64
731.0 81.819
732.0 81.977
733.0 82.186
734.0 82.37
735.0 82.575
736.0 82.799
737.0 83.036
738.0 83.238999
739.0 83.5
740.0 83.747
741.0 83.988
742.0 84.229
743.0 84.492
744.0 84.724
745.0 84.988
746.0 85.242999
747.0 85.488
748.0 85.736
749.0 85.991
750.0 86.229
751.0 86.489
752.0 86.726
753.0 86.946
754.0 87.178
755.0 87.387
756.0 87.592
757.0 87.804
758.0 87.971999
759.0 88.142
760.0 88.314
761.0 88.441999
762.0 88.58
763.0 88.714
764.0 88.817
765.0 88.917
766.0 88.986
767.0 89.051999
768.0 89.078
769.0 89.125
770.0 89.153
771.0 89.141
772.0 89.151
773.0 89.109
774.0 89.081999
775.0 89.049
776.0 88.963
777.0 88.919
778.0 88.843
779.0 88.742
780.0 88.653
781.0 88.523
782.0 88.369
783.0 88.184
784.0 88.006
785.0 87.819999
786.0 87.633
787.0 87.451
788.0 87.239999
789.0 87.035
790.0 86.841
791.0 86.598
792.0 86.383
793.0 86.142
794.0 85.911
795.0 85.646999
796.0 85.377
797.0 85.141
798.0 84.914
799.0 84.649
800.0 84.405
801.0 84.155999
802.0 83.935
803.0 83.703
804.0 83.450999
805.0 83.23
806.0 82.98
807.0 82.753
808.0 82.5
809.0 82.298
810.0 82.113
811.0 81.901
812.0 81.682
813.0 81.489999
814.0 81.286999
815.0 81.127
816.0 80.959
817.0 80.766
818.0 80.589
819.0 80.474999
820.0 80.319
821.0 80.16
822.0 80.053
823.0 79.942
824.0 79.805
825.0 79.706
826.0 79.622
827.0 79.527
828.0 79.458
829.0 79.402
830.0 79.303
831.0 79.283999
832.0 79.242999
833.0 79.196999
834.0 79.191
835.0 79.167
836.0 79.178
837.0 79.167
838.0 79.195
839.0 79.202
840.0 79.239999
841.0 79.286999
842.0 79.309
843.0 79.364
844.0 79.427
845.0 79.507
846.0 79.562999
847.0 79.668
848.0 79.766
849.0 79.852999
850.0 79.915
851.0 80.042
852.0 80.166
853.0 80.308
854.0 80.392
855.0 80.537
856.0 80.679
857.0 80.810999
858.0 80.954
859.0 81.114
860.0 81.242999
861.0 81.417
862.0 81.587
863.0 81.726
864.0 81.88
865.0 82.069
866.0 82.226
867.0 82.401
868.0 82.575
869.0 82.747
870.0 82.908
871.0 83.076
872.0 83.257
873.0 83.405
874.0 83.601
875.0 83.74
876.0 83.914
877.0 84.084
878.0 84.249
879.0 84.396
880.0 84.512
881.0 84.687
882.0 84.824999
883.0 84.955
884.0 85.108999
885.0 85.236999
886.0 85.401
887.0 85.579
888.0 85.714
889.0 85.833
890.0 85.948
891.0 86.039
892.0 86.162
893.0 86.229
894.0 86.343999
895.0 86.389
896.0 86.482
897.0 86.548
898.0 86.611
899.0 86.641
900.0 86.697
901.0 86.731
902.0 86.777
903.0 86.756999
904.0 86.768
905.0 86.751
906.0 86.749
907.0 86.765
908.0 86.76
909.0 86.717
910.0 86.691
911.0 86.644
912.0 86.599
913.0 86.548999
914.0 86.476
915.0 86.428
916.0 86.358
917.0 86.312999
918.0 86.236999
919.0 86.139
920.0 86.072
921.0 85.965999
922.0 85.858
923.0 85.762
924.0 85.654
925.0 85.527
926.0 85.432
927.0 85.315
928.0 85.168
929.0 85.053
930.0 84.917
931.0 84.768
932.0 84.631
933.0 84.492999
934.0 84.334
935.0 84.169
936.0 84.033999
937.0 83.89
938.0 83.701
939.0 83.545999
940.0 83.375999
941.0 83.22
942.0 83.039
943.0 82.869
944.0 82.726999
945.0 82.555
946.0 82.402
947.0 82.226999
948.0 82.063
949.0 81.929
950.0 81.777999
951.0 81.616999
952.0 81.455999
953.0 81.296
954.0 81.179
955.0 81.004
956.0 80.852
957.0 80.72
958.0 80.552
959.0 80.427
960.0 80.283
961.0 80.157
962.0 79.985
963.0 79.905
964.0 79.71
965.0 79.604
966.0 79.493
967.0 79.369
968.0 79.254
969.0 79.132
970.0 79.029
971.0 78.935
972.0 78.836
973.0 78.708999
974.0 78.581999
975.0 78.506
976.0 78.4
977.0 78.305
978.0 78.242999
979.0 78.193
980.0 78.131
981.0 78.123
982.0 78.062
983.0 77.992999
984.0 77.929
985.0 77.88
986.0 77.818
987.0 77.769
988.0 77.727
989.0 77.724999
990.0 77.669
991.0 77.671
992.0 77.598999
993.0 77.607
994.0 77.589
995.0 77.583
996.0 77.575999
997.0 77.581
998.0 77.578
999.0 77.585
1000.0 77.586999
1001.0 77.598999
1002.0 77.625
1003.0 77.616
1004.0 77.622999
1005.0 77.681
1006.0 77.7
1007.0 77.739999
1008.0 77.759
1009.0 77.798999
1010.0 77.853
1011.0 77.872
1012.0 77.936
1013.0 77.944
1014.0 78.01
1015.0 78.03
1016.0 78.108
1017.0 78.173
1018.0 78.236
1019.0 78.293
1020.0 78.344
1021.0 78.432
1022.0 78.534
1023.0 78.627
1024.0 78.678
1025.0 78.762
1026.0 78.834999
1027.0 78.920999
1028.0 78.989
1029.0 79.08
1030.0 79.191
1031.0 79.247999
1032.0 79.349999
1033.0 79.443
1034.0 79.521
1035.0 79.603
1036.0 79.700999
1037.0 79.777
1038.0 79.898
1039.0 79.979
1040.0 80.038
1041.0 80.139
1042.0 80.235
1043.0 80.332
1044.0 80.420999
1045.0 80.497
1046.0 80.6
1047.0 80.715
1048.0 80.801999
1049.0 80.891
1050.0 81.0
1051.0 81.095
1052.0 81.186
1053.0 81.258
1054.0 81.401
1055.0 81.44
1056.0 81.494999
1057.0 81.608
1058.0 81.67
1059.0 81.749
1060.0 81.877
1061.0 81.916
1062.0 82.011
1063.0 82.057999
1064.0 82.152999
1065.0 82.250999
1066.0 82.323
1067.0 82.342
1068.0 82.396
1069.0 82.528
1070.0 82.54
1071.0 82.587999
1072.0 82.655
1073.0 82.698
1074.0 82.75
1075.0 82.806
1076.0 82.828999
1077.0 82.902
1078.0 82.915
1079.0 82.962999
1080.0 82.986
1081.0 83.036
1082.0 83.09
1083.0 83.086
1084.0 83.087
1085.0 83.124
1086.0 83.128999
1087.0 83.102
1088.0 83.167
1089.0 83.14
1090.0 83.203
1091.0 83.223
1092.0 83.147
1093.0 83.153
1094.0 83.189
1095.0 83.142
1096.0 83.142
1097.0 83.197
1098.0 83.044
1099.0 83.189
1100.0 83.122
