190.0 0.039
191.0 0.068999
192.0 0.038
193.0 0.071
194.0 0.031
195.0 0.064
196.0 0.061
197.0 0.02
198.0 0.044
199.0 0.023
200.0 0.031
201.0 0.045
202.0 0.031
203.0 0.066
204.0 0.025
205.0 0.032
206.0 0.033
207.0 0.015
208.0 0.032
209.0 0.023
210.0 0.031
211.0 0.039
212.0 0.023
213.0 0.017
214.0 0.029
215.0 0.024
216.0 0.016
217.0 0.032
218.0 0.025
219.0 0.047
220.0 0.031
221.0 0.015
222.0 0.024
223.0 0.025
224.0 0.024
225.0 0.018
226.0 0.008
227.0 0.032
228.0 0.012
229.0 0.031
230.0 0.029
231.0 0.019
232.0 0.028
233.0 0.013
234.0 0.031
235.0 0.025
236.0 0.02
237.0 0.009
238.0 0.013
239.0 0.006
240.0 0.019
241.0 0.012
242.0 0.02
243.0 0.03
244.0 0.028
245.0 0.027
246.0 0.001
247.0 0.003
248.0 0.022
249.0 0.017
250.0 0.023
251.0 0.043
252.0 0.033
253.0 0.016
254.0 0.014
255.0 0.012
256.0 0.017
257.0 0.016
258.0 0.024
259.0 0.036
260.0 0.032
261.0 0.014
262.0 0.019
263.0 0.023
264.0 0.03
265.0 0.024
266.0 0.044
267.0 0.061
268.0 0.013
269.0 0.043
270.0 0.042
271.0 0.033
272.0 0.021
273.0 0.022
274.0 0.038
275.0 0.027
276.0 0.039
277.0 0.047
278.0 0.026
279.0 0.045
280.0 0.024
281.0 0.033
282.0 0.047
283.0 0.025
284.0 0.05
285.0 0.029
286.0 0.032
287.0 0.024
288.0 0.047
289.0 0.045
290.0 0.046
291.0 0.064
292.0 0.046
293.0 0.03
294.0 0.043
295.0 0.037
296.0 0.046
297.0 0.039
298.0 0.036
299.0 0.071
300.0 0.026
301.0 0.031
302.0 0.038
303.0 0.044
304.0 0.052
305.0 0.033
306.0 0.036
307.0 0.065
308.0 0.049
309.0 0.037
310.0 0.04
311.0 0.021
312.0 0.041
313.0 0.043
314.0 0.043
315.0 0.082
316.0 0.035
317.0 0.017
318.0 0.062
319.0 0.015
320.0 0.045
321.0 0.054
322.0 0.064
323.0 0.053
324.0 0.033
325.0 0.054
326.0 0.047
327.0 0.038
328.0 0.054
329.0 0.055
330.0 0.055999
331.0 0.077
332.0 0.036
333.0 0.055
334.0 0.041
335.0 0.047
336.0 0.024
337.0 0.034
338.0 0.044
339.0 0.047
340.0 0.027
341.0 0.028
342.0 0.034
343.0 0.024
344.0 0.028
345.0 0.031
346.0 0.018
347.0 0.043
348.0 0.025
349.0 0.027
350.0 0.033
351.0 0.024
352.0 0.033
353.0 0.031
354.0 0.041
355.0 0.044
356.0 0.049
357.0 0.06
358.0 0.079
359.0 0.131
360.0 0.205
361.0 0.315
362.0 0.509
363.0 0.793999
364.0 1.195
365.0 1.741
366.0 2.51
367.0 3.497
368.0 4.737
369.0 6.256
370.0 8.039999
371.0 10.056
372.0 12.271
373.0 14.645
374.0 17.082
375.0 19.577
376.0 22.087
377.0 24.561
378.0 27.032
379.0 29.465
380.0 31.798
381.0 34.11
382.0 36.461
383.0 38.852
384.0 41.175
385.0 43.268
386.0 45.265
387.0 47.134
388.0 48.884
389.0 50.496
390.0 52.006
391.0 53.407
392.0 54.744
393.0 56.028
394.0 57.248
395.0 58.459
396.0 59.654
397.0 60.792
398.0 61.915
399.0 62.951
400.0 63.949
401.0 64.846999
402.0 65.643
403.0 66.371
404.0 67.037
405.0 67.605999
406.0 68.11
407.0 68.574
408.0 69.014
409.0 69.438
410.0 69.859
411.0 70.289
412.0 70.776
413.0 71.264
414.0 71.755
415.0 72.280999
416.0 72.794
417.0 73.287
418.0 73.8
419.0 74.25
420.0 74.684
421.0 75.117999
422.0 75.491
423.0 75.773
424.0 76.017
425.0 76.223
426.0 76.388
427.0 76.482
428.0 76.605
429.0 76.679
430.0 76.765
431.0 76.798
432.0 76.897
433.0 77.005
434.0 77.164
435.0 77.301
436.0 77.497
437.0 77.715
438.0 77.95
439.0 78.227999
440.0 78.473
441.0 78.762
442.0 78.982
443.0 79.236999
444.0 79.466
445.0 79.63
446.0 79.786
447.0 79.911
448.0 79.974999
449.0 80.033
450.0 80.045
451.0 80.023
452.0 79.978
453.0 79.896
454.0 79.829
455.0 79.746
456.0 79.655
457.0 79.559
458.0 79.503999
459.0 79.467
460.0 79.459
461.0 79.478
462.0 79.55
463.0 79.635
464.0 79.747
465.0 79.891
466.0 80.113
467.0 80.316
468.0 80.526
469.0 80.777
470.0 81.045999
471.0 81.297
472.0 81.551
473.0 81.781
474.0 82.014
475.0 82.213
476.0 82.357
477.0 82.544
478.0 82.652999
479.0 82.752
480.0 82.827
481.0 82.87
482.0 82.847
483.0 82.799
484.0 82.784
485.0 82.678
486.0 82.587999
487.0 82.454
488.0 82.327
489.0 82.201
490.0 82.072999
491.0 81.966
492.0 81.869
493.0 81.776
494.0 81.730999
495.0 81.682
496.0 81.691999
497.0 81.741
498.0 81.791
499.0 81.881
500.0 82.016
501.0 82.179
502.0 82.384999
503.0 82.578
504.0 82.804999
505.0 83.04
506.0 83.308
507.0 83.567
508.0 83.809
509.0 84.092
510.0 84.331
511.0 84.577
512.0 84.807999
513.0 85.014
514.0 85.205
515.0 85.384
516.0 85.511
517.0 85.614999
518.0 85.697999
519.0 85.773
520.0 85.765
521.0 85.759
522.0 85.689
523.0 85.633
524.0 85.551999
525.0 85.414999
526.0 85.26
527.0 85.119
528.0 84.921
529.0 84.759
530.0 84.551
531.0 84.35
532.0 84.143
533.0 83.977999
534.0 83.797
535.0 83.654
536.0 83.494
537.0 83.39
538.0 83.294
539.0 83.214999
540.0 83.191999
541.0 83.15
542.0 83.176
543.0 83.241
544.0 83.311
545.0 83.402
546.0 83.532
547.0 83.658
548.0 83.828999
549.0 84.036
550.0 84.214
551.0 84.441
552.0 84.65
553.0 84.899999
554.0 85.119999
555.0 85.349
556.0 85.584
557.0 85.794
558.0 86.033
559.0 86.217
560.0 86.4
561.0 86.558
562.0 86.741999
563.0 86.836
564.0 86.958
565.0 87.054
566.0 87.119
567.0 87.145
568.0 87.156
569.0 87.128
570.0 87.063
571.0 87.02
572.0 86.890999
573.0 86.783
574.0 86.648
575.0 86.472
576.0 86.275
577.0 86.075
578.0 85.846999
579.0 85.636
580.0 85.397
581.0 85.155
582.0 84.914999
583.0 84.676
584.0 84.465
585.0 84.269
586.0 84.063
587.0 83.902
588.0 83.726
589.0 83.587999
590.0 83.457
591.0 83.374
592.0 83.277999
593.0 83.225
594.0 83.169
595.0 83.145
596.0 83.137
597.0 83.167999
598.0 83.197
599.0 83.267
600.0 83.34
601.0 83.457
602.0 83.581999
603.0 83.717
604.0 83.883
605.0 84.057999
606.0 84.263
607.0 84.469
608.0 84.689
609.0 84.902
610.0 85.152
611.0 85.393
612.0 85.637
613.0 85.902
614.0 86.143
615.0 86.399
616.0 86.646
617.0 86.878
618.0 87.114999
619.0 87.325
620.0 87.557
621.0 87.733999
622.0 87.938
623.0 88.107
624.0 88.252
625.0 88.407
626.0 88.533
627.0 88.639
628.0 88.705
629.0 88.775
630.0 88.819999
631.0 88.829
632.0 88.829
633.0 88.802
634.0 88.762
635.0 88.703
636.0 88.631
637.0 88.519
638.0 88.396
639.0 88.255
640.0 88.116
641.0 87.952
642.0 87.765
643.0 87.571
644.0 87.372
645.0 87.164
646.0 86.967
647.0 86.721
648.0 86.507
649.0 86.275
650.0 86.055
651.0 85.816
652.0 85.589
653.0 85.378
654.0 85.173
655.0 84.965999
656.0 84.771
657.0 84.592
658.0 84.42
659.0 84.277
660.0 84.129
661.0 84.001
662.0 83.906
663.0 83.795
664.0 83.714999
665.0 83.647
666.0 83.592999
667.0 83.575
668.0 83.567
669.0 83.572
670.0 83.616999
671.0 83.64
672.0 83.701
673.0 83.803
674.0 83.884
675.0 83.982999
676.0 84.116999
677.0 84.246
678.0 84.387
679.0 84.565
680.0 84.736999
681.0 84.894
682.0 85.096999
683.0 85.292999
684.0 85.484
685.0 85.662
686.0 85.869
687.0 86.098
688.0 86.318
689.0 86.546
690.0 86.755
691.0 86.972
692.0 87.166
693.0 87.375
694.0 87.597
695.0 87.789
696.0 87.982
697.0 88.169
698.0 88.346999
699.0 88.503
700.0 88.649
701.0 88.798
702.0 88.925
703.0 89.041
704.0 89.143
705.0 89.239
706.0 89.301
707.0 89.374
708.0 89.411
709.0 89.44
710.0 89.446
711.0 89.455
712.0 89.441999
713.0 89.408
714.0 89.378
715.0 89.307
716.0 89.234
717.0 89.136
718.0 89.044
719.0 88.92
720.0 88.792
721.0 88.646
722.0 88.506
723.0 88.33
724.0 88.161
725.0 87.998
726.0 87.791
727.0 87.611999
728.0 87.390999
729.0 87.181
730.0 86.968
731.0 86.743
732.0 86.541
733.0 86.311
734.0 86.068
735.0 85.865
736.0 85.628
737.0 85.405
738.0 85.188
739.0 84.971
740.0 84.763
741.0 84.545
742.0 84.346
743.0 84.162
744.0 83.949
745.0 83.775
746.0 83.613
747.0 83.441
748.0 83.289
749.0 83.170999
750.0 83.026
751.0 82.898
752.0 82.776
753.0 82.658
754.0 82.569
755.0 82.505
756.0 82.431
757.0 82.38
758.0 82.328
759.0 82.309
760.0 82.298
761.0 82.250999
762.0 82.277
763.0 82.301
764.0 82.324
765.0 82.352999
766.0 82.405
767.0 82.459
768.0 82.523
769.0 82.584
770.0 82.673
771.0 82.767
772.0 82.872999
773.0 82.988
774.0 83.135
775.0 83.274
776.0 83.411
777.0 83.55
778.0 83.723
779.0 83.883
780.0 84.05
781.0 84.209
782.0 84.348999
783.0 84.488
784.0 84.619
785.0 84.769
786.0 84.934
787.0 85.098
788.0 85.283
789.0 85.468
790.0 85.658
791.0 85.828999
792.0 85.992999
793.0 86.173999
794.0 86.362
795.0 86.524
796.0 86.697
797.0 86.845
798.0 86.991
799.0 87.144
800.0 87.273
801.0 87.426999
802.0 87.536
803.0 87.658
804.0 87.761
805.0 87.861
806.0 87.956999
807.0 88.043
808.0 88.109
809.0 88.156
810.0 88.248
811.0 88.271
812.0 88.334999
813.0 88.361
814.0 88.39
815.0 88.384
816.0 88.402
817.0 88.375
818.0 88.371
819.0 88.327999
820.0 88.29
821.0 88.259
822.0 88.209
823.0 88.132
824.0 88.073
825.0 87.980999
826.0 87.873
827.0 87.778
828.0 87.673
829.0 87.573
830.0 87.444999
831.0 87.337
832.0 87.192
833.0 87.051999
834.0 86.894
835.0 86.751
836.0 86.593
837.0 86.436
838.0 86.27
839.0 86.098
840.0 85.926
841.0 85.765999
842.0 85.57
843.0 85.382
844.0 85.213
845.0 85.023
846.0 84.858
847.0 84.646999
848.0 84.496
849.0 84.303
850.0 84.126
851.0 83.933
852.0 83.742
853.0 83.575
854.0 83.411
855.0 83.209
856.0 83.053
857.0 82.896
858.0 82.73
859.0 82.565999
860.0 82.414
861.0 82.265
862.0 82.108
863.0 81.977
864.0 81.864
865.0 81.730999
866.0 81.577999
867.0 81.477
868.0 81.371
869.0 81.242999
870.0 81.164999
871.0 81.053
872.0 80.974999
873.0 80.904
874.0 80.817
875.0 80.758
876.0 80.7
877.0 80.628999
878.0 80.581
879.0 80.554
880.0 80.518999
881.0 80.491999
882.0 80.473
883.0 80.485
884.0 80.508
885.0 80.528
886.0 80.575
887.0 80.577
888.0 80.63
889.0 80.675
890.0 80.696
891.0 80.735
892.0 80.789
893.0 80.849999
894.0 80.899
895.0 80.955
896.0 81.041
897.0 81.124
898.0 81.199
899.0 81.295
900.0 81.379
901.0 81.455999
902.0 81.563
903.0 81.627
904.0 81.757
905.0 81.837
906.0 81.962999
907.0 82.055
908.0 82.17
909.0 82.272
910.0 82.39
911.0 82.505
912.0 82.628999
913.0 82.747
914.0 82.874
915.0 83.016
916.0 83.128999
917.0 83.273
918.0 83.414999
919.0 83.562
920.0 83.709999
921.0 83.867
922.0 84.009
923.0 84.151
924.0 84.301999
925.0 84.453
926.0 84.599
927.0 84.727
928.0 84.840999
929.0 85.014
930.0 85.146
931.0 85.279
932.0 85.419
933.0 85.551999
934.0 85.67
935.0 85.787
936.0 85.926999
937.0 86.032
938.0 86.131
939.0 86.26
940.0 86.351999
941.0 86.476
942.0 86.56
943.0 86.667
944.0 86.733999
945.0 86.839
946.0 86.911
947.0 86.968
948.0 87.042
949.0 87.104
950.0 87.166
951.0 87.247
952.0 87.276
953.0 87.3
954.0 87.363
955.0 87.366999
956.0 87.436
957.0 87.446
958.0 87.468
959.0 87.465
960.0 87.506
961.0 87.488
962.0 87.504
963.0 87.492999
964.0 87.461999
965.0 87.473
966.0 87.441
967.0 87.417999
968.0 87.372
969.0 87.353
970.0 87.295999
971.0 87.243
972.0 87.224999
973.0 87.131
974.0 87.072
975.0 87.005
976.0 86.953
977.0 86.87
978.0 86.768999
979.0 86.712
980.0 86.684
981.0 86.611
982.0 86.536
983.0 86.441
984.0 86.325
985.0 86.238
986.0 86.153
987.0 86.017
988.0 85.916
989.0 85.795
990.0 85.712
991.0 85.568
992.0 85.468999
993.0 85.323
994.0 85.216
995.0 85.075999
996.0 84.953999
997.0 84.848
998.0 84.708
999.0 84.572
1000.0 84.441999
1001.0 84.313999
1002.0 84.193
1003.0 84.057
1004.0 83.929
1005.0 83.816
1006.0 83.712
1007.0 83.569
1008.0 83.445
1009.0 83.318
1010.0 83.173
1011.0 83.06
1012.0 82.943999
1013.0 82.82
1014.0 82.691999
1015.0 82.596999
1016.0 82.467
1017.0 82.343
1018.0 82.242
1019.0 82.134
1020.0 82.024
1021.0 81.937
1022.0 81.803
1023.0 81.711999
1024.0 81.601
1025.0 81.485
1026.0 81.391
1027.0 81.306
1028.0 81.227999
1029.0 81.123
1030.0 81.01
1031.0 80.971
1032.0 80.883
1033.0 80.813
1034.0 80.747
1035.0 80.682
1036.0 80.623
1037.0 80.576
1038.0 80.503
1039.0 80.453
1040.0 80.393
1041.0 80.337999
1042.0 80.322
1043.0 80.292
1044.0 80.208
1045.0 80.191
1046.0 80.145
1047.0 80.135
1048.0 80.096
1049.0 80.087
1050.0 80.018999
1051.0 80.030999
1052.0 79.982
1053.0 79.985
1054.0 79.983999
1055.0 79.947999
1056.0 80.015999
1057.0 79.991
1058.0 79.997
1059.0 80.037
1060.0 80.027
1061.0 80.057
1062.0 80.089
1063.0 80.078
1064.0 80.12
1065.0 80.124
1066.0 80.196
1067.0 80.173
1068.0 80.234
1069.0 80.262999
1070.0 80.332
1071.0 80.369999
1072.0 80.378
1073.0 80.494
1074.0 80.479999
1075.0 80.516
1076.0 80.63
1077.0 80.637
1078.0 80.732
1079.0 80.785
1080.0 80.844
1081.0 80.93
1082.0 80.976
1083.0 81.088
1084.0 81.137
1085.0 81.213
1086.0 81.304
1087.0 81.367999
1088.0 81.420999
1089.0 81.554
1090.0 81.615
1091.0 81.655
1092.0 81.806
1093.0 81.798
1094.0 81.872
1095.0 82.0
1096.0 82.069999
1097.0 82.142
1098.0 82.255
1099.0 82.32
1100.0 82.462
