190.0 0.063
191.0 0.166
192.0 0.062
193.0 0.063
194.0 0.062
195.0 0.101
196.0 0.047
197.0 0.042
198.0 0.054
199.0 0.042
200.0 0.041
201.0 0.039
202.0 0.044
203.0 0.058
204.0 0.047
205.0 0.034
206.0 0.036
207.0 0.033
208.0 0.039
209.0 0.017
210.0 0.018
211.0 0.06
212.0 0.025
213.0 0.03
214.0 0.021
215.0 0.025
216.0 0.021
217.0 0.017
218.0 0.032
219.0 0.027
220.0 0.029
221.0 0.025
222.0 0.032
223.0 0.031
224.0 0.026
225.0 0.026
226.0 0.031
227.0 0.043
228.0 0.026
229.0 0.018
230.0 0.022
231.0 0.03
232.0 0.028
233.0 0.02
234.0 0.03
235.0 0.032
236.0 0.016
237.0 0.013
238.0 0.017
239.0 0.021
240.0 0.018
241.0 0.018
242.0 0.017
243.0 0.03
244.0 0.021
245.0 0.014
246.0 0.024
247.0 0.026
248.0 0.021
249.0 0.02
250.0 0.029
251.0 0.029
252.0 0.032
253.0 0.021
254.0 0.027
255.0 0.018
256.0 0.021
257.0 0.013
258.0 0.021
259.0 0.05
260.0 0.039
261.0 0.035
262.0 0.026
263.0 0.032
264.0 0.027
265.0 0.032
266.0 0.027
267.0 0.069999
268.0 0.039
269.0 0.039
270.0 0.039
271.0 0.043
272.0 0.032
273.0 0.044
274.0 0.048
275.0 0.066
276.0 0.043
277.0 0.024
278.0 0.052
279.0 0.039
280.0 0.017
281.0 0.043
282.0 0.058
283.0 0.077
284.0 0.077
285.0 0.05
286.0 0.044
287.0 0.038
288.0 0.051
289.0 0.053
290.0 0.052
291.0 0.076
292.0 0.036
293.0 0.058
294.0 0.029
295.0 0.069999
296.0 0.043
297.0 0.038
298.0 0.041
299.0 0.068
300.0 0.044
301.0 0.066
302.0 0.042
303.0 0.052
304.0 0.065
305.0 0.055
306.0 0.035
307.0 0.075
308.0 0.05
309.0 0.044
310.0 0.059
311.0 0.055999
312.0 0.058
313.0 0.057
314.0 0.047
315.0 0.071
316.0 0.038
317.0 0.080999
318.0 0.068
319.0 0.042
320.0 0.076
321.0 0.099
322.0 0.085999
323.0 0.072
324.0 0.086999
325.0 0.067
326.0 0.063
327.0 0.028
328.0 0.048
329.0 0.055
330.0 0.057
331.0 0.068999
332.0 0.05
333.0 0.051
334.0 0.039
335.0 0.036
336.0 0.029
337.0 0.027
338.0 0.028
339.0 0.063
340.0 0.036
341.0 0.04
342.0 0.027
343.0 0.039
344.0 0.046
345.0 0.036
346.0 0.042
347.0 0.037
348.0 0.027
349.0 0.031
350.0 0.031
351.0 0.026
352.0 0.031
353.0 0.026
354.0 0.02
355.0 0.04
356.0 0.047
357.0 0.049
358.0 0.067
359.0 0.11
360.0 0.158
361.0 0.252
362.0 0.407
363.0 0.645
364.0 0.972
365.0 1.469
366.0 2.153
367.0 3.063
368.0 4.239
369.0 5.688
370.0 7.424
371.0 9.4
372.0 11.578
373.0 13.918
374.0 16.382
375.0 18.914
376.0 21.502
377.0 24.136
378.0 26.733
379.0 29.283
380.0 31.734
381.0 34.083
382.0 36.377
383.0 38.616
384.0 40.778
385.0 42.674
386.0 44.529
387.0 46.322
388.0 48.099
389.0 49.847
390.0 51.593999
391.0 53.313
392.0 54.984
393.0 56.607
394.0 58.113
395.0 59.495
396.0 60.748
397.0 61.876
398.0 62.822
399.0 63.637
400.0 64.341
401.0 64.935
402.0 65.494
403.0 66.001
404.0 66.518
405.0 67.015
406.0 67.562
407.0 68.140999
408.0 68.785
409.0 69.45
410.0 70.152999
411.0 70.889
412.0 71.629
413.0 72.346
414.0 73.005
415.0 73.639
416.0 74.165
417.0 74.595999
418.0 74.955
419.0 75.200999
420.0 75.364
421.0 75.483999
422.0 75.486
423.0 75.432
424.0 75.365
425.0 75.229
426.0 75.111
427.0 75.008
428.0 74.941999
429.0 74.913
430.0 74.902
431.0 74.983999
432.0 75.146
433.0 75.353
434.0 75.629
435.0 75.961
436.0 76.414
437.0 76.822
438.0 77.293
439.0 77.815
440.0 78.285
441.0 78.785
442.0 79.239
443.0 79.645
444.0 79.997
445.0 80.266
446.0 80.477
447.0 80.626
448.0 80.711
449.0 80.72
450.0 80.669
451.0 80.557999
452.0 80.427
453.0 80.215999
454.0 80.009
455.0 79.773
456.0 79.568
457.0 79.307
458.0 79.12
459.0 78.91
460.0 78.754
461.0 78.639
462.0 78.578
463.0 78.557
464.0 78.6
465.0 78.691
466.0 78.822
467.0 79.041
468.0 79.264
469.0 79.565
470.0 79.932
471.0 80.321
472.0 80.684
473.0 81.077999
474.0 81.477
475.0 81.851
476.0 82.235
477.0 82.583
478.0 82.906
479.0 83.181
480.0 83.413
481.0 83.614
482.0 83.717
483.0 83.791
484.0 83.831
485.0 83.771
486.0 83.709
487.0 83.577
488.0 83.394
489.0 83.199
490.0 82.974
491.0 82.717
492.0 82.433
493.0 82.131
494.0 81.863
495.0 81.571
496.0 81.301
497.0 81.036
498.0 80.801999
499.0 80.608999
500.0 80.408
501.0 80.289
502.0 80.193
503.0 80.13
504.0 80.113
505.0 80.156
506.0 80.214
507.0 80.357
508.0 80.517
509.0 80.72
510.0 80.97
511.0 81.248
512.0 81.555
513.0 81.898
514.0 82.225
515.0 82.608
516.0 82.976
517.0 83.337999
518.0 83.702
519.0 84.092
520.0 84.417
521.0 84.747
522.0 85.058
523.0 85.335
524.0 85.566
525.0 85.783
526.0 85.947
527.0 86.094
528.0 86.170999
529.0 86.224
530.0 86.236999
531.0 86.22
532.0 86.148
533.0 86.046
534.0 85.914
535.0 85.736999
536.0 85.563
537.0 85.313
538.0 85.107
539.0 84.836
540.0 84.569
541.0 84.289
542.0 83.989999
543.0 83.711
544.0 83.426
545.0 83.154
546.0 82.871
547.0 82.616999
548.0 82.372
549.0 82.149
550.0 81.959
551.0 81.785
552.0 81.652999
553.0 81.52
554.0 81.457
555.0 81.402
556.0 81.387
557.0 81.382
558.0 81.432999
559.0 81.502
560.0 81.628
561.0 81.777
562.0 81.958
563.0 82.121
564.0 82.352
565.0 82.55
566.0 82.813999
567.0 83.081
568.0 83.355
569.0 83.643999
570.0 83.896
571.0 84.204
572.0 84.489999
573.0 84.77
574.0 85.043
575.0 85.304
576.0 85.563999
577.0 85.822
578.0 86.05
579.0 86.268
580.0 86.476
581.0 86.634
582.0 86.81
583.0 86.949
584.0 87.063999
585.0 87.182
586.0 87.244999
587.0 87.315
588.0 87.358999
589.0 87.357
590.0 87.327
591.0 87.295999
592.0 87.224
593.0 87.124
594.0 86.979
595.0 86.833
596.0 86.649
597.0 86.441
598.0 86.227
599.0 86.001
600.0 85.762
601.0 85.512
602.0 85.236
603.0 84.980999
604.0 84.706
605.0 84.435
606.0 84.169
607.0 83.904
608.0 83.63
609.0 83.384999
610.0 83.137
611.0 82.929
612.0 82.714
613.0 82.521999
614.0 82.351
615.0 82.187
616.0 82.051
617.0 81.941
618.0 81.846
619.0 81.762999
620.0 81.71
621.0 81.678
622.0 81.671
623.0 81.685
624.0 81.733
625.0 81.793
626.0 81.878
627.0 81.967
628.0 82.081
629.0 82.225
630.0 82.389
631.0 82.569
632.0 82.753
633.0 82.962999
634.0 83.191
635.0 83.414999
636.0 83.658999
637.0 83.911
638.0 84.182
639.0 84.457
640.0 84.704
641.0 84.995
642.0 85.249
643.0 85.536
644.0 85.799
645.0 86.062
646.0 86.312
647.0 86.569
648.0 86.819
649.0 87.042
650.0 87.268
651.0 87.477999
652.0 87.67
653.0 87.834
654.0 88.006
655.0 88.13
656.0 88.283
657.0 88.385
658.0 88.48
659.0 88.536
660.0 88.590999
661.0 88.628
662.0 88.646999
663.0 88.64
664.0 88.598
665.0 88.57
666.0 88.497
667.0 88.416
668.0 88.315
669.0 88.185999
670.0 88.078
671.0 87.905999
672.0 87.768
673.0 87.566999
674.0 87.404
675.0 87.196
676.0 86.985999
677.0 86.771
678.0 86.538
679.0 86.31
680.0 86.065
681.0 85.823
682.0 85.580999
683.0 85.349
684.0 85.059
685.0 84.814
686.0 84.586
687.0 84.336
688.0 84.108999
689.0 83.874
690.0 83.661
691.0 83.435
692.0 83.221
693.0 83.02
694.0 82.828999
695.0 82.638
696.0 82.462
697.0 82.307
698.0 82.167999
699.0 82.02
700.0 81.906
701.0 81.793
702.0 81.689
703.0 81.593
704.0 81.526
705.0 81.473
706.0 81.44
707.0 81.408
708.0 81.393
709.0 81.387
710.0 81.398
711.0 81.443
712.0 81.47
713.0 81.524
714.0 81.591
715.0 81.678
716.0 81.755
717.0 81.858
718.0 81.979
719.0 82.099
720.0 82.224
721.0 82.377
722.0 82.526
723.0 82.705
724.0 82.869
725.0 83.043
726.0 83.206999
727.0 83.423
728.0 83.596
729.0 83.792
730.0 84.012
731.0 84.206999
732.0 84.417
733.0 84.614999
734.0 84.819
735.0 85.021
736.0 85.224
737.0 85.44
738.0 85.643999
739.0 85.853
740.0 86.04
741.0 86.221999
742.0 86.411
743.0 86.586
744.0 86.756999
745.0 86.923
746.0 87.093
747.0 87.224
748.0 87.377
749.0 87.495
750.0 87.617999
751.0 87.726
752.0 87.833
753.0 87.908
754.0 88.003
755.0 88.061
756.0 88.129
757.0 88.16
758.0 88.207
759.0 88.205
760.0 88.217999
761.0 88.207
762.0 88.205
763.0 88.165
764.0 88.126
765.0 88.077
766.0 87.999
767.0 87.892
768.0 87.792
769.0 87.700999
770.0 87.578999
771.0 87.468
772.0 87.339
773.0 87.233999
774.0 87.122999
775.0 87.002
776.0 86.855
777.0 86.739999
778.0 86.614999
779.0 86.479
780.0 86.346
781.0 86.134
782.0 85.941
783.0 85.68
784.0 85.453999
785.0 85.236
786.0 85.026
787.0 84.828999
788.0 84.63
789.0 84.457
790.0 84.265
791.0 84.057
792.0 83.863
793.0 83.655999
794.0 83.438
795.0 83.233
796.0 83.033
797.0 82.843
798.0 82.674
799.0 82.471999
800.0 82.301999
801.0 82.143
802.0 81.98
803.0 81.821
804.0 81.67
805.0 81.497
806.0 81.383
807.0 81.248
808.0 81.117999
809.0 81.006999
810.0 80.878
811.0 80.758
812.0 80.686
813.0 80.584
814.0 80.482
815.0 80.427
816.0 80.337999
817.0 80.262999
818.0 80.218999
819.0 80.159
820.0 80.132
821.0 80.101
822.0 80.087
823.0 80.062999
824.0 80.056
825.0 80.048
826.0 80.057999
827.0 80.069999
828.0 80.108999
829.0 80.125999
830.0 80.161
831.0 80.215999
832.0 80.28
833.0 80.327
834.0 80.401
835.0 80.462
836.0 80.535
837.0 80.634
838.0 80.729
839.0 80.828
840.0 80.914
841.0 81.038
842.0 81.148
843.0 81.257
844.0 81.394
845.0 81.529
846.0 81.676999
847.0 81.811
848.0 81.937
849.0 82.084
850.0 82.235
851.0 82.381
852.0 82.533999
853.0 82.714
854.0 82.851
855.0 83.018
856.0 83.185
857.0 83.322
858.0 83.497
859.0 83.669
860.0 83.819
861.0 83.982999
862.0 84.143
863.0 84.3
864.0 84.488
865.0 84.594
866.0 84.77
867.0 84.943
868.0 85.111999
869.0 85.247
870.0 85.387999
871.0 85.547
872.0 85.681
873.0 85.826
874.0 85.961
875.0 86.089
876.0 86.218999
877.0 86.343
878.0 86.459
879.0 86.566
880.0 86.672
881.0 86.788
882.0 86.912
883.0 87.023
884.0 87.143
885.0 87.265
886.0 87.366
887.0 87.47
888.0 87.548
889.0 87.605
890.0 87.682999
891.0 87.729
892.0 87.782
893.0 87.833
894.0 87.855
895.0 87.866
896.0 87.894
897.0 87.893
898.0 87.902
899.0 87.878999
900.0 87.837
901.0 87.821
902.0 87.805
903.0 87.729
904.0 87.673999
905.0 87.602999
906.0 87.543
907.0 87.42
908.0 87.318
909.0 87.211
910.0 87.083
911.0 86.956999
912.0 86.831
913.0 86.699
914.0 86.568
915.0 86.441999
916.0 86.307
917.0 86.167
918.0 86.048999
919.0 85.917
920.0 85.79
921.0 85.657
922.0 85.535
923.0 85.398
924.0 85.267
925.0 85.129
926.0 85.017
927.0 84.861
928.0 84.721
929.0 84.574
930.0 84.465999
931.0 84.306
932.0 84.174
933.0 84.029
934.0 83.897
935.0 83.74
936.0 83.575
937.0 83.459
938.0 83.337
939.0 83.172
940.0 83.042
941.0 82.896
942.0 82.757
943.0 82.593999
944.0 82.471
945.0 82.346
946.0 82.201
947.0 82.060999
948.0 81.943
949.0 81.808
950.0 81.699
951.0 81.523
952.0 81.402
953.0 81.27
954.0 81.149
955.0 81.065
956.0 80.923999
957.0 80.828
958.0 80.729
959.0 80.611
960.0 80.561
961.0 80.464
962.0 80.352999
963.0 80.272
964.0 80.176999
965.0 80.108999
966.0 80.011
967.0 79.928999
968.0 79.869
969.0 79.798
970.0 79.737
971.0 79.674
972.0 79.601
973.0 79.548
974.0 79.49
975.0 79.451
976.0 79.415
977.0 79.393
978.0 79.349
979.0 79.294
980.0 79.294
981.0 79.259
982.0 79.282
983.0 79.328
984.0 79.32
985.0 79.3
986.0 79.316
987.0 79.309
988.0 79.31
989.0 79.321
990.0 79.318
991.0 79.334
992.0 79.368
993.0 79.383
994.0 79.41
995.0 79.440999
996.0 79.456
997.0 79.483999
998.0 79.507
999.0 79.557999
1000.0 79.604
1001.0 79.673
1002.0 79.700999
1003.0 79.746
1004.0 79.821
1005.0 79.881999
1006.0 79.935
1007.0 80.005
1008.0 80.087
1009.0 80.149
1010.0 80.212999
1011.0 80.27
1012.0 80.366
1013.0 80.425
1014.0 80.535
1015.0 80.588
1016.0 80.667999
1017.0 80.773
1018.0 80.852999
1019.0 80.95
1020.0 81.049
1021.0 81.15
1022.0 81.230999
1023.0 81.332
1024.0 81.418
1025.0 81.479
1026.0 81.58
1027.0 81.667
1028.0 81.773
1029.0 81.879
1030.0 81.985
1031.0 82.083
1032.0 82.199
1033.0 82.325999
1034.0 82.422
1035.0 82.518
1036.0 82.633
1037.0 82.721999
1038.0 82.852999
1039.0 82.935
1040.0 83.005
1041.0 83.126
1042.0 83.214
1043.0 83.315
1044.0 83.462
1045.0 83.529
1046.0 83.645
1047.0 83.748
1048.0 83.831
1049.0 83.919999
1050.0 84.006
1051.0 84.103
1052.0 84.206999
1053.0 84.279
1054.0 84.355999
1055.0 84.437
1056.0 84.526
1057.0 84.642
1058.0 84.74
1059.0 84.801
1060.0 84.845
1061.0 84.935
1062.0 84.986999
1063.0 85.133
1064.0 85.161
1065.0 85.202999
1066.0 85.307
1067.0 85.307
1068.0 85.36
1069.0 85.456
1070.0 85.485
1071.0 85.547
1072.0 85.589
1073.0 85.634999
1074.0 85.693
1075.0 85.709999
1076.0 85.773
1077.0 85.745
1078.0 85.833
1079.0 85.858
1080.0 85.887
1081.0 85.929
1082.0 85.982
1083.0 85.953
1084.0 85.994
1085.0 86.036
1086.0 86.012
1087.0 86.047
1088.0 86.031
1089.0 85.984
1090.0 86.041
1091.0 85.997
1092.0 86.021999
1093.0 86.012999
1094.0 85.977
1095.0 86.03
1096.0 85.945
1097.0 85.89
1098.0 85.895
1099.0 85.914999
1100.0 85.783
