190.0 0.094
191.0 0.135
192.0 0.051
193.0 0.077
194.0 0.047
195.0 0.106
196.0 0.031
197.0 0.027
198.0 0.036
199.0 0.024
200.0 0.038
201.0 0.041
202.0 0.03
203.0 0.05
204.0 0.032
205.0 0.02
206.0 0.037
207.0 0.016
208.0 0.026
209.0 0.028
210.0 0.034
211.0 0.037
212.0 0.04
213.0 0.022
214.0 0.028
215.0 0.031
216.0 0.029
217.0 0.022
218.0 0.032
219.0 0.034
220.0 0.021
221.0 0.014
222.0 0.027
223.0 0.022
224.0 0.024
225.0 0.032
226.0 0.028
227.0 0.03
228.0 0.02
229.0 0.031
230.0 0.021
231.0 0.018
232.0 0.026
233.0 0.018
234.0 0.015
235.0 0.033
236.0 0.016
237.0 0.018
238.0 0.023
239.0 0.02
240.0 0.021
241.0 0.018
242.0 0.014
243.0 0.045
244.0 0.027
245.0 0.014
246.0 0.014
247.0 0.015
248.0 0.018
249.0 0.029
250.0 0.008
251.0 0.039
252.0 0.015
253.0 0.026
254.0 0.02
255.0 0.021
256.0 0.033
257.0 0.02
258.0 0.041
259.0 0.044
260.0 0.029
261.0 0.027
262.0 0.035
263.0 0.032
264.0 0.025
265.0 0.012
266.0 0.034
267.0 0.068999
268.0 0.023
269.0 0.028
270.0 0.043
271.0 0.046
272.0 0.046
273.0 0.029
274.0 0.054
275.0 0.091
276.0 0.045
277.0 0.035
278.0 0.048
279.0 0.034
280.0 0.038
281.0 0.036
282.0 0.052
283.0 0.065
284.0 0.031
285.0 0.044
286.0 0.03
287.0 0.049
288.0 0.018
289.0 0.03
290.0 0.068999
291.0 0.072
292.0 0.051
293.0 0.037
294.0 0.047
295.0 0.038
296.0 0.04
297.0 0.03
298.0 0.063
299.0 0.080999
300.0 0.055999
301.0 0.038
302.0 0.054
303.0 0.055
304.0 0.047
305.0 0.035
306.0 0.051
307.0 0.074
308.0 0.014
309.0 0.044
310.0 0.044
311.0 0.036
312.0 0.039
313.0 0.061
314.0 0.08
315.0 0.079
316.0 0.055
317.0 0.047
318.0 0.061
319.0 0.072
320.0 0.075
321.0 0.041
322.0 0.054
323.0 0.086999
324.0 0.059
325.0 0.065
326.0 0.053
327.0 0.051
328.0 0.053
329.0 0.055999
330.0 0.058
331.0 0.065
332.0 0.033
333.0 0.042
334.0 0.054
335.0 0.048
336.0 0.035
337.0 0.03
338.0 0.043
339.0 0.05
340.0 0.024
341.0 0.043
342.0 0.037
343.0 0.025
344.0 0.034
345.0 0.033
346.0 0.039
347.0 0.05
348.0 0.031
349.0 0.024
350.0 0.022
351.0 0.031
352.0 0.029
353.0 0.029
354.0 0.027
355.0 0.04
356.0 0.034
357.0 0.06
358.0 0.064
359.0 0.11
360.0 0.162
361.0 0.235
362.0 0.382
363.0 0.615
364.0 0.928
365.0 1.371
366.0 2.004
367.0 2.863
368.0 3.949
369.0 5.302
370.0 6.955
371.0 8.849
372.0 10.95
373.0 13.196
374.0 15.503
375.0 17.809
376.0 20.108
377.0 22.418
378.0 24.863
379.0 27.315
380.0 29.939
381.0 32.622
382.0 35.374
383.0 38.037
384.0 40.428
385.0 42.342
386.0 43.888
387.0 45.134
388.0 46.146
389.0 47.052
390.0 47.984
391.0 49.048
392.0 50.277
393.0 51.727999
394.0 53.421
395.0 55.287
396.0 57.296
397.0 59.352
398.0 61.318
399.0 63.077
400.0 64.586
401.0 65.705
402.0 66.449
403.0 66.810999
404.0 66.846999
405.0 66.651
406.0 66.301
407.0 65.912
408.0 65.572
409.0 65.330999
410.0 65.268
411.0 65.414
412.0 65.791
413.0 66.386
414.0 67.209
415.0 68.203999
416.0 69.367999
417.0 70.587
418.0 71.848999
419.0 73.084
420.0 74.224999
421.0 75.366
422.0 76.137999
423.0 76.707
424.0 76.985
425.0 77.005
426.0 76.777
427.0 76.307
428.0 75.695
429.0 74.963
430.0 74.169
431.0 73.379
432.0 72.66
433.0 71.974
434.0 71.455
435.0 71.081999
436.0 70.852
437.0 70.798
438.0 70.959
439.0 71.26
440.0 71.717
441.0 72.33
442.0 73.102
443.0 73.956999
444.0 74.914999
445.0 75.912
446.0 76.899
447.0 77.849
448.0 78.783999
449.0 79.605
450.0 80.325999
451.0 80.874
452.0 81.297
453.0 81.518
454.0 81.577999
455.0 81.445
456.0 81.171
457.0 80.735999
458.0 80.225
459.0 79.588
460.0 78.881999
461.0 78.166
462.0 77.462
463.0 76.783999
464.0 76.144
465.0 75.558
466.0 75.105
467.0 74.705999
468.0 74.414999
469.0 74.264
470.0 74.229999
471.0 74.312
472.0 74.479
473.0 74.788
474.0 75.17
475.0 75.672
476.0 76.241
477.0 76.856
478.0 77.569
479.0 78.303
480.0 79.039999
481.0 79.81
482.0 80.55
483.0 81.264
484.0 81.923
485.0 82.505
486.0 83.021999
487.0 83.423999
488.0 83.751
489.0 83.922
490.0 84.002
491.0 83.953
492.0 83.816
493.0 83.545
494.0 83.201
495.0 82.769
496.0 82.264
497.0 81.714
498.0 81.117999
499.0 80.501
500.0 79.856
501.0 79.229
502.0 78.617999
503.0 78.032
504.0 77.523
505.0 77.037
506.0 76.631
507.0 76.275
508.0 75.983
509.0 75.783
510.0 75.643
511.0 75.586
512.0 75.604
513.0 75.714
514.0 75.87
515.0 76.119
516.0 76.409
517.0 76.803
518.0 77.209
519.0 77.726
520.0 78.242
521.0 78.829
522.0 79.431
523.0 80.071
524.0 80.694
525.0 81.327
526.0 81.966
527.0 82.587999
528.0 83.178
529.0 83.72
530.0 84.267
531.0 84.72
532.0 85.114
533.0 85.434
534.0 85.688
535.0 85.887999
536.0 85.995
537.0 86.024999
538.0 85.974999
539.0 85.854
540.0 85.664
541.0 85.422
542.0 85.101
543.0 84.742999
544.0 84.318
545.0 83.879
546.0 83.367
547.0 82.86
548.0 82.352
549.0 81.811
550.0 81.295
551.0 80.776
552.0 80.281
553.0 79.803
554.0 79.337
555.0 78.935
556.0 78.551999
557.0 78.195
558.0 77.89
559.0 77.633
560.0 77.464
561.0 77.298
562.0 77.158
563.0 77.108
564.0 77.078
565.0 77.107
566.0 77.161999
567.0 77.28
568.0 77.441999
569.0 77.625
570.0 77.871
571.0 78.151
572.0 78.456999
573.0 78.786
574.0 79.163
575.0 79.569999
576.0 79.974999
577.0 80.434
578.0 80.886
579.0 81.337999
580.0 81.813999
581.0 82.289
582.0 82.765
583.0 83.217
584.0 83.679
585.0 84.123
586.0 84.569
587.0 84.967
588.0 85.373
589.0 85.709
590.0 86.021999
591.0 86.288
592.0 86.512
593.0 86.693
594.0 86.807
595.0 86.884
596.0 86.911
597.0 86.885
598.0 86.802
599.0 86.685999
600.0 86.506
601.0 86.328
602.0 86.084999
603.0 85.785
604.0 85.476
605.0 85.133
606.0 84.771
607.0 84.375999
608.0 83.985
609.0 83.578
610.0 83.173
611.0 82.754
612.0 82.327
613.0 81.919
614.0 81.518
615.0 81.119
616.0 80.733999
617.0 80.375
618.0 80.023
619.0 79.682
620.0 79.389
621.0 79.099
622.0 78.836
623.0 78.604
624.0 78.401
625.0 78.234
626.0 78.075
627.0 77.95
628.0 77.885
629.0 77.804
630.0 77.775
631.0 77.78
632.0 77.814
633.0 77.874
634.0 77.949
635.0 78.081
636.0 78.217
637.0 78.38
638.0 78.578999
639.0 78.8
640.0 79.030999
641.0 79.298
642.0 79.598
643.0 79.898
644.0 80.206999
645.0 80.535
646.0 80.872
647.0 81.233999
648.0 81.579
649.0 81.962
650.0 82.321
651.0 82.706999
652.0 83.072999
653.0 83.457
654.0 83.85
655.0 84.191
656.0 84.544
657.0 84.885
658.0 85.213
659.0 85.538
660.0 85.824999
661.0 86.107999
662.0 86.339
663.0 86.604
664.0 86.813
665.0 87.003
666.0 87.165
667.0 87.3
668.0 87.411
669.0 87.465999
670.0 87.548999
671.0 87.535
672.0 87.529
673.0 87.485999
674.0 87.437
675.0 87.318
676.0 87.205
677.0 87.072
678.0 86.889
679.0 86.712
680.0 86.504
681.0 86.273
682.0 86.041
683.0 85.767
684.0 85.421
685.0 85.125
686.0 84.831999
687.0 84.516
688.0 84.202
689.0 83.884
690.0 83.54
691.0 83.226
692.0 82.884999
693.0 82.543
694.0 82.218999
695.0 81.899999
696.0 81.571
697.0 81.261
698.0 80.946
699.0 80.658
700.0 80.347
701.0 80.069
702.0 79.809
703.0 79.557999
704.0 79.318
705.0 79.086
706.0 78.877
707.0 78.682
708.0 78.492999
709.0 78.337999
710.0 78.179
711.0 78.036
712.0 77.932
713.0 77.834
714.0 77.751
715.0 77.676999
716.0 77.649
717.0 77.602999
718.0 77.589
719.0 77.581999
720.0 77.601
721.0 77.636
722.0 77.695
723.0 77.766
724.0 77.825
725.0 77.931
726.0 78.039
727.0 78.169
728.0 78.303
729.0 78.459
730.0 78.614999
731.0 78.798999
732.0 78.989
733.0 79.168
734.0 79.376
735.0 79.605999
736.0 79.824
737.0 80.041
738.0 80.284
739.0 80.537
740.0 80.772
741.0 81.028
742.0 81.286999
743.0 81.537
744.0 81.792
745.0 82.060999
746.0 82.306
747.0 82.586
748.0 82.837999
749.0 83.099
750.0 83.339
751.0 83.572
752.0 83.828999
753.0 84.052
754.0 84.265999
755.0 84.489
756.0 84.694999
757.0 84.909
758.0 85.074
759.0 85.268999
760.0 85.417
761.0 85.572
762.0 85.708
763.0 85.812999
764.0 85.943
765.0 86.027
766.0 86.104
767.0 86.131999
768.0 86.203
769.0 86.224
770.0 86.24
771.0 86.236
772.0 86.216
773.0 86.217
774.0 86.212
775.0 86.169
776.0 86.126
777.0 86.098
778.0 86.042
779.0 85.989
780.0 85.895
781.0 85.741999
782.0 85.568999
783.0 85.369
784.0 85.13
785.0 84.964
786.0 84.751
787.0 84.571
788.0 84.379
789.0 84.174
790.0 83.98
791.0 83.756
792.0 83.529
793.0 83.325
794.0 83.072999
795.0 82.784
796.0 82.547
797.0 82.333
798.0 82.081999
799.0 81.863
800.0 81.628
801.0 81.393
802.0 81.146
803.0 80.91
804.0 80.694999
805.0 80.450999
806.0 80.227999
807.0 80.028
808.0 79.8
809.0 79.605
810.0 79.391
811.0 79.183
812.0 78.989
813.0 78.818999
814.0 78.61
815.0 78.432999
816.0 78.253
817.0 78.11
818.0 77.949
819.0 77.807999
820.0 77.685
821.0 77.545
822.0 77.417
823.0 77.304
824.0 77.202
825.0 77.087
826.0 77.013
827.0 76.946
828.0 76.890999
829.0 76.815
830.0 76.742999
831.0 76.715999
832.0 76.67
833.0 76.641
834.0 76.629
835.0 76.617999
836.0 76.604
837.0 76.639
838.0 76.643
839.0 76.671
840.0 76.704
841.0 76.742
842.0 76.79
843.0 76.857
844.0 76.892
845.0 76.994
846.0 77.069
847.0 77.155
848.0 77.254
849.0 77.348
850.0 77.467
851.0 77.563999
852.0 77.691
853.0 77.815
854.0 77.949
855.0 78.095
856.0 78.238
857.0 78.381999
858.0 78.538
859.0 78.688
860.0 78.855
861.0 79.02
862.0 79.188999
863.0 79.354
864.0 79.526
865.0 79.688
866.0 79.886
867.0 80.06
868.0 80.254
869.0 80.438
870.0 80.613
871.0 80.817
872.0 80.999
873.0 81.193
874.0 81.366
875.0 81.579
876.0 81.745
877.0 81.927
878.0 82.115
879.0 82.279
880.0 82.462
881.0 82.667999
882.0 82.833
883.0 83.06
884.0 83.256
885.0 83.450999
886.0 83.642
887.0 83.843999
888.0 83.97
889.0 84.119999
890.0 84.282
891.0 84.423
892.0 84.545
893.0 84.677
894.0 84.798
895.0 84.898
896.0 84.999
897.0 85.078
898.0 85.158
899.0 85.224
900.0 85.289999
901.0 85.379
902.0 85.387
903.0 85.424
904.0 85.437
905.0 85.436
906.0 85.414999
907.0 85.393
908.0 85.351
909.0 85.302
910.0 85.251
911.0 85.175
912.0 85.111999
913.0 85.023
914.0 84.948
915.0 84.861
916.0 84.765999
917.0 84.697
918.0 84.59
919.0 84.517
920.0 84.406
921.0 84.319999
922.0 84.206999
923.0 84.096999
924.0 83.991
925.0 83.874
926.0 83.765
927.0 83.663
928.0 83.505
929.0 83.421
930.0 83.289
931.0 83.164
932.0 82.997
933.0 82.884999
934.0 82.749
935.0 82.599999
936.0 82.438999
937.0 82.301
938.0 82.162
939.0 82.016
940.0 81.849999
941.0 81.730999
942.0 81.551
943.0 81.382
944.0 81.242
945.0 81.084
946.0 80.903
947.0 80.786
948.0 80.613
949.0 80.467
950.0 80.283
951.0 80.144
952.0 79.971999
953.0 79.793
954.0 79.675
955.0 79.517
956.0 79.356
957.0 79.205
958.0 79.056
959.0 78.901
960.0 78.736999
961.0 78.637
962.0 78.511
963.0 78.375
964.0 78.239
965.0 78.129
966.0 77.997
967.0 77.868
968.0 77.736
969.0 77.614999
970.0 77.499
971.0 77.377
972.0 77.269
973.0 77.176
974.0 77.086
975.0 76.983
976.0 76.846999
977.0 76.769
978.0 76.695
979.0 76.604
980.0 76.536
981.0 76.452
982.0 76.428
983.0 76.413
984.0 76.345
985.0 76.291
986.0 76.227999
987.0 76.184
988.0 76.14
989.0 76.07
990.0 76.046
991.0 76.008
992.0 75.983999
993.0 75.934
994.0 75.936
995.0 75.884
996.0 75.892
997.0 75.852
998.0 75.858999
999.0 75.838
1000.0 75.84
1001.0 75.849999
1002.0 75.819999
1003.0 75.855999
1004.0 75.861999
1005.0 75.866
1006.0 75.884
1007.0 75.9
1008.0 75.932999
1009.0 75.973
1010.0 75.997
1011.0 76.03
1012.0 76.068
1013.0 76.102
1014.0 76.146999
1015.0 76.196
1016.0 76.251
1017.0 76.315999
1018.0 76.374
1019.0 76.422
1020.0 76.499
1021.0 76.542
1022.0 76.631
1023.0 76.704
1024.0 76.752
1025.0 76.828
1026.0 76.931
1027.0 76.992999
1028.0 77.031
1029.0 77.133
1030.0 77.199
1031.0 77.301
1032.0 77.398
1033.0 77.478
1034.0 77.585
1035.0 77.679
1036.0 77.75
1037.0 77.866
1038.0 77.979
1039.0 78.085
1040.0 78.176
1041.0 78.283
1042.0 78.354
1043.0 78.480999
1044.0 78.565
1045.0 78.683
1046.0 78.794
1047.0 78.905
1048.0 78.977
1049.0 79.101
1050.0 79.175
1051.0 79.281
1052.0 79.4
1053.0 79.518
1054.0 79.581999
1055.0 79.686
1056.0 79.784
1057.0 79.861999
1058.0 80.02
1059.0 80.144
1060.0 80.274999
1061.0 80.345
1062.0 80.376
1063.0 80.499
1064.0 80.62
1065.0 80.698
1066.0 80.84
1067.0 80.886
1068.0 80.974999
1069.0 81.052
1070.0 81.137
1071.0 81.235999
1072.0 81.363
1073.0 81.427
1074.0 81.494
1075.0 81.526
1076.0 81.605
1077.0 81.66
1078.0 81.755
1079.0 81.884
1080.0 81.911
1081.0 81.959
1082.0 82.105999
1083.0 82.015
1084.0 82.136
1085.0 82.272
1086.0 82.273
1087.0 82.267
1088.0 82.285
1089.0 82.328
1090.0 82.465
1091.0 82.555
1092.0 82.499
1093.0 82.458
1094.0 82.53
1095.0 82.560999
1096.0 82.563
1097.0 82.648
1098.0 82.66
1099.0 82.602
1100.0 82.591
