190.0 0.080999
191.0 0.08
192.0 0.031
193.0 0.068
194.0 0.032
195.0 0.045
196.0 0.034
197.0 0.027
198.0 0.037
199.0 0.036
200.0 0.028
201.0 0.027
202.0 0.044
203.0 0.048
204.0 0.021
205.0 0.025
206.0 0.014
207.0 0.014
208.0 0.018
209.0 0.024
210.0 0.019
211.0 0.023
212.0 0.011
213.0 0.017
214.0 0.017
215.0 0.015
216.0 0.014
217.0 0.001
218.0 0.026
219.0 0.022
220.0 0.016
221.0 0.022
222.0 0.01
223.0 0.015
224.0 0.02
225.0 0.004
226.0 0.031
227.0 0.014
228.0 0.011
229.0 0.028
230.0 0.024
231.0 0.012
232.0 0.022
233.0 0.005
234.0 0.013
235.0 0.03
236.0 0.006999
237.0 0.005
238.0 0.012
239.0 0.013
240.0 0.013
241.0 0.014
242.0 0.018
243.0 0.026
244.0 0.011
245.0 0.017
246.0 0.017
247.0 0.02
248.0 0.008
249.0 0.016
250.0 0.021
251.0 0.033
252.0 0.017
253.0 0.019
254.0 0.019
255.0 -0.002
256.0 0.016
257.0 0.016
258.0 0.023
259.0 0.027
260.0 -0.004
261.0 0.026
262.0 0.025
263.0 0.006999
264.0 0.034
265.0 0.034
266.0 0.027
267.0 0.037
268.0 0.027
269.0 0.018
270.0 0.013
271.0 0.014
272.0 0.025
273.0 0.029
274.0 0.027
275.0 0.049
276.0 0.019
277.0 0.035
278.0 0.035
279.0 0.036
280.0 0.032
281.0 0.013
282.0 0.032
283.0 0.023
284.0 0.039
285.0 0.028
286.0 0.043
287.0 0.05
288.0 0.023
289.0 0.013
290.0 0.019
291.0 0.051
292.0 0.031
293.0 0.038
294.0 0.023
295.0 0.031
296.0 0.046
297.0 0.026
298.0 0.031
299.0 0.051
300.0 0.045
301.0 -0.006
302.0 0.038
303.0 0.012
304.0 0.027
305.0 0.048
306.0 0.029
307.0 0.065
308.0 0.024
309.0 0.044
310.0 0.03
311.0 0.018
312.0 0.061
313.0 0.015
314.0 0.032
315.0 0.054
316.0 0.027
317.0 0.039
318.0 0.024
319.0 0.051
320.0 0.027
321.0 0.052
322.0 0.039
323.0 0.077
324.0 0.039
325.0 0.026
326.0 0.047
327.0 0.042
328.0 0.069999
329.0 0.044
330.0 0.052
331.0 0.05
332.0 0.032
333.0 0.03
334.0 0.041
335.0 0.031
336.0 0.03
337.0 0.028
338.0 0.038
339.0 0.05
340.0 0.038
341.0 0.035
342.0 0.023
343.0 0.013
344.0 0.035
345.0 0.03
346.0 0.027
347.0 0.044
348.0 0.02
349.0 0.027
350.0 0.011
351.0 0.033
352.0 0.035
353.0 0.024
354.0 0.023
355.0 0.038
356.0 0.034
357.0 0.018
358.0 0.038
359.0 0.04
360.0 0.051
361.0 0.074
362.0 0.106
363.0 0.178
364.0 0.28
365.0 0.456
366.0 0.711
367.0 1.088
368.0 1.625
369.0 2.316
370.0 3.236
371.0 4.353
372.0 5.678
373.0 7.224
374.0 8.938
375.0 10.809
376.0 12.763
377.0 14.813
378.0 16.89
379.0 19.046
380.0 21.179
381.0 23.354
382.0 25.523
383.0 27.813
384.0 30.065
385.0 32.169
386.0 34.195
387.0 36.159
388.0 38.026
389.0 39.841
390.0 41.593999
391.0 43.27
392.0 44.873
393.0 46.428
394.0 47.9
395.0 49.333
396.0 50.69
397.0 52.011
398.0 53.273
399.0 54.484999
400.0 55.644
401.0 56.727
402.0 57.766
403.0 58.736
404.0 59.638
405.0 60.487
406.0 61.259
407.0 61.988
408.0 62.66
409.0 63.297
410.0 63.89
411.0 64.459999
412.0 64.997
413.0 65.499
414.0 66.014
415.0 66.499
416.0 66.962999
417.0 67.420999
418.0 67.869999
419.0 68.310999
420.0 68.723
421.0 69.131
422.0 69.554
423.0 69.872
424.0 70.244
425.0 70.545
426.0 70.839
427.0 71.087
428.0 71.33
429.0 71.529
430.0 71.706
431.0 71.878
432.0 72.035
433.0 72.157
434.0 72.275
435.0 72.395
436.0 72.503
437.0 72.641
438.0 72.76
439.0 72.883
440.0 73.044
441.0 73.197999
442.0 73.375
443.0 73.554
444.0 73.759
445.0 73.98
446.0 74.208
447.0 74.389
448.0 74.590999
449.0 74.797
450.0 74.996
451.0 75.211
452.0 75.366999
453.0 75.551999
454.0 75.666
455.0 75.807
456.0 75.887
457.0 75.974
458.0 76.047
459.0 76.126
460.0 76.127
461.0 76.161999
462.0 76.161999
463.0 76.175
464.0 76.165
465.0 76.152
466.0 76.161
467.0 76.146
468.0 76.114999
469.0 76.143
470.0 76.211
471.0 76.227999
472.0 76.289
473.0 76.339
474.0 76.41
475.0 76.512999
476.0 76.607
477.0 76.715
478.0 76.84
479.0 76.992
480.0 77.125999
481.0 77.262
482.0 77.432
483.0 77.593
484.0 77.738
485.0 77.873
486.0 78.029
487.0 78.146
488.0 78.27
489.0 78.389
490.0 78.488
491.0 78.595
492.0 78.654
493.0 78.72
494.0 78.764
495.0 78.783999
496.0 78.810999
497.0 78.813
498.0 78.776
499.0 78.761
500.0 78.727999
501.0 78.688
502.0 78.628
503.0 78.581999
504.0 78.517
505.0 78.463
506.0 78.408
507.0 78.367
508.0 78.307999
509.0 78.285
510.0 78.244
511.0 78.21
512.0 78.219
513.0 78.215
514.0 78.236
515.0 78.277
516.0 78.330999
517.0 78.387
518.0 78.452999
519.0 78.529
520.0 78.617999
521.0 78.747
522.0 78.84
523.0 78.952999
524.0 79.104
525.0 79.224
526.0 79.374
527.0 79.501
528.0 79.643
529.0 79.791
530.0 79.892
531.0 80.02
532.0 80.158
533.0 80.271
534.0 80.373
535.0 80.465
536.0 80.530999
537.0 80.608
538.0 80.647
539.0 80.687
540.0 80.702
541.0 80.711999
542.0 80.703999
543.0 80.694
544.0 80.655
545.0 80.613999
546.0 80.550999
547.0 80.483
548.0 80.407
549.0 80.310999
550.0 80.225
551.0 80.143
552.0 80.02
553.0 79.913
554.0 79.834
555.0 79.703
556.0 79.634
557.0 79.506
558.0 79.42
559.0 79.34
560.0 79.318
561.0 79.239999
562.0 79.157
563.0 79.11
564.0 79.078
565.0 79.049
566.0 79.054
567.0 79.038
568.0 79.065
569.0 79.077
570.0 79.105999
571.0 79.148
572.0 79.203999
573.0 79.297
574.0 79.361
575.0 79.453
576.0 79.55
577.0 79.674
578.0 79.773
579.0 79.887
580.0 80.033
581.0 80.144
582.0 80.293
583.0 80.431
584.0 80.569999
585.0 80.715
586.0 80.872999
587.0 81.018999
588.0 81.16
589.0 81.306
590.0 81.429
591.0 81.553
592.0 81.688
593.0 81.786999
594.0 81.884
595.0 81.973
596.0 82.039
597.0 82.099999
598.0 82.145
599.0 82.179
600.0 82.196
601.0 82.206999
602.0 82.206
603.0 82.178
604.0 82.155999
605.0 82.103
606.0 82.065999
607.0 82.009
608.0 81.92
609.0 81.843
610.0 81.742999
611.0 81.652999
612.0 81.548
613.0 81.445
614.0 81.33
615.0 81.203
616.0 81.099
617.0 80.981
618.0 80.854
619.0 80.729
620.0 80.613999
621.0 80.479
622.0 80.375
623.0 80.259
624.0 80.167
625.0 80.062
626.0 79.974999
627.0 79.887
628.0 79.809
629.0 79.734
630.0 79.679
631.0 79.624
632.0 79.590999
633.0 79.557
634.0 79.55
635.0 79.527
636.0 79.542
637.0 79.545
638.0 79.544
639.0 79.58
640.0 79.629
641.0 79.667
642.0 79.729
643.0 79.794
644.0 79.857999
645.0 79.954
646.0 80.032
647.0 80.119
648.0 80.218999
649.0 80.337999
650.0 80.437
651.0 80.549
652.0 80.666
653.0 80.786999
654.0 80.896
655.0 81.026
656.0 81.145
657.0 81.229
658.0 81.364999
659.0 81.465
660.0 81.589999
661.0 81.706
662.0 81.798
663.0 81.899
664.0 81.993
665.0 82.088
666.0 82.17
667.0 82.22
668.0 82.291
669.0 82.363
670.0 82.395
671.0 82.458
672.0 82.462
673.0 82.518
674.0 82.515
675.0 82.515
676.0 82.505
677.0 82.518999
678.0 82.485
679.0 82.445
680.0 82.411999
681.0 82.366
682.0 82.292
683.0 82.242
684.0 82.142
685.0 82.056
686.0 81.977
687.0 81.883
688.0 81.758
689.0 81.663
690.0 81.563
691.0 81.432
692.0 81.318
693.0 81.19
694.0 81.057
695.0 80.929
696.0 80.801
697.0 80.661
698.0 80.530999
699.0 80.378
700.0 80.259999
701.0 80.119
702.0 79.982
703.0 79.842
704.0 79.727
705.0 79.590999
706.0 79.462999
707.0 79.346
708.0 79.23
709.0 79.12
710.0 79.012
711.0 78.917
712.0 78.815
713.0 78.722
714.0 78.627
715.0 78.571
716.0 78.501
717.0 78.44
718.0 78.386
719.0 78.342999
720.0 78.295999
721.0 78.264
722.0 78.242
723.0 78.217
724.0 78.208999
725.0 78.215999
726.0 78.218
727.0 78.229
728.0 78.242999
729.0 78.273
730.0 78.307
731.0 78.354999
732.0 78.387
733.0 78.449
734.0 78.496
735.0 78.588
736.0 78.652
737.0 78.723
738.0 78.805
739.0 78.898
740.0 78.974
741.0 79.078
742.0 79.172
743.0 79.27
744.0 79.364999
745.0 79.485
746.0 79.593999
747.0 79.697
748.0 79.801
749.0 79.922
750.0 80.049
751.0 80.143
752.0 80.250999
753.0 80.38
754.0 80.474999
755.0 80.579
756.0 80.698
757.0 80.797
758.0 80.895
759.0 81.021
760.0 81.091
761.0 81.176999
762.0 81.274999
763.0 81.351
764.0 81.435999
765.0 81.505
766.0 81.576
767.0 81.643
768.0 81.685
769.0 81.738999
770.0 81.777
771.0 81.821999
772.0 81.855999
773.0 81.884
774.0 81.926
775.0 81.946
776.0 81.953
777.0 81.974
778.0 81.988
779.0 82.002
780.0 81.983999
781.0 81.952
782.0 81.918
783.0 81.864999
784.0 81.795
785.0 81.75
786.0 81.682999
787.0 81.631
788.0 81.581
789.0 81.5
790.0 81.429
791.0 81.359
792.0 81.279
793.0 81.188999
794.0 81.08
795.0 80.957
796.0 80.869
797.0 80.753
798.0 80.645
799.0 80.550999
800.0 80.429
801.0 80.31
802.0 80.208
803.0 80.088
804.0 79.944
805.0 79.834
806.0 79.697
807.0 79.592
808.0 79.458
809.0 79.339
810.0 79.217
811.0 79.078
812.0 78.951
813.0 78.829
814.0 78.687
815.0 78.581
816.0 78.464999
817.0 78.344
818.0 78.254
819.0 78.110999
820.0 77.980999
821.0 77.897
822.0 77.791
823.0 77.679
824.0 77.573
825.0 77.471
826.0 77.383
827.0 77.315
828.0 77.205
829.0 77.132
830.0 77.046
831.0 76.961
832.0 76.909
833.0 76.841
834.0 76.782
835.0 76.714
836.0 76.668
837.0 76.622999
838.0 76.578999
839.0 76.551999
840.0 76.511
841.0 76.483999
842.0 76.464
843.0 76.447
844.0 76.448
845.0 76.415
846.0 76.428
847.0 76.441999
848.0 76.437999
849.0 76.444
850.0 76.474
851.0 76.485
852.0 76.517
853.0 76.527999
854.0 76.566
855.0 76.613
856.0 76.648
857.0 76.692
858.0 76.761
859.0 76.803
860.0 76.846999
861.0 76.895
862.0 76.980999
863.0 77.059
864.0 77.104
865.0 77.191
866.0 77.286
867.0 77.333
868.0 77.422
869.0 77.494
870.0 77.575
871.0 77.692
872.0 77.758
873.0 77.866999
874.0 77.963
875.0 78.044
876.0 78.129
877.0 78.214
878.0 78.325
879.0 78.428
880.0 78.539999
881.0 78.611
882.0 78.712
883.0 78.805
884.0 78.891
885.0 79.002
886.0 79.088
887.0 79.191
888.0 79.257
889.0 79.364999
890.0 79.440999
891.0 79.524
892.0 79.616
893.0 79.69
894.0 79.768
895.0 79.847
896.0 79.908
897.0 79.988
898.0 80.045999
899.0 80.133
900.0 80.147
901.0 80.223
902.0 80.32
903.0 80.343
904.0 80.405
905.0 80.459999
906.0 80.493
907.0 80.54
908.0 80.572
909.0 80.626
910.0 80.655
911.0 80.686
912.0 80.688
913.0 80.721
914.0 80.708
915.0 80.725
916.0 80.745
917.0 80.713
918.0 80.727999
919.0 80.727999
920.0 80.723
921.0 80.691
922.0 80.687
923.0 80.654
924.0 80.65
925.0 80.622
926.0 80.571
927.0 80.545
928.0 80.530999
929.0 80.498
930.0 80.438
931.0 80.381
932.0 80.354
933.0 80.315
934.0 80.268
935.0 80.211
936.0 80.163
937.0 80.112
938.0 80.029
939.0 79.968999
940.0 79.907
941.0 79.849
942.0 79.778
943.0 79.702
944.0 79.628
945.0 79.574999
946.0 79.483
947.0 79.387
948.0 79.325
949.0 79.235
950.0 79.137
951.0 79.037
952.0 78.979999
953.0 78.89
954.0 78.79
955.0 78.718
956.0 78.608
957.0 78.518
958.0 78.437
959.0 78.364999
960.0 78.282
961.0 78.179
962.0 78.095
963.0 77.999
964.0 77.9
965.0 77.824
966.0 77.736999
967.0 77.64
968.0 77.554
969.0 77.473
970.0 77.378999
971.0 77.298999
972.0 77.219
973.0 77.110999
974.0 77.044
975.0 76.971999
976.0 76.878
977.0 76.806
978.0 76.718
979.0 76.656
980.0 76.578
981.0 76.488
982.0 76.449999
983.0 76.395
984.0 76.334999
985.0 76.264
986.0 76.214
987.0 76.146999
988.0 76.071
989.0 76.03
990.0 75.967
991.0 75.923
992.0 75.855999
993.0 75.805
994.0 75.768
995.0 75.736
996.0 75.679
997.0 75.646999
998.0 75.622
999.0 75.571999
1000.0 75.541
1001.0 75.524999
1002.0 75.452
1003.0 75.452
1004.0 75.414999
1005.0 75.407
1006.0 75.402
1007.0 75.372
1008.0 75.375
1009.0 75.348
1010.0 75.352
1011.0 75.343
1012.0 75.333
1013.0 75.33
1014.0 75.348
1015.0 75.343
1016.0 75.33
1017.0 75.353
1018.0 75.395
1019.0 75.383
1020.0 75.417
1021.0 75.435
1022.0 75.447
1023.0 75.436
1024.0 75.483
1025.0 75.491
1026.0 75.532
1027.0 75.573
1028.0 75.582
1029.0 75.622999
1030.0 75.677
1031.0 75.7
1032.0 75.729
1033.0 75.803
1034.0 75.851
1035.0 75.890999
1036.0 75.935
1037.0 76.000999
1038.0 76.032
1039.0 76.096
1040.0 76.129
1041.0 76.212999
1042.0 76.261
1043.0 76.314
1044.0 76.372
1045.0 76.444999
1046.0 76.494
1047.0 76.537
1048.0 76.604
1049.0 76.655
1050.0 76.702
1051.0 76.813
1052.0 76.869
1053.0 76.962
1054.0 76.968
1055.0 77.081999
1056.0 77.16
1057.0 77.234
1058.0 77.307999
1059.0 77.401
1060.0 77.443
1061.0 77.514
1062.0 77.58
1063.0 77.64
1064.0 77.745
1065.0 77.797
1066.0 77.856
1067.0 77.939
1068.0 77.974
1069.0 78.110999
1070.0 78.14
1071.0 78.2
1072.0 78.251
1073.0 78.315
1074.0 78.42
1075.0 78.463
1076.0 78.508
1077.0 78.61
1078.0 78.667
1079.0 78.72
1080.0 78.834999
1081.0 78.851
1082.0 78.931
1083.0 79.011
1084.0 79.049
1085.0 79.093
1086.0 79.156
1087.0 79.212999
1088.0 79.221
1089.0 79.313
1090.0 79.388
1091.0 79.420999
1092.0 79.542999
1093.0 79.527999
1094.0 79.561
1095.0 79.631
1096.0 79.64
1097.0 79.605
1098.0 79.769
1099.0 79.735999
1100.0 79.781
