190.0 0.06
191.0 0.107
192.0 0.02
193.0 0.082
194.0 0.044
195.0 0.046
196.0 0.044
197.0 0.028
198.0 0.029
199.0 0.032
200.0 0.014
201.0 0.018
202.0 0.034
203.0 0.044
204.0 0.024
205.0 0.03
206.0 0.013
207.0 0.037
208.0 0.022
209.0 0.016
210.0 0.028
211.0 0.043
212.0 0.005
213.0 0.016
214.0 0.002
215.0 0.006999
216.0 0.016
217.0 0.016
218.0 0.011
219.0 0.029
220.0 0.016
221.0 -0.003
222.0 0.015
223.0 0.037
224.0 0.021
225.0 0.006
226.0 0.015
227.0 0.023
228.0 0.024
229.0 0.008
230.0 0.022
231.0 0.017
232.0 0.019
233.0 0.012
234.0 0.031
235.0 0.022
236.0 0.016
237.0 0.022
238.0 -0.001
239.0 0.014
240.0 0.013
241.0 0.015
242.0 0.016
243.0 0.03
244.0 0.003
245.0 0.006999
246.0 0.021
247.0 0.013
248.0 0.016
249.0 0.02
250.0 0.019
251.0 0.027
252.0 0.008
253.0 0.019
254.0 0.014
255.0 0.006999
256.0 0.002
257.0 0.018
258.0 0.028
259.0 0.034
260.0 0.029
261.0 0.025
262.0 0.025
263.0 0.022
264.0 0.019
265.0 0.034
266.0 0.018
267.0 0.067
268.0 0.028
269.0 0.024
270.0 0.034
271.0 0.024
272.0 0.046
273.0 0.028
274.0 0.05
275.0 0.058
276.0 0.028
277.0 0.021
278.0 0.022
279.0 0.024
280.0 0.035
281.0 0.024
282.0 0.045
283.0 0.071
284.0 0.023
285.0 0.026
286.0 0.026
287.0 0.038
288.0 0.033
289.0 0.028
290.0 0.034
291.0 0.063
292.0 0.019
293.0 0.013
294.0 0.047
295.0 0.03
296.0 0.017
297.0 0.027
298.0 0.031
299.0 0.055
300.0 0.038
301.0 0.038
302.0 0.019
303.0 0.035
304.0 0.036
305.0 0.036
306.0 0.018
307.0 0.066
308.0 0.039
309.0 0.052
310.0 0.045
311.0 0.04
312.0 0.057
313.0 0.038
314.0 0.025
315.0 0.068
316.0 0.033
317.0 0.039
318.0 0.021
319.0 0.038
320.0 0.071
321.0 0.03
322.0 0.015
323.0 0.074
324.0 0.05
325.0 0.028
326.0 0.016
327.0 0.027
328.0 0.01
329.0 0.034
330.0 0.035
331.0 0.071
332.0 0.03
333.0 0.039
334.0 0.039
335.0 0.039
336.0 0.03
337.0 0.039
338.0 0.009
339.0 0.062
340.0 0.017
341.0 0.032
342.0 0.03
343.0 0.026
344.0 0.02
345.0 0.034
346.0 0.036
347.0 0.048
348.0 0.014
349.0 0.028
350.0 0.013
351.0 0.023
352.0 0.012
353.0 0.02
354.0 0.015
355.0 0.05
356.0 0.023
357.0 0.057
358.0 0.067
359.0 0.098
360.0 0.145
361.0 0.234
362.0 0.38
363.0 0.593
364.0 0.905
365.0 1.36
366.0 1.978
367.0 2.819
368.0 3.914
369.0 5.276
370.0 6.923999
371.0 8.818
372.0 10.887
373.0 13.112
374.0 15.393
375.0 17.67
376.0 19.959
377.0 22.319
378.0 24.772
379.0 27.314
380.0 29.894
381.0 32.484
382.0 35.084
383.0 37.499
384.0 39.703
385.0 41.458
386.0 42.908
387.0 44.104
388.0 45.168
389.0 46.166
390.0 47.231
391.0 48.427
392.0 49.783
393.0 51.361999
394.0 53.112
395.0 54.974
396.0 56.897
397.0 58.781
398.0 60.504
399.0 61.999
400.0 63.192
401.0 64.059
402.0 64.581
403.0 64.833
404.0 64.816
405.0 64.651
406.0 64.384
407.0 64.124
408.0 63.961
409.0 63.916
410.0 64.047
411.0 64.366
412.0 64.905
413.0 65.625
414.0 66.523
415.0 67.584999
416.0 68.71
417.0 69.860999
418.0 70.997
419.0 72.026
420.0 72.957
421.0 73.685999
422.0 74.226
423.0 74.531
424.0 74.655
425.0 74.523
426.0 74.214
427.0 73.702
428.0 73.13
429.0 72.455
430.0 71.76
431.0 71.123
432.0 70.524
433.0 70.02
434.0 69.654
435.0 69.418
436.0 69.383
437.0 69.447999
438.0 69.708
439.0 70.143999
440.0 70.679
441.0 71.38
442.0 72.143999
443.0 73.027
444.0 73.919
445.0 74.87
446.0 75.76
447.0 76.599999
448.0 77.372
449.0 78.029
450.0 78.551999
451.0 78.929
452.0 79.176
453.0 79.259
454.0 79.183
455.0 78.99
456.0 78.639
457.0 78.173
458.0 77.661
459.0 77.075999
460.0 76.446
461.0 75.822999
462.0 75.197999
463.0 74.632
464.0 74.111999
465.0 73.664
466.0 73.307
467.0 73.054
468.0 72.866
469.0 72.814
470.0 72.914
471.0 73.068999
472.0 73.319999
473.0 73.678
474.0 74.117999
475.0 74.62
476.0 75.188
477.0 75.817
478.0 76.471
479.0 77.141
480.0 77.802
481.0 78.471999
482.0 79.083
483.0 79.683
484.0 80.218
485.0 80.651
486.0 81.021
487.0 81.288
488.0 81.459
489.0 81.533
490.0 81.517
491.0 81.376
492.0 81.149
493.0 80.825999
494.0 80.476
495.0 80.014
496.0 79.514
497.0 78.998
498.0 78.432
499.0 77.876
500.0 77.289
501.0 76.735
502.0 76.23
503.0 75.733999
504.0 75.283
505.0 74.917999
506.0 74.565
507.0 74.311
508.0 74.138
509.0 74.006
510.0 73.967
511.0 73.967
512.0 74.072
513.0 74.241999
514.0 74.461999
515.0 74.777
516.0 75.133
517.0 75.542
518.0 75.986
519.0 76.49
520.0 77.035
521.0 77.597
522.0 78.19
523.0 78.79
524.0 79.352
525.0 79.944999
526.0 80.496
527.0 81.044
528.0 81.545
529.0 81.992
530.0 82.437
531.0 82.809
532.0 83.104999
533.0 83.336
534.0 83.513
535.0 83.596
536.0 83.636
537.0 83.592
538.0 83.514
539.0 83.333
540.0 83.102
541.0 82.828
542.0 82.477
543.0 82.111
544.0 81.702
545.0 81.27
546.0 80.810999
547.0 80.333
548.0 79.861
549.0 79.39
550.0 78.913
551.0 78.446
552.0 78.033
553.0 77.616
554.0 77.235
555.0 76.878
556.0 76.575
557.0 76.294
558.0 76.057
559.0 75.849999
560.0 75.697999
561.0 75.601
562.0 75.561
563.0 75.541
564.0 75.587
565.0 75.649
566.0 75.799
567.0 75.968999
568.0 76.188999
569.0 76.437
570.0 76.720999
571.0 77.042999
572.0 77.393999
573.0 77.78
574.0 78.152
575.0 78.586999
576.0 79.018
577.0 79.465
578.0 79.928
579.0 80.379
580.0 80.831
581.0 81.261
582.0 81.699
583.0 82.102
584.0 82.474
585.0 82.837999
586.0 83.191
587.0 83.486999
588.0 83.759
589.0 83.986
590.0 84.170999
591.0 84.328
592.0 84.445
593.0 84.492999
594.0 84.524999
595.0 84.521
596.0 84.462
597.0 84.363
598.0 84.214999
599.0 84.05
600.0 83.835
601.0 83.611
602.0 83.32
603.0 83.037
604.0 82.705
605.0 82.367
606.0 81.989999
607.0 81.616999
608.0 81.22
609.0 80.833
610.0 80.44
611.0 80.054
612.0 79.655
613.0 79.28
614.0 78.918
615.0 78.553
616.0 78.215
617.0 77.885
618.0 77.572
619.0 77.286999
620.0 77.015999
621.0 76.781
622.0 76.55
623.0 76.375
624.0 76.2
625.0 76.057
626.0 75.961
627.0 75.874
628.0 75.815999
629.0 75.795
630.0 75.795
631.0 75.827
632.0 75.89
633.0 75.975
634.0 76.093
635.0 76.219
636.0 76.383
637.0 76.575999
638.0 76.785
639.0 77.027
640.0 77.276
641.0 77.532
642.0 77.804
643.0 78.113
644.0 78.435999
645.0 78.746
646.0 79.072
647.0 79.444999
648.0 79.771999
649.0 80.117
650.0 80.458
651.0 80.817
652.0 81.167999
653.0 81.516
654.0 81.836
655.0 82.164999
656.0 82.488
657.0 82.782
658.0 83.045
659.0 83.339
660.0 83.567
661.0 83.789
662.0 84.011
663.0 84.201
664.0 84.351
665.0 84.488
666.0 84.592999
667.0 84.688
668.0 84.741999
669.0 84.784
670.0 84.795
671.0 84.775
672.0 84.736999
673.0 84.65
674.0 84.562
675.0 84.438999
676.0 84.295
677.0 84.108999
678.0 83.926
679.0 83.732
680.0 83.513
681.0 83.253999
682.0 83.0
683.0 82.724
684.0 82.425
685.0 82.152
686.0 81.86
687.0 81.549
688.0 81.229
689.0 80.914
690.0 80.608999
691.0 80.285
692.0 79.954
693.0 79.642
694.0 79.334999
695.0 79.024
696.0 78.717
697.0 78.431
698.0 78.139
699.0 77.86
700.0 77.598999
701.0 77.342999
702.0 77.098999
703.0 76.864
704.0 76.641
705.0 76.451
706.0 76.262
707.0 76.096
708.0 75.922
709.0 75.79
710.0 75.654
711.0 75.551999
712.0 75.449
713.0 75.367999
714.0 75.299
715.0 75.271999
716.0 75.233
717.0 75.215
718.0 75.229
719.0 75.244999
720.0 75.274
721.0 75.307999
722.0 75.382
723.0 75.449999
724.0 75.547
725.0 75.654
726.0 75.754
727.0 75.911
728.0 76.035
729.0 76.188999
730.0 76.358999
731.0 76.527999
732.0 76.72
733.0 76.912
734.0 77.110999
735.0 77.304
736.0 77.529
737.0 77.742
738.0 77.983999
739.0 78.219
740.0 78.444999
741.0 78.685
742.0 78.923
743.0 79.159
744.0 79.39
745.0 79.639
746.0 79.881
747.0 80.101
748.0 80.336
749.0 80.565
750.0 80.796
751.0 80.998
752.0 81.215999
753.0 81.402
754.0 81.615
755.0 81.792
756.0 81.977
757.0 82.139
758.0 82.297
759.0 82.443999
760.0 82.578
761.0 82.682999
762.0 82.806
763.0 82.899999
764.0 82.962
765.0 83.045
766.0 83.095
767.0 83.115
768.0 83.137
769.0 83.155999
770.0 83.139
771.0 83.131999
772.0 83.087
773.0 83.048999
774.0 82.994999
775.0 82.918
776.0 82.842
777.0 82.746
778.0 82.628999
779.0 82.518
780.0 82.402
781.0 82.25
782.0 82.093
783.0 81.929
784.0 81.788
785.0 81.614
786.0 81.419
787.0 81.221
788.0 81.006
789.0 80.819
790.0 80.601999
791.0 80.399
792.0 80.166
793.0 79.919
794.0 79.675
795.0 79.432
796.0 79.207
797.0 78.974999
798.0 78.741
799.0 78.488
800.0 78.253
801.0 78.051999
802.0 77.822
803.0 77.605
804.0 77.374
805.0 77.152
806.0 76.94
807.0 76.744
808.0 76.515999
809.0 76.333
810.0 76.121
811.0 75.935
812.0 75.765
813.0 75.574
814.0 75.409
815.0 75.249
816.0 75.065
817.0 74.923
818.0 74.792
819.0 74.653
820.0 74.522
821.0 74.428
822.0 74.300999
823.0 74.2
824.0 74.122
825.0 74.019
826.0 73.933
827.0 73.863
828.0 73.807
829.0 73.751
830.0 73.694
831.0 73.678999
832.0 73.641
833.0 73.614999
834.0 73.619
835.0 73.602999
836.0 73.605
837.0 73.627
838.0 73.641
839.0 73.673
840.0 73.69
841.0 73.761
842.0 73.797
843.0 73.851
844.0 73.912
845.0 73.987
846.0 74.075999
847.0 74.164
848.0 74.256
849.0 74.355
850.0 74.456999
851.0 74.562
852.0 74.694
853.0 74.821
854.0 74.921
855.0 75.048999
856.0 75.207
857.0 75.307
858.0 75.471999
859.0 75.613
860.0 75.756999
861.0 75.925
862.0 76.061
863.0 76.219
864.0 76.389
865.0 76.539
866.0 76.704
867.0 76.877
868.0 77.038
869.0 77.203
870.0 77.356
871.0 77.533
872.0 77.703999
873.0 77.877
874.0 78.025
875.0 78.207
876.0 78.357
877.0 78.509
878.0 78.69
879.0 78.825999
880.0 78.978
881.0 79.136
882.0 79.295
883.0 79.393
884.0 79.533
885.0 79.676
886.0 79.781
887.0 79.927
888.0 80.02
889.0 80.152999
890.0 80.264
891.0 80.356
892.0 80.454
893.0 80.562
894.0 80.634
895.0 80.709
896.0 80.788
897.0 80.848
898.0 80.911
899.0 80.961
900.0 80.977
901.0 81.051
902.0 81.072
903.0 81.128999
904.0 81.133
905.0 81.163
906.0 81.164999
907.0 81.164
908.0 81.152999
909.0 81.152999
910.0 81.117999
911.0 81.093
912.0 81.048
913.0 81.016
914.0 80.971999
915.0 80.915
916.0 80.852999
917.0 80.781
918.0 80.73
919.0 80.632
920.0 80.542
921.0 80.450999
922.0 80.36
923.0 80.255
924.0 80.16
925.0 80.035
926.0 79.932
927.0 79.781
928.0 79.667
929.0 79.552
930.0 79.422
931.0 79.259
932.0 79.145
933.0 78.996
934.0 78.854
935.0 78.717
936.0 78.533
937.0 78.41
938.0 78.277
939.0 78.102999
940.0 77.958
941.0 77.794
942.0 77.64
943.0 77.478
944.0 77.321
945.0 77.172
946.0 76.991
947.0 76.83
948.0 76.646
949.0 76.487
950.0 76.346
951.0 76.182
952.0 76.026
953.0 75.87
954.0 75.726
955.0 75.578999
956.0 75.401
957.0 75.27
958.0 75.143
959.0 74.983999
960.0 74.867999
961.0 74.746
962.0 74.592
963.0 74.47
964.0 74.331
965.0 74.209
966.0 74.08
967.0 73.965
968.0 73.826
969.0 73.727
970.0 73.621
971.0 73.489
972.0 73.396
973.0 73.298
974.0 73.173
975.0 73.086
976.0 72.992999
977.0 72.892
978.0 72.799
979.0 72.708
980.0 72.66
981.0 72.584999
982.0 72.496
983.0 72.419
984.0 72.352
985.0 72.285
986.0 72.246
987.0 72.182999
988.0 72.15
989.0 72.095
990.0 72.048999
991.0 71.989
992.0 71.973
993.0 71.934
994.0 71.914
995.0 71.882
996.0 71.866
997.0 71.843
998.0 71.833
999.0 71.816999
1000.0 71.812
1001.0 71.836
1002.0 71.826
1003.0 71.826
1004.0 71.854
1005.0 71.869
1006.0 71.873
1007.0 71.893
1008.0 71.93
1009.0 71.967
1010.0 71.967
1011.0 72.016
1012.0 72.045
1013.0 72.08
1014.0 72.124
1015.0 72.155
1016.0 72.214
1017.0 72.275
1018.0 72.322
1019.0 72.375999
1020.0 72.416
1021.0 72.479
1022.0 72.533999
1023.0 72.596
1024.0 72.648
1025.0 72.724
1026.0 72.782
1027.0 72.873
1028.0 72.937
1029.0 73.033
1030.0 73.114
1031.0 73.194
1032.0 73.277999
1033.0 73.392
1034.0 73.491
1035.0 73.556999
1036.0 73.646
1037.0 73.729
1038.0 73.853
1039.0 73.938
1040.0 74.006
1041.0 74.106
1042.0 74.185
1043.0 74.279
1044.0 74.402
1045.0 74.495
1046.0 74.583
1047.0 74.673999
1048.0 74.787
1049.0 74.892
1050.0 74.977999
1051.0 75.078999
1052.0 75.185
1053.0 75.262
1054.0 75.352
1055.0 75.451
1056.0 75.519
1057.0 75.665
1058.0 75.762
1059.0 75.836
1060.0 75.92
1061.0 76.022
1062.0 76.114999
1063.0 76.231
1064.0 76.277
1065.0 76.396
1066.0 76.485
1067.0 76.557
1068.0 76.571
1069.0 76.715999
1070.0 76.731
1071.0 76.819999
1072.0 76.901
1073.0 76.963
1074.0 77.03
1075.0 77.112
1076.0 77.19
1077.0 77.215999
1078.0 77.351
1079.0 77.339
1080.0 77.425
1081.0 77.495
1082.0 77.598999
1083.0 77.636
1084.0 77.679
1085.0 77.786999
1086.0 77.747
1087.0 77.806
1088.0 77.836
1089.0 77.842
1090.0 77.907
1091.0 77.946
1092.0 77.881999
1093.0 78.021
1094.0 78.007
1095.0 78.019
1096.0 78.023
1097.0 78.053
1098.0 78.049
1099.0 78.044
1100.0 78.049
