190.0 0.09
191.0 0.112
192.0 0.035
193.0 0.080999
194.0 0.051
195.0 0.047
196.0 0.034
197.0 0.017
198.0 0.005
199.0 0.034
200.0 0.023
201.0 0.024
202.0 0.035
203.0 0.069999
204.0 0.036
205.0 0.026
206.0 0.019
207.0 0.017
208.0 0.018
209.0 0.012
210.0 0.03
211.0 0.029
212.0 0.008
213.0 0.02
214.0 0.027
215.0 0.018
216.0 0.011
217.0 0.008
218.0 0.004
219.0 0.029
220.0 0.019
221.0 0.012
222.0 0.029
223.0 0.017
224.0 0.016
225.0 0.02
226.0 0.014
227.0 0.034
228.0 0.009
229.0 0.018
230.0 0.001
231.0 0.024
232.0 0.006999
233.0 0.009
234.0 0.019
235.0 0.013
236.0 0.019
237.0 0.006999
238.0 0.016
239.0 0.017
240.0 0.008
241.0 0.014
242.0 0.027
243.0 0.012
244.0 0.012
245.0 0.013
246.0 0.018
247.0 0.006999
248.0 0.011
249.0 0.021
250.0 0.027
251.0 0.038
252.0 0.016
253.0 0.028
254.0 0.02
255.0 0.027
256.0 0.024
257.0 0.012
258.0 0.006
259.0 0.034
260.0 0.03
261.0 0.03
262.0 0.027
263.0 0.027
264.0 0.018
265.0 0.015
266.0 0.028
267.0 0.046
268.0 0.027
269.0 0.011
270.0 0.014
271.0 0.033
272.0 0.036
273.0 0.029
274.0 0.009
275.0 0.062
276.0 0.026
277.0 0.035
278.0 0.026
279.0 0.013
280.0 0.04
281.0 0.049
282.0 0.039
283.0 0.042
284.0 0.034
285.0 0.024
286.0 0.039
287.0 0.001
288.0 0.047
289.0 0.024
290.0 0.046
291.0 0.058
292.0 0.034
293.0 0.026
294.0 0.029
295.0 0.023
296.0 0.035
297.0 0.037
298.0 0.012
299.0 0.062
300.0 0.015
301.0 0.01
302.0 0.03
303.0 0.037
304.0 0.038
305.0 0.023
306.0 0.064
307.0 0.051
308.0 0.039
309.0 0.049
310.0 0.032
311.0 0.023
312.0 0.045
313.0 0.041
314.0 0.023
315.0 0.063
316.0 0.041
317.0 0.031
318.0 0.057
319.0 0.021
320.0 0.035
321.0 0.021
322.0 0.048
323.0 0.068999
324.0 0.019
325.0 0.078
326.0 0.029
327.0 0.055999
328.0 0.021
329.0 0.05
330.0 0.03
331.0 0.062
332.0 0.024
333.0 0.045
334.0 0.043
335.0 0.027
336.0 0.041
337.0 0.042
338.0 0.026
339.0 0.054
340.0 0.037
341.0 0.025
342.0 0.043
343.0 0.017
344.0 0.027
345.0 0.027
346.0 0.036
347.0 0.038
348.0 0.017
349.0 0.02
350.0 0.025
351.0 0.027
352.0 0.026
353.0 0.037
354.0 0.026
355.0 0.035
356.0 0.037
357.0 0.047
358.0 0.065
359.0 0.095
360.0 0.15
361.0 0.259
362.0 0.41
363.0 0.65
364.0 0.996
365.0 1.482
366.0 2.178
367.0 3.112
368.0 4.29
369.0 5.74
370.0 7.457999
371.0 9.414
372.0 11.543
373.0 13.83
374.0 16.225
375.0 18.634
376.0 21.115
377.0 23.584
378.0 26.102
379.0 28.575
380.0 30.944
381.0 33.221
382.0 35.481
383.0 37.655
384.0 39.753
385.0 41.605
386.0 43.37
387.0 45.083
388.0 46.746
389.0 48.365
390.0 49.979
391.0 51.535
392.0 53.052
393.0 54.514
394.0 55.874
395.0 57.149
396.0 58.304999
397.0 59.341
398.0 60.238
399.0 61.034
400.0 61.71
401.0 62.334999
402.0 62.902
403.0 63.456999
404.0 64.021
405.0 64.586
406.0 65.179
407.0 65.793
408.0 66.443
409.0 67.093
410.0 67.750999
411.0 68.391
412.0 69.005
413.0 69.615
414.0 70.147
415.0 70.624
416.0 71.024
417.0 71.357
418.0 71.624
419.0 71.828
420.0 71.984
421.0 72.111999
422.0 72.189
423.0 72.232
424.0 72.342
425.0 72.421
426.0 72.538
427.0 72.654
428.0 72.845
429.0 73.019
430.0 73.236999
431.0 73.48
432.0 73.761
433.0 74.026
434.0 74.313
435.0 74.611999
436.0 74.878
437.0 75.114
438.0 75.342
439.0 75.547
440.0 75.687
441.0 75.843
442.0 75.914
443.0 75.979
444.0 76.047
445.0 76.003
446.0 75.988999
447.0 75.947
448.0 75.901
449.0 75.853
450.0 75.8
451.0 75.795
452.0 75.773
453.0 75.758
454.0 75.814
455.0 75.877
456.0 75.998
457.0 76.111999
458.0 76.274
459.0 76.448
460.0 76.648
461.0 76.854
462.0 77.087
463.0 77.325999
464.0 77.578
465.0 77.774
466.0 77.998
467.0 78.21
468.0 78.369
469.0 78.526
470.0 78.705
471.0 78.813999
472.0 78.88
473.0 78.928
474.0 78.952999
475.0 78.917
476.0 78.905999
477.0 78.854
478.0 78.797
479.0 78.718
480.0 78.637999
481.0 78.559
482.0 78.447999
483.0 78.372
484.0 78.307999
485.0 78.258
486.0 78.244
487.0 78.197
488.0 78.176
489.0 78.21
490.0 78.257
491.0 78.317
492.0 78.381999
493.0 78.480999
494.0 78.628
495.0 78.75
496.0 78.911
497.0 79.06
498.0 79.227999
499.0 79.387
500.0 79.569999
501.0 79.739
502.0 79.913
503.0 80.073
504.0 80.206
505.0 80.357999
506.0 80.443
507.0 80.556
508.0 80.632
509.0 80.69
510.0 80.711999
511.0 80.727999
512.0 80.726
513.0 80.693
514.0 80.631
515.0 80.579
516.0 80.491999
517.0 80.384999
518.0 80.255
519.0 80.151
520.0 80.024
521.0 79.886
522.0 79.776
523.0 79.648
524.0 79.525
525.0 79.44
526.0 79.34
527.0 79.292
528.0 79.215999
529.0 79.164
530.0 79.140999
531.0 79.142
532.0 79.159
533.0 79.205
534.0 79.273
535.0 79.32
536.0 79.431
537.0 79.534
538.0 79.696
539.0 79.825
540.0 79.971999
541.0 80.134
542.0 80.274999
543.0 80.465
544.0 80.664
545.0 80.844
546.0 81.025
547.0 81.19
548.0 81.344
549.0 81.523
550.0 81.675
551.0 81.827
552.0 81.983999
553.0 82.083
554.0 82.171
555.0 82.268
556.0 82.346
557.0 82.392
558.0 82.423
559.0 82.431
560.0 82.433
561.0 82.408999
562.0 82.396
563.0 82.301
564.0 82.249
565.0 82.143999
566.0 82.045
567.0 81.938999
568.0 81.823
569.0 81.687
570.0 81.535
571.0 81.411
572.0 81.269
573.0 81.137
574.0 80.981
575.0 80.859
576.0 80.717
577.0 80.615
578.0 80.491999
579.0 80.403
580.0 80.305
581.0 80.235
582.0 80.178
583.0 80.123
584.0 80.093999
585.0 80.084
586.0 80.077
587.0 80.087
588.0 80.124
589.0 80.166
590.0 80.226
591.0 80.306
592.0 80.382
593.0 80.471999
594.0 80.581
595.0 80.696
596.0 80.821
597.0 80.943
598.0 81.077
599.0 81.227999
600.0 81.367
601.0 81.508
602.0 81.648
603.0 81.792
604.0 81.931
605.0 82.063
606.0 82.201
607.0 82.343999
608.0 82.447
609.0 82.572999
610.0 82.674
611.0 82.77
612.0 82.858
613.0 82.925
614.0 83.004
615.0 83.053999
616.0 83.104999
617.0 83.114
618.0 83.135
619.0 83.12
620.0 83.126
621.0 83.092999
622.0 83.053999
623.0 82.992
624.0 82.938999
625.0 82.843
626.0 82.762
627.0 82.659
628.0 82.536
629.0 82.416
630.0 82.299
631.0 82.163
632.0 82.02
633.0 81.876
634.0 81.723
635.0 81.581
636.0 81.415
637.0 81.272
638.0 81.116999
639.0 80.983
640.0 80.840999
641.0 80.709
642.0 80.559
643.0 80.441
644.0 80.342
645.0 80.215
646.0 80.119
647.0 80.057999
648.0 79.962
649.0 79.89
650.0 79.83
651.0 79.781
652.0 79.755
653.0 79.737
654.0 79.711
655.0 79.727999
656.0 79.747
657.0 79.774999
658.0 79.8
659.0 79.857999
660.0 79.89
661.0 79.962
662.0 80.052
663.0 80.12
664.0 80.206
665.0 80.312
666.0 80.4
667.0 80.53
668.0 80.648
669.0 80.768
670.0 80.898
671.0 81.014
672.0 81.161
673.0 81.279
674.0 81.416
675.0 81.549
676.0 81.687
677.0 81.813
678.0 81.931
679.0 82.06
680.0 82.174
681.0 82.311
682.0 82.411
683.0 82.525
684.0 82.619
685.0 82.736
686.0 82.828999
687.0 82.903
688.0 82.974999
689.0 83.041
690.0 83.104999
691.0 83.155999
692.0 83.187
693.0 83.214999
694.0 83.252
695.0 83.246
696.0 83.247
697.0 83.242
698.0 83.228
699.0 83.187
700.0 83.152
701.0 83.102
702.0 83.037
703.0 82.970999
704.0 82.891
705.0 82.812
706.0 82.72
707.0 82.626
708.0 82.511
709.0 82.405
710.0 82.272
711.0 82.154
712.0 82.009
713.0 81.871
714.0 81.725
715.0 81.586
716.0 81.449
717.0 81.289999
718.0 81.152
719.0 80.998
720.0 80.843
721.0 80.694999
722.0 80.55
723.0 80.398
724.0 80.259
725.0 80.117
726.0 79.974999
727.0 79.873
728.0 79.718999
729.0 79.605
730.0 79.491
731.0 79.357999
732.0 79.268
733.0 79.169
734.0 79.071
735.0 78.992999
736.0 78.914
737.0 78.833
738.0 78.779
739.0 78.729
740.0 78.676
741.0 78.639
742.0 78.598999
743.0 78.576
744.0 78.565
745.0 78.576
746.0 78.574
747.0 78.568
748.0 78.581999
749.0 78.608999
750.0 78.652999
751.0 78.66
752.0 78.71
753.0 78.746
754.0 78.817
755.0 78.867
756.0 78.938
757.0 79.005
758.0 79.086999
759.0 79.151
760.0 79.247999
761.0 79.327
762.0 79.45
763.0 79.509
764.0 79.608
765.0 79.730999
766.0 79.832
767.0 79.926
768.0 80.01
769.0 80.136
770.0 80.215999
771.0 80.337999
772.0 80.425
773.0 80.522
774.0 80.634
775.0 80.735
776.0 80.840999
777.0 80.923
778.0 81.002
779.0 81.099
780.0 81.185
781.0 81.253
782.0 81.349999
783.0 81.399999
784.0 81.477
785.0 81.54
786.0 81.587
787.0 81.634
788.0 81.687
789.0 81.744
790.0 81.786
791.0 81.823
792.0 81.859
793.0 81.884999
794.0 81.892
795.0 81.91
796.0 81.913
797.0 81.914
798.0 81.908999
799.0 81.877
800.0 81.837999
801.0 81.837999
802.0 81.796
803.0 81.768
804.0 81.727
805.0 81.662
806.0 81.605
807.0 81.555
808.0 81.459999
809.0 81.414
810.0 81.328999
811.0 81.241
812.0 81.152999
813.0 81.053
814.0 80.950999
815.0 80.851
816.0 80.735
817.0 80.626
818.0 80.516
819.0 80.399
820.0 80.28
821.0 80.174
822.0 80.045
823.0 79.923
824.0 79.793
825.0 79.659
826.0 79.529
827.0 79.401
828.0 79.277
829.0 79.127
830.0 79.012
831.0 78.892
832.0 78.749
833.0 78.635
834.0 78.503999
835.0 78.368
836.0 78.261
837.0 78.152
838.0 78.025
839.0 77.912
840.0 77.785
841.0 77.69
842.0 77.585
843.0 77.479
844.0 77.366
845.0 77.307999
846.0 77.207
847.0 77.117999
848.0 77.032
849.0 76.966
850.0 76.881
851.0 76.809
852.0 76.755
853.0 76.703
854.0 76.627
855.0 76.587
856.0 76.559
857.0 76.488999
858.0 76.465999
859.0 76.444999
860.0 76.417
861.0 76.393999
862.0 76.374
863.0 76.368
864.0 76.378999
865.0 76.355999
866.0 76.368
867.0 76.385
868.0 76.402999
869.0 76.428
870.0 76.44
871.0 76.464
872.0 76.499
873.0 76.535
874.0 76.57
875.0 76.617
876.0 76.684
877.0 76.708
878.0 76.798999
879.0 76.831
880.0 76.91
881.0 76.956
882.0 77.035
883.0 77.112
884.0 77.143
885.0 77.23
886.0 77.303
887.0 77.405999
888.0 77.476
889.0 77.56
890.0 77.66
891.0 77.735
892.0 77.822
893.0 77.917
894.0 78.0
895.0 78.102
896.0 78.184
897.0 78.283
898.0 78.381
899.0 78.476
900.0 78.55
901.0 78.676999
902.0 78.75
903.0 78.842999
904.0 78.956999
905.0 79.042999
906.0 79.158
907.0 79.255
908.0 79.327
909.0 79.447
910.0 79.5
911.0 79.601
912.0 79.686
913.0 79.757
914.0 79.844
915.0 79.915
916.0 79.991999
917.0 80.049
918.0 80.132
919.0 80.182
920.0 80.255
921.0 80.309
922.0 80.357999
923.0 80.408999
924.0 80.450999
925.0 80.509
926.0 80.561
927.0 80.553
928.0 80.593
929.0 80.642
930.0 80.663
931.0 80.674
932.0 80.714
933.0 80.711
934.0 80.722
935.0 80.735
936.0 80.733
937.0 80.757
938.0 80.749
939.0 80.735999
940.0 80.694999
941.0 80.691999
942.0 80.683
943.0 80.661
944.0 80.62
945.0 80.593
946.0 80.556
947.0 80.522
948.0 80.493
949.0 80.444
950.0 80.383
951.0 80.334
952.0 80.259
953.0 80.194
954.0 80.136
955.0 80.083
956.0 80.001
957.0 79.949
958.0 79.879
959.0 79.794
960.0 79.742999
961.0 79.673
962.0 79.578999
963.0 79.491999
964.0 79.386
965.0 79.301999
966.0 79.207
967.0 79.099
968.0 79.026
969.0 78.919
970.0 78.83
971.0 78.745
972.0 78.639
973.0 78.52
974.0 78.419
975.0 78.324
976.0 78.203999
977.0 78.102
978.0 78.003999
979.0 77.885
980.0 77.788
981.0 77.699
982.0 77.595
983.0 77.506
984.0 77.399
985.0 77.291
986.0 77.200999
987.0 77.09
988.0 76.988
989.0 76.893
990.0 76.778
991.0 76.687
992.0 76.599999
993.0 76.478
994.0 76.396
995.0 76.287
996.0 76.196
997.0 76.082
998.0 76.005
999.0 75.917999
1000.0 75.829
1001.0 75.75
1002.0 75.658999
1003.0 75.586
1004.0 75.524
1005.0 75.467
1006.0 75.373
1007.0 75.313
1008.0 75.259
1009.0 75.184
1010.0 75.099
1011.0 75.06
1012.0 74.985999
1013.0 74.936
1014.0 74.894
1015.0 74.831999
1016.0 74.773
1017.0 74.749
1018.0 74.688
1019.0 74.664
1020.0 74.604
1021.0 74.592
1022.0 74.505
1023.0 74.492999
1024.0 74.448
1025.0 74.429999
1026.0 74.389
1027.0 74.372
1028.0 74.339999
1029.0 74.361999
1030.0 74.342
1031.0 74.31
1032.0 74.33
1033.0 74.355999
1034.0 74.367
1035.0 74.341
1036.0 74.329
1037.0 74.331999
1038.0 74.363
1039.0 74.378999
1040.0 74.367
1041.0 74.383
1042.0 74.399
1043.0 74.409
1044.0 74.472
1045.0 74.476
1046.0 74.499
1047.0 74.544
1048.0 74.565
1049.0 74.599
1050.0 74.631
1051.0 74.646
1052.0 74.719
1053.0 74.747
1054.0 74.785
1055.0 74.798
1056.0 74.846999
1057.0 74.916
1058.0 74.980999
1059.0 75.03
1060.0 75.043
1061.0 75.12
1062.0 75.155
1063.0 75.258
1064.0 75.276
1065.0 75.334
1066.0 75.428
1067.0 75.48
1068.0 75.455
1069.0 75.569
1070.0 75.556
1071.0 75.656
1072.0 75.746
1073.0 75.78
1074.0 75.848
1075.0 75.904
1076.0 75.959
1077.0 76.000999
1078.0 76.137999
1079.0 76.144
1080.0 76.236
1081.0 76.303
1082.0 76.436
1083.0 76.480999
1084.0 76.505
1085.0 76.61
1086.0 76.68
1087.0 76.726
1088.0 76.758
1089.0 76.864
1090.0 76.911
1091.0 76.958
1092.0 77.059
1093.0 77.092
1094.0 77.141
1095.0 77.22
1096.0 77.279
1097.0 77.336
1098.0 77.368
1099.0 77.468999
1100.0 77.501
