190.0 0.006999
191.0 0.065
192.0 0.02
193.0 0.05
194.0 0.03
195.0 0.061
196.0 -0.006
197.0 0.031
198.0 0.015
199.0 0.025
200.0 0.013
201.0 0.041
202.0 0.024
203.0 0.029
204.0 0.015
205.0 0.029
206.0 0.002
207.0 0.016
208.0 0.005
209.0 -0.001
210.0 0.011
211.0 0.037
212.0 0.002
213.0 0.025
214.0 0.012
215.0 0.009
216.0 0.01
217.0 0.012
218.0 0.009
219.0 0.021
220.0 0.003
221.0 0.008
222.0 0.013
223.0 0.01
224.0 0.012
225.0 0.013
226.0 0.011
227.0 0.029
228.0 0.01
229.0 0.014
230.0 0.011
231.0 0.009
232.0 0.002
233.0 0.006999
234.0 0.003
235.0 0.029
236.0 0.009
237.0 0.015
238.0 0.008
239.0 0.006999
240.0 -0.001
241.0 0.004
242.0 0.014
243.0 0.027
244.0 0.01
245.0 0.003
246.0 0.002
247.0 0.016
248.0 0.008
249.0 0.011
250.0 0.011
251.0 0.031
252.0 0.005
253.0 0.002
254.0 -0.003
255.0 0.016
256.0 0.01
257.0 -0.005
258.0 0.009
259.0 0.036
260.0 0.006
261.0 0.003
262.0 0.008
263.0 0.023
264.0 0.014
265.0 0.004
266.0 0.011
267.0 0.039
268.0 0.01
269.0 0.009
270.0 0.019
271.0 0.025
272.0 0.018
273.0 0.0
274.0 0.019
275.0 0.055999
276.0 0.022
277.0 0.021
278.0 0.029
279.0 0.004
280.0 0.004
281.0 0.016
282.0 0.024
283.0 0.066
284.0 0.017
285.0 0.032
286.0 0.037
287.0 0.018
288.0 0.021
289.0 0.015
290.0 0.001
291.0 0.027
292.0 0.009
293.0 0.003
294.0 0.016
295.0 0.008
296.0 0.021
297.0 0.015
298.0 0.022
299.0 0.06
300.0 0.003
301.0 0.023
302.0 0.023
303.0 0.023
304.0 -0.008
305.0 0.037
306.0 0.02
307.0 0.059
308.0 0.008
309.0 0.026
310.0 0.004
311.0 0.041
312.0 0.008
313.0 0.005
314.0 0.044
315.0 0.063
316.0 0.032
317.0 -0.011
318.0 0.011
319.0 0.015
320.0 0.025
321.0 0.006999
322.0 0.004
323.0 0.062
324.0 0.044
325.0 0.075
326.0 0.003
327.0 0.289
328.0 0.3
329.0 0.283
330.0 0.303
331.0 0.312
332.0 0.274
333.0 0.282
334.0 0.262
335.0 0.261
336.0 0.253
337.0 0.22
338.0 0.226
339.0 0.247
340.0 0.223
341.0 0.209
342.0 0.2
343.0 0.206
344.0 0.193
345.0 0.183
346.0 0.19
347.0 0.189
348.0 0.172
349.0 0.165
350.0 0.164
351.0 0.159
352.0 0.168
353.0 0.168
354.0 0.183
355.0 0.193
356.0 0.22
357.0 0.265
358.0 0.332
359.0 0.427
360.0 0.597
361.0 0.835
362.0 1.163
363.0 1.61
364.0 2.184
365.0 2.956
366.0 3.891
367.0 5.059
368.0 6.404
369.0 7.974
370.0 9.69
371.0 11.561
372.0 13.483
373.0 15.46
374.0 17.42
375.0 19.379
376.0 21.371
377.0 23.341
378.0 25.363
379.0 27.349
380.0 29.215
381.0 31.04
382.0 32.728
383.0 34.197
384.0 35.518
385.0 36.752
386.0 37.92
387.0 39.058
388.0 40.171
389.0 41.321
390.0 42.512
391.0 43.719
392.0 44.945
393.0 46.183
394.0 47.376
395.0 48.511
396.0 49.523
397.0 50.446
398.0 51.212
399.0 51.836
400.0 52.32
401.0 52.703999
402.0 53.0
403.0 53.237
404.0 53.465
405.0 53.723
406.0 54.03
407.0 54.418
408.0 54.879
409.0 55.398
410.0 56.002
411.0 56.637
412.0 57.302
413.0 57.987
414.0 58.623
415.0 59.255
416.0 59.796
417.0 60.27
418.0 60.621
419.0 60.897
420.0 61.053999
421.0 61.226
422.0 61.217
423.0 61.13
424.0 61.036
425.0 60.897
426.0 60.79
427.0 60.697999
428.0 60.665
429.0 60.691
430.0 60.768
431.0 60.935
432.0 61.183
433.0 61.468
434.0 61.874
435.0 62.244
436.0 62.718
437.0 63.158
438.0 63.67
439.0 64.158
440.0 64.602999
441.0 64.983999
442.0 65.333
443.0 65.623
444.0 65.84
445.0 65.983999
446.0 66.041
447.0 66.003
448.0 65.959
449.0 65.821
450.0 65.633
451.0 65.432999
452.0 65.191
453.0 64.976999
454.0 64.779
455.0 64.587
456.0 64.417999
457.0 64.297
458.0 64.256
459.0 64.239
460.0 64.318
461.0 64.441999
462.0 64.637999
463.0 64.888
464.0 65.19
465.0 65.524
466.0 65.912
467.0 66.325
468.0 66.734
469.0 67.179999
470.0 67.607
471.0 68.023
472.0 68.427
473.0 68.789
474.0 69.111999
475.0 69.384999
476.0 69.604999
477.0 69.756
478.0 69.851
479.0 69.883
480.0 69.89
481.0 69.815
482.0 69.715
483.0 69.565999
484.0 69.393
485.0 69.175
486.0 68.955999
487.0 68.717
488.0 68.511
489.0 68.328999
490.0 68.125
491.0 67.971
492.0 67.855
493.0 67.754
494.0 67.727
495.0 67.730999
496.0 67.773
497.0 67.866
498.0 68.016
499.0 68.194
500.0 68.420999
501.0 68.681
502.0 68.979999
503.0 69.309
504.0 69.646
505.0 70.023
506.0 70.407
507.0 70.782
508.0 71.161
509.0 71.542
510.0 71.882
511.0 72.226
512.0 72.521999
513.0 72.819999
514.0 73.033999
515.0 73.243
516.0 73.409
517.0 73.511
518.0 73.577
519.0 73.602
520.0 73.602999
521.0 73.531
522.0 73.434999
523.0 73.29
524.0 73.128
525.0 72.926
526.0 72.721
527.0 72.501
528.0 72.248
529.0 72.011
530.0 71.777999
531.0 71.541
532.0 71.316
533.0 71.11
534.0 70.909
535.0 70.773
536.0 70.63
537.0 70.542
538.0 70.469
539.0 70.426
540.0 70.435
541.0 70.456
542.0 70.533999
543.0 70.640999
544.0 70.775
545.0 70.921
546.0 71.123
547.0 71.336999
548.0 71.598
549.0 71.863999
550.0 72.149
551.0 72.453
552.0 72.767
553.0 73.093
554.0 73.421
555.0 73.743
556.0 74.058
557.0 74.373
558.0 74.677
559.0 74.973999
560.0 75.263
561.0 75.495
562.0 75.736
563.0 75.936
564.0 76.114
565.0 76.259999
566.0 76.325
567.0 76.4
568.0 76.449999
569.0 76.483999
570.0 76.473
571.0 76.402
572.0 76.319999
573.0 76.182
574.0 76.041
575.0 75.909
576.0 75.681
577.0 75.471999
578.0 75.256999
579.0 75.021
580.0 74.795
581.0 74.543
582.0 74.287
583.0 74.058
584.0 73.834999
585.0 73.631
586.0 73.426
587.0 73.245
588.0 73.078
589.0 72.925
590.0 72.799
591.0 72.702
592.0 72.605
593.0 72.56
594.0 72.52
595.0 72.501
596.0 72.513
597.0 72.541
598.0 72.596
599.0 72.678
600.0 72.774
601.0 72.898
602.0 73.033999
603.0 73.187
604.0 73.377
605.0 73.575999
606.0 73.778
607.0 74.016
608.0 74.244
609.0 74.51
610.0 74.764
611.0 75.046
612.0 75.310999
613.0 75.571
614.0 75.854999
615.0 76.122999
616.0 76.389
617.0 76.652
618.0 76.916
619.0 77.158
620.0 77.39
621.0 77.61
622.0 77.822
623.0 77.989
624.0 78.178
625.0 78.313999
626.0 78.449
627.0 78.556
628.0 78.624
629.0 78.696999
630.0 78.738
631.0 78.746
632.0 78.741
633.0 78.712
634.0 78.658
635.0 78.577
636.0 78.488
637.0 78.369999
638.0 78.239999
639.0 78.098
640.0 77.942
641.0 77.768
642.0 77.563
643.0 77.388
644.0 77.18
645.0 76.978
646.0 76.742999
647.0 76.523
648.0 76.310999
649.0 76.093
650.0 75.869
651.0 75.658
652.0 75.455
653.0 75.264
654.0 75.073
655.0 74.889
656.0 74.715
657.0 74.544999
658.0 74.432
659.0 74.287
660.0 74.166
661.0 74.056999
662.0 73.933
663.0 73.875999
664.0 73.822
665.0 73.782
666.0 73.762
667.0 73.736999
668.0 73.775
669.0 73.787
670.0 73.842
671.0 73.894
672.0 73.975
673.0 74.065
674.0 74.163
675.0 74.289
676.0 74.429999
677.0 74.568
678.0 74.729
679.0 74.898
680.0 75.075999
681.0 75.244999
682.0 75.463
683.0 75.664
684.0 75.869
685.0 76.071
686.0 76.306
687.0 76.515
688.0 76.741
689.0 76.974
690.0 77.212999
691.0 77.407
692.0 77.637999
693.0 77.853
694.0 78.084
695.0 78.288
696.0 78.489
697.0 78.678
698.0 78.88
699.0 79.054
700.0 79.205
701.0 79.364
702.0 79.494
703.0 79.613
704.0 79.735
705.0 79.821
706.0 79.912
707.0 79.967
708.0 80.006999
709.0 80.056
710.0 80.081999
711.0 80.074
712.0 80.073
713.0 80.047
714.0 80.005
715.0 79.946
716.0 79.874
717.0 79.803
718.0 79.712
719.0 79.603
720.0 79.474999
721.0 79.343
722.0 79.198
723.0 79.051
724.0 78.905999
725.0 78.721
726.0 78.556
727.0 78.357
728.0 78.193
729.0 78.001
730.0 77.813
731.0 77.636
732.0 77.423
733.0 77.239999
734.0 77.035
735.0 76.849999
736.0 76.661
737.0 76.471
738.0 76.297
739.0 76.110999
740.0 75.934
741.0 75.776
742.0 75.604
743.0 75.456999
744.0 75.310999
745.0 75.177
746.0 75.035
747.0 74.919
748.0 74.804
749.0 74.7
750.0 74.601
751.0 74.518
752.0 74.417999
753.0 74.378999
754.0 74.316
755.0 74.275
756.0 74.227
757.0 74.199
758.0 74.189
759.0 74.173999
760.0 74.18
761.0 74.203
762.0 74.224
763.0 74.261
764.0 74.299
765.0 74.337
766.0 74.407
767.0 74.456999
768.0 74.544
769.0 74.621
770.0 74.746
771.0 74.826
772.0 74.952
773.0 75.081
774.0 75.193
775.0 75.346
776.0 75.479
777.0 75.633
778.0 75.812
779.0 75.980999
780.0 76.158
781.0 76.283999
782.0 76.423
783.0 76.556
784.0 76.681
785.0 76.803
786.0 76.955
787.0 77.146
788.0 77.317
789.0 77.488999
790.0 77.643
791.0 77.813
792.0 78.008
793.0 78.148
794.0 78.346
795.0 78.533
796.0 78.688999
797.0 78.832
798.0 78.978
799.0 79.124
800.0 79.247999
801.0 79.39
802.0 79.491
803.0 79.593999
804.0 79.702
805.0 79.782
806.0 79.864999
807.0 79.949
808.0 80.025
809.0 80.089
810.0 80.131
811.0 80.178
812.0 80.232
813.0 80.235
814.0 80.285
815.0 80.278
816.0 80.247999
817.0 80.279
818.0 80.249
819.0 80.227999
820.0 80.185
821.0 80.138
822.0 80.098
823.0 80.022
824.0 79.959999
825.0 79.906
826.0 79.817
827.0 79.715999
828.0 79.624
829.0 79.529
830.0 79.423999
831.0 79.315
832.0 79.179
833.0 79.08
834.0 78.97
835.0 78.815
836.0 78.668
837.0 78.542999
838.0 78.419
839.0 78.267
840.0 78.119
841.0 77.968999
842.0 77.851
843.0 77.696
844.0 77.548
845.0 77.395
846.0 77.239
847.0 77.093999
848.0 76.953999
849.0 76.822
850.0 76.657
851.0 76.532
852.0 76.383
853.0 76.235
854.0 76.13
855.0 75.992
856.0 75.865
857.0 75.736999
858.0 75.628
859.0 75.488
860.0 75.390999
861.0 75.267
862.0 75.17
863.0 75.077
864.0 74.977
865.0 74.898
866.0 74.78
867.0 74.717999
868.0 74.631
869.0 74.569
870.0 74.521
871.0 74.448
872.0 74.409
873.0 74.346999
874.0 74.326
875.0 74.274
876.0 74.268999
877.0 74.241
878.0 74.194999
879.0 74.19
880.0 74.177
881.0 74.167
882.0 74.197999
883.0 74.219
884.0 74.25
885.0 74.28
886.0 74.319999
887.0 74.361999
888.0 74.432
889.0 74.47
890.0 74.511
891.0 74.556
892.0 74.639
893.0 74.704
894.0 74.791
895.0 74.890999
896.0 74.958
897.0 75.023
898.0 75.122
899.0 75.212999
900.0 75.31
901.0 75.395
902.0 75.506
903.0 75.59
904.0 75.705
905.0 75.771999
906.0 75.898
907.0 75.979
908.0 76.105999
909.0 76.212999
910.0 76.346999
911.0 76.427
912.0 76.587
913.0 76.676
914.0 76.771
915.0 76.926
916.0 77.049
917.0 77.175
918.0 77.331999
919.0 77.458
920.0 77.592
921.0 77.700999
922.0 77.819999
923.0 77.959
924.0 78.102999
925.0 78.233
926.0 78.34
927.0 78.473
928.0 78.612
929.0 78.724
930.0 78.83
931.0 78.940999
932.0 79.066
933.0 79.168
934.0 79.266
935.0 79.381
936.0 79.456
937.0 79.547
938.0 79.65
939.0 79.72
940.0 79.797
941.0 79.863
942.0 79.923
943.0 79.991
944.0 80.049
945.0 80.078
946.0 80.152999
947.0 80.199
948.0 80.242
949.0 80.306999
950.0 80.321
951.0 80.383
952.0 80.381
953.0 80.411
954.0 80.408
955.0 80.447
956.0 80.444999
957.0 80.443
958.0 80.434
959.0 80.437
960.0 80.441
961.0 80.401
962.0 80.39
963.0 80.373
964.0 80.328999
965.0 80.281
966.0 80.256
967.0 80.212999
968.0 80.186
969.0 80.117999
970.0 80.078
971.0 80.024
972.0 79.932999
973.0 79.891
974.0 79.829
975.0 79.735
976.0 79.65
977.0 79.583
978.0 79.486999
979.0 79.440999
980.0 79.379
981.0 79.313999
982.0 79.254
983.0 79.148
984.0 79.041
985.0 78.968999
986.0 78.832
987.0 78.727999
988.0 78.652
989.0 78.551999
990.0 78.43
991.0 78.327
992.0 78.233
993.0 78.113999
994.0 78.015
995.0 77.932999
996.0 77.816
997.0 77.718
998.0 77.586999
999.0 77.511
1000.0 77.393
1001.0 77.298999
1002.0 77.195
1003.0 77.081
1004.0 76.996
1005.0 76.89
1006.0 76.783999
1007.0 76.692
1008.0 76.595
1009.0 76.492999
1010.0 76.377
1011.0 76.309
1012.0 76.214
1013.0 76.134999
1014.0 76.012999
1015.0 75.94
1016.0 75.853
1017.0 75.765
1018.0 75.672
1019.0 75.593999
1020.0 75.51
1021.0 75.471999
1022.0 75.374
1023.0 75.314
1024.0 75.244
1025.0 75.161999
1026.0 75.116
1027.0 75.029
1028.0 74.94
1029.0 74.923
1030.0 74.888
1031.0 74.807
1032.0 74.778
1033.0 74.724
1034.0 74.694
1035.0 74.638
1036.0 74.599
1037.0 74.59
1038.0 74.544
1039.0 74.529
1040.0 74.491
1041.0 74.449
1042.0 74.424
1043.0 74.414
1044.0 74.381
1045.0 74.365
1046.0 74.351999
1047.0 74.389
1048.0 74.387
1049.0 74.398
1050.0 74.338
1051.0 74.334999
1052.0 74.35
1053.0 74.355999
1054.0 74.378
1055.0 74.402
1056.0 74.402
1057.0 74.419
1058.0 74.421
1059.0 74.509
1060.0 74.494
1061.0 74.5
1062.0 74.473
1063.0 74.459
1064.0 74.557
1065.0 74.607
1066.0 74.646999
1067.0 74.69
1068.0 74.719
1069.0 74.774
1070.0 74.801
1071.0 74.858999
1072.0 74.919
1073.0 74.973
1074.0 74.988
1075.0 75.003
1076.0 75.161
1077.0 75.197999
1078.0 75.246
1079.0 75.307
1080.0 75.339
1081.0 75.393
1082.0 75.437
1083.0 75.551
1084.0 75.58
1085.0 75.75
1086.0 75.673999
1087.0 75.783
1088.0 75.883
1089.0 75.908
1090.0 75.992999
1091.0 76.087999
1092.0 76.093
1093.0 76.17
1094.0 76.209
1095.0 76.256
1096.0 76.285
1097.0 76.366
1098.0 76.473
1099.0 76.53
1100.0 76.559
