190.0 -0.057
191.0 0.048
192.0 0.015
193.0 0.029
194.0 0.034
195.0 0.085999
196.0 0.013
197.0 0.004
198.0 0.042
199.0 0.01
200.0 0.005
201.0 0.01
202.0 0.026
203.0 0.037
204.0 0.014
205.0 0.004
206.0 0.009
207.0 -0.014
208.0 0.013
209.0 0.006
210.0 0.006999
211.0 0.022
212.0 0.02
213.0 0.01
214.0 0.021
215.0 0.0
216.0 -0.006
217.0 0.001
218.0 0.013
219.0 0.027
220.0 -0.003
221.0 0.003
222.0 0.014
223.0 -0.001
224.0 0.013
225.0 0.008
226.0 0.022
227.0 0.019
228.0 0.009
229.0 0.006
230.0 0.009
231.0 0.01
232.0 0.005
233.0 0.009
234.0 0.012
235.0 0.023
236.0 0.012
237.0 0.003
238.0 0.006999
239.0 0.006
240.0 0.014
241.0 0.01
242.0 0.009
243.0 0.019
244.0 0.014
245.0 0.009
246.0 0.004
247.0 0.001
248.0 -0.002
249.0 -0.005
250.0 0.012
251.0 0.036
252.0 0.002
253.0 -0.015
254.0 0.006999
255.0 0.012
256.0 0.012
257.0 0.009
258.0 0.012
259.0 0.031
260.0 -0.006999
261.0 0.014
262.0 0.0
263.0 0.018
264.0 0.006999
265.0 0.002
266.0 0.012
267.0 0.035
268.0 -0.013
269.0 0.026
270.0 0.005
271.0 0.002
272.0 0.013
273.0 0.009
274.0 0.025
275.0 0.035
276.0 0.014
277.0 0.015
278.0 -0.001
279.0 0.026
280.0 0.009
281.0 0.021
282.0 0.01
283.0 0.047
284.0 0.008
285.0 0.003
286.0 0.016
287.0 -0.008
288.0 0.031
289.0 0.027
290.0 0.027
291.0 0.036
292.0 0.017
293.0 0.013
294.0 0.006999
295.0 0.02
296.0 0.023
297.0 0.035
298.0 0.021
299.0 0.039
300.0 0.009
301.0 -0.011
302.0 0.037
303.0 0.03
304.0 0.022
305.0 0.024
306.0 0.016
307.0 0.034
308.0 0.018
309.0 0.042
310.0 0.023
311.0 -0.006999
312.0 0.008
313.0 0.027
314.0 0.026
315.0 0.013
316.0 0.015
317.0 0.015
318.0 0.029
319.0 -0.006999
320.0 0.047
321.0 0.014
322.0 0.026
323.0 0.062
324.0 0.016
325.0 0.027
326.0 0.033
327.0 0.049
328.0 0.044
329.0 0.055
330.0 0.046
331.0 0.052
332.0 0.052
333.0 0.044
334.0 0.036
335.0 0.035
336.0 0.042
337.0 0.022
338.0 0.025
339.0 0.055
340.0 0.023
341.0 0.032
342.0 0.038
343.0 0.021
344.0 0.034
345.0 0.02
346.0 0.043
347.0 0.039
348.0 0.03
349.0 0.017
350.0 0.017
351.0 0.035
352.0 0.021
353.0 0.041
354.0 0.055999
355.0 0.093
356.0 0.124
357.0 0.176
358.0 0.279
359.0 0.412
360.0 0.605
361.0 0.889
362.0 1.276
363.0 1.793
364.0 2.433
365.0 3.262
366.0 4.272
367.0 5.498
368.0 6.931
369.0 8.552
370.0 10.361
371.0 12.274
372.0 14.296
373.0 16.371
374.0 18.488
375.0 20.521
376.0 22.557
377.0 24.537
378.0 26.476
379.0 28.362
380.0 30.121
381.0 31.86
382.0 33.461
383.0 35.065
384.0 36.551
385.0 37.932
386.0 39.274
387.0 40.568
388.0 41.787
389.0 42.973
390.0 44.082
391.0 45.146
392.0 46.13
393.0 47.067
394.0 47.942
395.0 48.752
396.0 49.518
397.0 50.224
398.0 50.910999
399.0 51.534
400.0 52.146
401.0 52.724
402.0 53.274
403.0 53.799
404.0 54.303
405.0 54.806
406.0 55.301999
407.0 55.774
408.0 56.251
409.0 56.676
410.0 57.102
411.0 57.483
412.0 57.825
413.0 58.18
414.0 58.468
415.0 58.757
416.0 59.011
417.0 59.255
418.0 59.459
419.0 59.679
420.0 59.873
421.0 60.153
422.0 60.358
423.0 60.521
424.0 60.742
425.0 60.939
426.0 61.166
427.0 61.398
428.0 61.619
429.0 61.883
430.0 62.113
431.0 62.358
432.0 62.607
433.0 62.825
434.0 63.074
435.0 63.268
436.0 63.444
437.0 63.633
438.0 63.802
439.0 63.956999
440.0 64.075
441.0 64.217
442.0 64.289
443.0 64.39
444.0 64.464
445.0 64.545
446.0 64.601
447.0 64.646
448.0 64.739999
449.0 64.816
450.0 64.864999
451.0 64.953
452.0 65.035
453.0 65.143
454.0 65.277
455.0 65.402
456.0 65.519
457.0 65.668
458.0 65.828
459.0 65.983
460.0 66.175
461.0 66.342
462.0 66.509
463.0 66.695
464.0 66.855
465.0 67.003999
466.0 67.166
467.0 67.321
468.0 67.446
469.0 67.586
470.0 67.688999
471.0 67.804
472.0 67.901
473.0 67.983999
474.0 68.036
475.0 68.1
476.0 68.164
477.0 68.194
478.0 68.223999
479.0 68.255
480.0 68.284
481.0 68.321
482.0 68.347
483.0 68.4
484.0 68.423
485.0 68.471999
486.0 68.54
487.0 68.587
488.0 68.667
489.0 68.749
490.0 68.835
491.0 68.947
492.0 69.062
493.0 69.176999
494.0 69.318
495.0 69.458
496.0 69.595
497.0 69.742
498.0 69.899
499.0 70.043
500.0 70.199
501.0 70.331999
502.0 70.489999
503.0 70.608
504.0 70.758
505.0 70.872999
506.0 71.005
507.0 71.122
508.0 71.214
509.0 71.313
510.0 71.383
511.0 71.468
512.0 71.529
513.0 71.578
514.0 71.607
515.0 71.628
516.0 71.665
517.0 71.679
518.0 71.697
519.0 71.697
520.0 71.718
521.0 71.714999
522.0 71.736999
523.0 71.706999
524.0 71.735
525.0 71.726
526.0 71.76
527.0 71.759
528.0 71.777
529.0 71.823
530.0 71.848999
531.0 71.898
532.0 71.948
533.0 71.999
534.0 72.045
535.0 72.148
536.0 72.204
537.0 72.303
538.0 72.374
539.0 72.458999
540.0 72.568999
541.0 72.676
542.0 72.789999
543.0 72.894
544.0 72.985999
545.0 73.090999
546.0 73.194
547.0 73.292
548.0 73.4
549.0 73.506
550.0 73.584
551.0 73.677
552.0 73.756999
553.0 73.848
554.0 73.906
555.0 73.975
556.0 74.039
557.0 74.107999
558.0 74.144
559.0 74.175
560.0 74.224
561.0 74.245
562.0 74.271
563.0 74.295
564.0 74.319
565.0 74.309
566.0 74.304
567.0 74.302
568.0 74.316999
569.0 74.303
570.0 74.307
571.0 74.313
572.0 74.298
573.0 74.268
574.0 74.251
575.0 74.258
576.0 74.227
577.0 74.231
578.0 74.224999
579.0 74.221999
580.0 74.224999
581.0 74.233999
582.0 74.236
583.0 74.264
584.0 74.292
585.0 74.331999
586.0 74.384
587.0 74.44
588.0 74.506
589.0 74.578999
590.0 74.65
591.0 74.736
592.0 74.812
593.0 74.91
594.0 74.985999
595.0 75.066999
596.0 75.154
597.0 75.238
598.0 75.334
599.0 75.402999
600.0 75.486
601.0 75.563
602.0 75.646
603.0 75.716
604.0 75.787
605.0 75.853
606.0 75.908
607.0 75.971
608.0 76.033
609.0 76.082
610.0 76.13
611.0 76.166
612.0 76.209999
613.0 76.239999
614.0 76.27
615.0 76.293
616.0 76.318
617.0 76.324
618.0 76.343
619.0 76.355999
620.0 76.358
621.0 76.352
622.0 76.369
623.0 76.331
624.0 76.346999
625.0 76.333
626.0 76.315999
627.0 76.282
628.0 76.268999
629.0 76.247
630.0 76.242
631.0 76.215999
632.0 76.2
633.0 76.165
634.0 76.145
635.0 76.128
636.0 76.114
637.0 76.090999
638.0 76.078
639.0 76.066999
640.0 76.043
641.0 76.031
642.0 76.032
643.0 76.015999
644.0 76.026
645.0 76.019
646.0 76.017
647.0 76.033
648.0 76.035
649.0 76.068
650.0 76.082
651.0 76.109
652.0 76.13
653.0 76.164
654.0 76.166
655.0 76.227
656.0 76.271
657.0 76.295999
658.0 76.358
659.0 76.401
660.0 76.426
661.0 76.480999
662.0 76.527999
663.0 76.586
664.0 76.629
665.0 76.676
666.0 76.704
667.0 76.752
668.0 76.822999
669.0 76.883
670.0 76.926
671.0 76.979
672.0 77.027999
673.0 77.078999
674.0 77.125999
675.0 77.169
676.0 77.212999
677.0 77.242
678.0 77.285
679.0 77.34
680.0 77.358
681.0 77.401
682.0 77.41
683.0 77.425999
684.0 77.464999
685.0 77.485
686.0 77.502
687.0 77.514
688.0 77.524
689.0 77.538
690.0 77.529
691.0 77.531
692.0 77.503
693.0 77.5
694.0 77.505
695.0 77.488
696.0 77.47
697.0 77.446
698.0 77.435
699.0 77.399
700.0 77.387
701.0 77.348
702.0 77.304
703.0 77.271
704.0 77.235
705.0 77.197999
706.0 77.153
707.0 77.105999
708.0 77.075
709.0 77.026
710.0 77.003999
711.0 76.947
712.0 76.923
713.0 76.87
714.0 76.853
715.0 76.798
716.0 76.758
717.0 76.755
718.0 76.707
719.0 76.68
720.0 76.656
721.0 76.622999
722.0 76.598
723.0 76.583
724.0 76.581999
725.0 76.548
726.0 76.547
727.0 76.553
728.0 76.533
729.0 76.533
730.0 76.534
731.0 76.551
732.0 76.559999
733.0 76.578
734.0 76.593999
735.0 76.586
736.0 76.624
737.0 76.649
738.0 76.681999
739.0 76.703
740.0 76.742
741.0 76.776
742.0 76.798
743.0 76.853
744.0 76.89
745.0 76.951
746.0 76.979
747.0 77.037
748.0 77.08
749.0 77.146
750.0 77.175
751.0 77.238
752.0 77.277
753.0 77.342
754.0 77.392
755.0 77.451
756.0 77.486
757.0 77.553
758.0 77.602
759.0 77.658
760.0 77.703
761.0 77.751
762.0 77.821
763.0 77.846
764.0 77.9
765.0 77.917
766.0 77.97
767.0 77.99
768.0 78.022
769.0 78.047
770.0 78.089
771.0 78.104
772.0 78.149
773.0 78.187
774.0 78.215
775.0 78.261
776.0 78.297
777.0 78.313
778.0 78.364999
779.0 78.388
780.0 78.420999
781.0 78.388
782.0 78.372
783.0 78.336
784.0 78.31
785.0 78.268
786.0 78.239
787.0 78.236
788.0 78.220999
789.0 78.212
790.0 78.188999
791.0 78.152999
792.0 78.136
793.0 78.098
794.0 78.081999
795.0 78.075
796.0 78.036
797.0 77.98
798.0 77.95
799.0 77.892
800.0 77.837
801.0 77.818
802.0 77.761
803.0 77.7
804.0 77.647
805.0 77.586999
806.0 77.536
807.0 77.480999
808.0 77.42
809.0 77.361
810.0 77.298
811.0 77.238
812.0 77.192
813.0 77.121
814.0 77.078
815.0 77.018
816.0 76.943
817.0 76.905
818.0 76.839
819.0 76.791
820.0 76.747
821.0 76.69
822.0 76.646
823.0 76.581
824.0 76.537
825.0 76.515
826.0 76.465
827.0 76.425
828.0 76.378999
829.0 76.361999
830.0 76.328
831.0 76.3
832.0 76.266
833.0 76.252
834.0 76.23
835.0 76.188999
836.0 76.188999
837.0 76.171
838.0 76.169
839.0 76.167
840.0 76.158999
841.0 76.14
842.0 76.158
843.0 76.168
844.0 76.183
845.0 76.187
846.0 76.218
847.0 76.217
848.0 76.235
849.0 76.271
850.0 76.28
851.0 76.34
852.0 76.343
853.0 76.390999
854.0 76.437999
855.0 76.468999
856.0 76.517
857.0 76.566999
858.0 76.595
859.0 76.637
860.0 76.692
861.0 76.729
862.0 76.794
863.0 76.842
864.0 76.903
865.0 76.961
866.0 77.003
867.0 77.066999
868.0 77.152
869.0 77.192
870.0 77.28
871.0 77.325999
872.0 77.401
873.0 77.459
874.0 77.522
875.0 77.558
876.0 77.649
877.0 77.705
878.0 77.758
879.0 77.79
880.0 77.871
881.0 77.92
882.0 78.003
883.0 78.090999
884.0 78.157
885.0 78.244
886.0 78.332
887.0 78.391
888.0 78.471999
889.0 78.519
890.0 78.572
891.0 78.66
892.0 78.721
893.0 78.774999
894.0 78.817
895.0 78.886
896.0 78.937
897.0 78.973
898.0 79.024
899.0 79.066
900.0 79.113
901.0 79.128
902.0 79.172
903.0 79.195
904.0 79.221
905.0 79.211
906.0 79.241
907.0 79.246
908.0 79.274999
909.0 79.254
910.0 79.279
911.0 79.285
912.0 79.281
913.0 79.271999
914.0 79.261
915.0 79.274
916.0 79.262
917.0 79.257
918.0 79.274
919.0 79.267
920.0 79.268
921.0 79.258
922.0 79.222
923.0 79.222
924.0 79.214
925.0 79.2
926.0 79.179
927.0 79.152999
928.0 79.135
929.0 79.111
930.0 79.066999
931.0 79.042
932.0 79.01
933.0 78.982
934.0 78.935
935.0 78.893
936.0 78.839
937.0 78.785
938.0 78.742
939.0 78.685
940.0 78.622
941.0 78.569
942.0 78.489
943.0 78.462
944.0 78.403
945.0 78.305
946.0 78.262
947.0 78.214
948.0 78.139
949.0 78.096
950.0 78.013
951.0 77.983999
952.0 77.896
953.0 77.830999
954.0 77.775
955.0 77.707
956.0 77.656
957.0 77.569
958.0 77.501
959.0 77.453
960.0 77.405
961.0 77.319
962.0 77.238
963.0 77.193
964.0 77.117999
965.0 77.063
966.0 77.007
967.0 76.953999
968.0 76.905
969.0 76.836
970.0 76.776
971.0 76.747
972.0 76.678
973.0 76.639
974.0 76.551
975.0 76.5
976.0 76.458
977.0 76.399
978.0 76.353
979.0 76.331999
980.0 76.326
981.0 76.306
982.0 76.281
983.0 76.224999
984.0 76.185999
985.0 76.154
986.0 76.119
987.0 76.058
988.0 76.062
989.0 76.047
990.0 76.005
991.0 76.005
992.0 75.991
993.0 75.944
994.0 75.948
995.0 75.956999
996.0 75.931
997.0 75.908
998.0 75.897
999.0 75.905999
1000.0 75.905
1001.0 75.914
1002.0 75.905999
1003.0 75.92
1004.0 75.92
1005.0 75.914999
1006.0 75.936
1007.0 75.941
1008.0 75.961999
1009.0 75.964
1010.0 75.968
1011.0 75.992
1012.0 76.015999
1013.0 76.039
1014.0 76.034
1015.0 76.058
1016.0 76.089
1017.0 76.124
1018.0 76.158
1019.0 76.161
1020.0 76.221999
1021.0 76.249
1022.0 76.273
1023.0 76.313
1024.0 76.349
1025.0 76.378
1026.0 76.435
1027.0 76.449999
1028.0 76.446
1029.0 76.536
1030.0 76.587999
1031.0 76.604
1032.0 76.678
1033.0 76.703
1034.0 76.766
1035.0 76.771999
1036.0 76.83
1037.0 76.871
1038.0 76.944999
1039.0 76.968999
1040.0 77.029
1041.0 77.042
1042.0 77.125999
1043.0 77.122
1044.0 77.168
1045.0 77.227999
1046.0 77.269
1047.0 77.339
1048.0 77.388
1049.0 77.449
1050.0 77.502
1051.0 77.486
1052.0 77.551
1053.0 77.628
1054.0 77.687
1055.0 77.723
1056.0 77.724999
1057.0 77.804
1058.0 77.818
1059.0 77.9
1060.0 77.9
1061.0 77.968
1062.0 77.986999
1063.0 77.971
1064.0 78.011
1065.0 78.092
1066.0 78.145
1067.0 78.161999
1068.0 78.193
1069.0 78.247999
1070.0 78.271999
1071.0 78.282
1072.0 78.32
1073.0 78.332
1074.0 78.341
1075.0 78.385
1076.0 78.480999
1077.0 78.485
1078.0 78.506
1079.0 78.526
1080.0 78.519
1081.0 78.578
1082.0 78.573
1083.0 78.58
1084.0 78.58
1085.0 78.652999
1086.0 78.605
1087.0 78.583
1088.0 78.661999
1089.0 78.683
1090.0 78.656
1091.0 78.668
1092.0 78.631
1093.0 78.655
1094.0 78.632
1095.0 78.617
1096.0 78.613
1097.0 78.584
1098.0 78.633
1099.0 78.581999
1100.0 78.613999
