190.0 0.036
191.0 0.02
192.0 0.013
193.0 0.019
194.0 0.027
195.0 0.038
196.0 0.016
197.0 0.011
198.0 0.011
199.0 0.008
200.0 0.016
201.0 0.014
202.0 0.012
203.0 0.026
204.0 0.011
205.0 0.009
206.0 0.015
207.0 0.005
208.0 0.009
209.0 0.014
210.0 0.01
211.0 0.018
212.0 0.006999
213.0 0.002
214.0 0.01
215.0 0.015
216.0 0.006
217.0 0.011
218.0 0.016
219.0 0.015
220.0 0.006
221.0 0.01
222.0 0.011
223.0 0.008
224.0 0.009
225.0 0.006
226.0 0.013
227.0 0.014
228.0 0.003
229.0 0.001
230.0 0.009
231.0 0.006
232.0 0.006999
233.0 0.01
234.0 0.009
235.0 0.016
236.0 0.006999
237.0 0.009
238.0 0.0
239.0 0.006
240.0 0.005
241.0 0.009
242.0 0.01
243.0 0.02
244.0 0.005
245.0 0.006999
246.0 0.009
247.0 0.012
248.0 0.004
249.0 0.006
250.0 0.006
251.0 0.022
252.0 0.009
253.0 0.012
254.0 0.009
255.0 0.01
256.0 0.006999
257.0 0.004
258.0 0.015
259.0 0.029
260.0 0.015
261.0 0.011
262.0 0.004
263.0 0.013
264.0 0.006
265.0 0.009
266.0 0.0
267.0 0.028
268.0 0.013
269.0 0.011
270.0 0.017
271.0 0.013
272.0 0.022
273.0 0.022
274.0 0.015
275.0 0.041
276.0 0.015
277.0 0.009
278.0 0.016
279.0 0.016
280.0 0.014
281.0 0.005
282.0 0.02
283.0 0.031
284.0 0.012
285.0 0.022
286.0 0.015
287.0 0.025
288.0 0.009
289.0 0.018
290.0 0.027
291.0 0.029
292.0 0.011
293.0 0.019
294.0 0.006999
295.0 0.016
296.0 0.014
297.0 0.013
298.0 0.013
299.0 0.046
300.0 0.013
301.0 0.017
302.0 0.018
303.0 0.018
304.0 0.022
305.0 0.019
306.0 0.017
307.0 0.039
308.0 0.014
309.0 0.011
310.0 0.025
311.0 0.012
312.0 0.012
313.0 0.016
314.0 0.02
315.0 0.042
316.0 0.027
317.0 0.018
318.0 0.022
319.0 0.009
320.0 0.025
321.0 0.012
322.0 0.02
323.0 0.055999
324.0 0.027
325.0 0.026
326.0 0.017
327.0 0.052
328.0 0.052
329.0 0.061
330.0 0.055
331.0 0.068
332.0 0.045
333.0 0.059
334.0 0.045
335.0 0.043
336.0 0.052
337.0 0.042
338.0 0.049
339.0 0.054
340.0 0.037
341.0 0.042
342.0 0.04
343.0 0.04
344.0 0.033
345.0 0.037
346.0 0.028
347.0 0.044
348.0 0.029
349.0 0.027
350.0 0.032
351.0 0.034
352.0 0.036
353.0 0.035
354.0 0.04
355.0 0.049
356.0 0.045
357.0 0.061
358.0 0.080999
359.0 0.112
360.0 0.168
361.0 0.251
362.0 0.372
363.0 0.564999
364.0 0.817
365.0 1.18
366.0 1.671
367.0 2.336
368.0 3.167
369.0 4.192
370.0 5.425
371.0 6.871
372.0 8.530999
373.0 10.391
374.0 12.448
375.0 14.602
376.0 16.779
377.0 18.898
378.0 20.928
379.0 22.87
380.0 24.73
381.0 26.669
382.0 28.649
383.0 30.977
384.0 33.497
385.0 35.951
386.0 38.409
387.0 40.729
388.0 42.839
389.0 44.593
390.0 45.97
391.0 46.948
392.0 47.599
393.0 48.023
394.0 48.347
395.0 48.702
396.0 49.188
397.0 49.907
398.0 50.878
399.0 52.14
400.0 53.661
401.0 55.398
402.0 57.29
403.0 59.233
404.0 61.131
405.0 62.853
406.0 64.328
407.0 65.432999
408.0 66.154
409.0 66.462
410.0 66.423
411.0 66.105
412.0 65.569999
413.0 64.939
414.0 64.277
415.0 63.72
416.0 63.313
417.0 63.105999
418.0 63.119
419.0 63.391
420.0 63.909
421.0 64.667
422.0 65.649
423.0 66.815
424.0 68.126
425.0 69.506
426.0 70.884999
427.0 72.241999
428.0 73.459
429.0 74.526
430.0 75.361
431.0 75.929
432.0 76.231
433.0 76.218
434.0 75.956999
435.0 75.485
436.0 74.81
437.0 74.051999
438.0 73.17
439.0 72.301999
440.0 71.503
441.0 70.769
442.0 70.16
443.0 69.686
444.0 69.367
445.0 69.226
446.0 69.282
447.0 69.502
448.0 69.893
449.0 70.431999
450.0 71.13
451.0 71.941
452.0 72.851
453.0 73.855999
454.0 74.864
455.0 75.890999
456.0 76.869
457.0 77.773
458.0 78.586999
459.0 79.253
460.0 79.771
461.0 80.113999
462.0 80.267
463.0 80.233
464.0 80.024
465.0 79.649
466.0 79.161
467.0 78.505
468.0 77.771999
469.0 76.998
470.0 76.196
471.0 75.372
472.0 74.575
473.0 73.833
474.0 73.165
475.0 72.58
476.0 72.114999
477.0 71.762
478.0 71.514
479.0 71.383
480.0 71.384
481.0 71.486
482.0 71.739
483.0 72.078
484.0 72.529
485.0 73.086
486.0 73.726
487.0 74.461999
488.0 75.241
489.0 76.066
490.0 76.923
491.0 77.798999
492.0 78.656
493.0 79.479
494.0 80.269
495.0 80.966
496.0 81.616
497.0 82.143
498.0 82.589
499.0 82.911999
500.0 83.125
501.0 83.197
502.0 83.137
503.0 82.976
504.0 82.703
505.0 82.334
506.0 81.896999
507.0 81.366
508.0 80.786
509.0 80.185
510.0 79.55
511.0 78.887
512.0 78.264
513.0 77.64
514.0 77.06
515.0 76.529
516.0 76.036
517.0 75.617
518.0 75.255
519.0 74.951
520.0 74.733
521.0 74.592
522.0 74.544999
523.0 74.555
524.0 74.666
525.0 74.827999
526.0 75.07
527.0 75.39
528.0 75.77
529.0 76.196
530.0 76.700999
531.0 77.27
532.0 77.853
533.0 78.47
534.0 79.108999
535.0 79.762999
536.0 80.435
537.0 81.105
538.0 81.741
539.0 82.371
540.0 82.958
541.0 83.512
542.0 84.012
543.0 84.444
544.0 84.833
545.0 85.135
546.0 85.384
547.0 85.527
548.0 85.624
549.0 85.622
550.0 85.527
551.0 85.389
552.0 85.164
553.0 84.875999
554.0 84.526
555.0 84.136
556.0 83.72
557.0 83.235
558.0 82.708
559.0 82.194
560.0 81.691999
561.0 81.126
562.0 80.6
563.0 80.092
564.0 79.576
565.0 79.074
566.0 78.624
567.0 78.181
568.0 77.797
569.0 77.429
570.0 77.124
571.0 76.842999
572.0 76.634999
573.0 76.449999
574.0 76.325
575.0 76.242
576.0 76.212999
577.0 76.235
578.0 76.302
579.0 76.435
580.0 76.593
581.0 76.803
582.0 77.073
583.0 77.352
584.0 77.7
585.0 78.077
586.0 78.483
587.0 78.923
588.0 79.404
589.0 79.899
590.0 80.396999
591.0 80.923
592.0 81.438999
593.0 81.959
594.0 82.481
595.0 82.989
596.0 83.502
597.0 83.982
598.0 84.435
599.0 84.855999
600.0 85.263
601.0 85.614999
602.0 85.934999
603.0 86.212999
604.0 86.464
605.0 86.661999
606.0 86.791
607.0 86.895
608.0 86.929999
609.0 86.933
610.0 86.87
611.0 86.766
612.0 86.631
613.0 86.437
614.0 86.206
615.0 85.941
616.0 85.634999
617.0 85.311
618.0 84.944
619.0 84.563
620.0 84.165
621.0 83.746
622.0 83.313
623.0 82.884
624.0 82.45
625.0 81.986
626.0 81.555
627.0 81.134
628.0 80.722
629.0 80.316
630.0 79.922
631.0 79.554999
632.0 79.207
633.0 78.855
634.0 78.541
635.0 78.247
636.0 77.989
637.0 77.756
638.0 77.551999
639.0 77.377
640.0 77.23
641.0 77.127
642.0 77.013
643.0 76.966
644.0 76.929999
645.0 76.939
646.0 76.976999
647.0 77.044
648.0 77.13
649.0 77.242
650.0 77.385
651.0 77.551
652.0 77.761
653.0 77.979
654.0 78.219
655.0 78.489
656.0 78.762
657.0 79.071
658.0 79.376
659.0 79.711
660.0 80.053
661.0 80.416
662.0 80.758
663.0 81.128999
664.0 81.528
665.0 81.892
666.0 82.277
667.0 82.657
668.0 83.014
669.0 83.387
670.0 83.742999
671.0 84.11
672.0 84.443
673.0 84.776
674.0 85.068
675.0 85.340999
676.0 85.599999
677.0 85.855
678.0 86.062
679.0 86.253999
680.0 86.404
681.0 86.558
682.0 86.681
683.0 86.764
684.0 86.802
685.0 86.834999
686.0 86.828
687.0 86.798
688.0 86.744
689.0 86.672
690.0 86.553
691.0 86.419
692.0 86.24
693.0 86.075999
694.0 85.849
695.0 85.631
696.0 85.402
697.0 85.139
698.0 84.839
699.0 84.555
700.0 84.249
701.0 83.942
702.0 83.614
703.0 83.275
704.0 82.946
705.0 82.608999
706.0 82.261
707.0 81.903
708.0 81.566
709.0 81.225
710.0 80.884999
711.0 80.562
712.0 80.218
713.0 79.925
714.0 79.596999
715.0 79.322
716.0 79.021
717.0 78.761
718.0 78.499
719.0 78.254
720.0 78.012
721.0 77.777
722.0 77.574
723.0 77.398
724.0 77.223
725.0 77.059
726.0 76.916
727.0 76.794
728.0 76.691
729.0 76.598
730.0 76.512999
731.0 76.453
732.0 76.423
733.0 76.396
734.0 76.396
735.0 76.386
736.0 76.425
737.0 76.471999
738.0 76.532
739.0 76.592
740.0 76.69
741.0 76.805
742.0 76.909
743.0 77.038
744.0 77.185999
745.0 77.334999
746.0 77.511
747.0 77.675
748.0 77.874
749.0 78.072
750.0 78.288
751.0 78.502
752.0 78.732
753.0 78.955
754.0 79.203999
755.0 79.453
756.0 79.705
757.0 79.97
758.0 80.229
759.0 80.496
760.0 80.764
761.0 81.018999
762.0 81.288
763.0 81.554
764.0 81.808
765.0 82.069999
766.0 82.318
767.0 82.586
768.0 82.818
769.0 83.077
770.0 83.289999
771.0 83.516
772.0 83.712
773.0 83.943
774.0 84.129
775.0 84.315
776.0 84.5
777.0 84.66
778.0 84.814
779.0 84.958
780.0 85.08
781.0 85.152
782.0 85.264
783.0 85.314
784.0 85.372
785.0 85.417
786.0 85.452
787.0 85.464
788.0 85.474999
789.0 85.465999
790.0 85.453999
791.0 85.435
792.0 85.389
793.0 85.319999
794.0 85.244
795.0 85.161
796.0 85.044
797.0 84.93
798.0 84.788
799.0 84.662
800.0 84.503
801.0 84.35
802.0 84.178
803.0 83.986
804.0 83.798
805.0 83.613
806.0 83.395
807.0 83.201
808.0 82.974999
809.0 82.753
810.0 82.518
811.0 82.315
812.0 82.065999
813.0 81.836
814.0 81.592
815.0 81.343
816.0 81.098
817.0 80.884999
818.0 80.619
819.0 80.404
820.0 80.157
821.0 79.93
822.0 79.695
823.0 79.467
824.0 79.229
825.0 79.018
826.0 78.795999
827.0 78.592
828.0 78.364
829.0 78.187
830.0 77.98
831.0 77.795
832.0 77.622
833.0 77.441
834.0 77.28
835.0 77.114999
836.0 76.953999
837.0 76.817
838.0 76.687
839.0 76.563999
840.0 76.436
841.0 76.305
842.0 76.2
843.0 76.107
844.0 76.023
845.0 75.936
846.0 75.885
847.0 75.810999
848.0 75.759
849.0 75.72
850.0 75.676
851.0 75.661
852.0 75.646
853.0 75.619
854.0 75.622
855.0 75.621
856.0 75.645
857.0 75.673
858.0 75.700999
859.0 75.738
860.0 75.780999
861.0 75.843999
862.0 75.904
863.0 75.971999
864.0 76.063999
865.0 76.137
866.0 76.224999
867.0 76.301
868.0 76.423
869.0 76.535
870.0 76.64
871.0 76.765
872.0 76.904
873.0 77.015999
874.0 77.179
875.0 77.28
876.0 77.427
877.0 77.581999
878.0 77.734
879.0 77.893999
880.0 78.051999
881.0 78.215
882.0 78.392
883.0 78.562
884.0 78.739999
885.0 78.92
886.0 79.108999
887.0 79.281
888.0 79.452
889.0 79.664
890.0 79.847
891.0 80.039
892.0 80.197
893.0 80.41
894.0 80.566999
895.0 80.746
896.0 80.911
897.0 81.096
898.0 81.255
899.0 81.432
900.0 81.586
901.0 81.761
902.0 81.908
903.0 82.056
904.0 82.202
905.0 82.355
906.0 82.476
907.0 82.621
908.0 82.758
909.0 82.864999
910.0 82.996
911.0 83.102
912.0 83.226
913.0 83.331999
914.0 83.417
915.0 83.521
916.0 83.608
917.0 83.694999
918.0 83.775
919.0 83.839
920.0 83.899
921.0 83.958
922.0 84.003
923.0 84.043
924.0 84.054
925.0 84.121
926.0 84.124
927.0 84.142
928.0 84.143999
929.0 84.147
930.0 84.126
931.0 84.128
932.0 84.08
933.0 84.068
934.0 84.011
935.0 83.977
936.0 83.93
937.0 83.866
938.0 83.801999
939.0 83.736999
940.0 83.669
941.0 83.571
942.0 83.48
943.0 83.382
944.0 83.272
945.0 83.161
946.0 83.053
947.0 82.959999
948.0 82.825
949.0 82.732
950.0 82.571
951.0 82.473
952.0 82.349999
953.0 82.217
954.0 82.101
955.0 81.954
956.0 81.808
957.0 81.664999
958.0 81.518
959.0 81.371
960.0 81.22
961.0 81.084999
962.0 80.911999
963.0 80.76
964.0 80.605999
965.0 80.447
966.0 80.295
967.0 80.149
968.0 79.998
969.0 79.834
970.0 79.672
971.0 79.514
972.0 79.381999
973.0 79.217
974.0 79.078
975.0 78.91
976.0 78.766
977.0 78.602
978.0 78.468999
979.0 78.322
980.0 78.188999
981.0 78.047
982.0 77.925
983.0 77.833
984.0 77.696
985.0 77.569999
986.0 77.434
987.0 77.298999
988.0 77.192
989.0 77.073
990.0 76.961
991.0 76.831
992.0 76.736
993.0 76.622999
994.0 76.531
995.0 76.446
996.0 76.354999
997.0 76.259999
998.0 76.173999
999.0 76.090999
1000.0 76.002
1001.0 75.932999
1002.0 75.861
1003.0 75.776
1004.0 75.73
1005.0 75.670999
1006.0 75.611999
1007.0 75.551999
1008.0 75.495
1009.0 75.444
1010.0 75.414999
1011.0 75.378
1012.0 75.327999
1013.0 75.276
1014.0 75.244
1015.0 75.227999
1016.0 75.209
1017.0 75.188
1018.0 75.163
1019.0 75.158999
1020.0 75.167
1021.0 75.148
1022.0 75.142
1023.0 75.177
1024.0 75.188
1025.0 75.202
1026.0 75.197999
1027.0 75.22
1028.0 75.242
1029.0 75.251
1030.0 75.295999
1031.0 75.321
1032.0 75.342
1033.0 75.408
1034.0 75.431
1035.0 75.485
1036.0 75.512
1037.0 75.566
1038.0 75.626
1039.0 75.649
1040.0 75.704
1041.0 75.758
1042.0 75.817
1043.0 75.876
1044.0 75.948
1045.0 76.008
1046.0 76.071999
1047.0 76.169
1048.0 76.227
1049.0 76.327
1050.0 76.378
1051.0 76.465
1052.0 76.531
1053.0 76.625
1054.0 76.712999
1055.0 76.802
1056.0 76.88
1057.0 76.964
1058.0 77.056
1059.0 77.136
1060.0 77.21
1061.0 77.315
1062.0 77.364
1063.0 77.471
1064.0 77.535
1065.0 77.634
1066.0 77.734
1067.0 77.839
1068.0 77.928
1069.0 78.009
1070.0 78.102999
1071.0 78.21
1072.0 78.294
1073.0 78.386
1074.0 78.488
1075.0 78.576
1076.0 78.67
1077.0 78.730999
1078.0 78.846999
1079.0 78.927
1080.0 79.015
1081.0 79.086
1082.0 79.175
1083.0 79.232
1084.0 79.327
1085.0 79.395
1086.0 79.503
1087.0 79.559
1088.0 79.640999
1089.0 79.715
1090.0 79.771999
1091.0 79.889
1092.0 79.943
1093.0 79.997
1094.0 80.096
1095.0 80.167
1096.0 80.215999
1097.0 80.253
1098.0 80.325
1099.0 80.415
1100.0 80.474999
