190.0 0.026
191.0 0.019
192.0 0.016
193.0 0.014
194.0 0.012
195.0 0.032
196.0 0.004
197.0 0.02
198.0 0.006999
199.0 0.005
200.0 0.001
201.0 0.011
202.0 0.01
203.0 0.017
204.0 -0.002
205.0 0.008
206.0 0.006
207.0 0.006
208.0 0.006
209.0 0.011
210.0 0.012
211.0 0.011
212.0 0.002
213.0 0.003
214.0 0.006
215.0 0.004
216.0 0.014
217.0 0.003
218.0 0.001
219.0 0.017
220.0 0.012
221.0 0.006999
222.0 0.002
223.0 0.006
224.0 0.004
225.0 0.006999
226.0 0.0
227.0 0.015
228.0 0.006
229.0 0.0
230.0 0.0
231.0 0.003
232.0 0.002
233.0 0.002
234.0 0.004
235.0 0.012
236.0 0.004
237.0 0.006999
238.0 0.001
239.0 -0.003
240.0 0.008
241.0 0.006999
242.0 0.006
243.0 0.008
244.0 0.004
245.0 0.003
246.0 0.001
247.0 0.01
248.0 0.004
249.0 0.001
250.0 0.015
251.0 0.015
252.0 -0.002
253.0 0.01
254.0 0.006999
255.0 -0.001
256.0 0.004
257.0 0.005
258.0 0.009
259.0 0.022
260.0 0.004
261.0 0.011
262.0 0.003
263.0 0.01
264.0 0.012
265.0 0.001
266.0 0.009
267.0 0.025
268.0 0.008
269.0 0.003
270.0 0.015
271.0 -0.003
272.0 0.008
273.0 0.009
274.0 0.008
275.0 0.021
276.0 0.017
277.0 0.01
278.0 0.016
279.0 0.015
280.0 0.009
281.0 -0.001
282.0 0.018
283.0 0.023
284.0 0.014
285.0 0.004
286.0 0.009
287.0 -0.001
288.0 0.011
289.0 0.015
290.0 0.013
291.0 0.028
292.0 0.011
293.0 0.011
294.0 0.009
295.0 0.018
296.0 0.018
297.0 0.009
298.0 0.012
299.0 0.021
300.0 0.006999
301.0 0.002
302.0 0.01
303.0 0.01
304.0 0.018
305.0 0.012
306.0 0.011
307.0 0.038
308.0 0.016
309.0 0.009
310.0 0.015
311.0 0.024
312.0 0.016
313.0 0.006
314.0 0.018
315.0 0.031
316.0 0.014
317.0 0.006
318.0 0.001
319.0 0.015
320.0 0.008
321.0 0.015
322.0 0.005
323.0 0.042
324.0 0.01
325.0 0.011
326.0 0.009
327.0 0.058
328.0 0.057
329.0 0.054
330.0 0.055999
331.0 0.064
332.0 0.054
333.0 0.047
334.0 0.047
335.0 0.044
336.0 0.039
337.0 0.038
338.0 0.037
339.0 0.049
340.0 0.041
341.0 0.029
342.0 0.031
343.0 0.026
344.0 0.032
345.0 0.028
346.0 0.031
347.0 0.039
348.0 0.03
349.0 0.023
350.0 0.028
351.0 0.029
352.0 0.035
353.0 0.029
354.0 0.04
355.0 0.059
356.0 0.068999
357.0 0.096
358.0 0.141
359.0 0.209
360.0 0.315
361.0 0.47
362.0 0.699
363.0 1.018
364.0 1.438
365.0 2.016
366.0 2.768
367.0 3.708
368.0 4.857
369.0 6.196
370.0 7.707999
371.0 9.401
372.0 11.223
373.0 13.167
374.0 15.205
375.0 17.263
376.0 19.368
377.0 21.469
378.0 23.572
379.0 25.636
380.0 27.644
381.0 29.601
382.0 31.528
383.0 33.572
384.0 35.62
385.0 37.422
386.0 39.169
387.0 40.867
388.0 42.491
389.0 44.088
390.0 45.605
391.0 47.052
392.0 48.441
393.0 49.76
394.0 50.999
395.0 52.182
396.0 53.28
397.0 54.296
398.0 55.264
399.0 56.169999
400.0 57.019
401.0 57.807
402.0 58.562
403.0 59.282999
404.0 59.965999
405.0 60.608
406.0 61.197999
407.0 61.795
408.0 62.326
409.0 62.829
410.0 63.334999
411.0 63.794
412.0 64.229
413.0 64.646
414.0 65.046
415.0 65.434
416.0 65.812
417.0 66.16
418.0 66.523
419.0 66.863
420.0 67.19
421.0 67.506999
422.0 67.809
423.0 68.093
424.0 68.374
425.0 68.616999
426.0 68.843
427.0 69.071
428.0 69.255
429.0 69.443
430.0 69.596999
431.0 69.742
432.0 69.886
433.0 70.012
434.0 70.164
435.0 70.289
436.0 70.414
437.0 70.547
438.0 70.713
439.0 70.877
440.0 71.035
441.0 71.233
442.0 71.431
443.0 71.633
444.0 71.843
445.0 72.043
446.0 72.249
447.0 72.446999
448.0 72.614
449.0 72.8
450.0 72.965999
451.0 73.113
452.0 73.229
453.0 73.343
454.0 73.429
455.0 73.482
456.0 73.556
457.0 73.581
458.0 73.605
459.0 73.614999
460.0 73.604
461.0 73.616
462.0 73.616
463.0 73.611
464.0 73.633
465.0 73.653
466.0 73.706
467.0 73.761
468.0 73.843999
469.0 73.934
470.0 74.07
471.0 74.203
472.0 74.336
473.0 74.512999
474.0 74.700999
475.0 74.905
476.0 75.125
477.0 75.318
478.0 75.503
479.0 75.691
480.0 75.87
481.0 76.05
482.0 76.193
483.0 76.312
484.0 76.446
485.0 76.527999
486.0 76.581999
487.0 76.634
488.0 76.649
489.0 76.664
490.0 76.648
491.0 76.598999
492.0 76.545
493.0 76.476
494.0 76.397
495.0 76.307
496.0 76.221999
497.0 76.149999
498.0 76.05
499.0 75.983999
500.0 75.927
501.0 75.883
502.0 75.837
503.0 75.846999
504.0 75.854999
505.0 75.902
506.0 75.953999
507.0 76.036
508.0 76.153
509.0 76.301
510.0 76.451
511.0 76.604
512.0 76.78
513.0 76.959
514.0 77.157
515.0 77.37
516.0 77.581999
517.0 77.774
518.0 77.97
519.0 78.166
520.0 78.352999
521.0 78.513
522.0 78.652
523.0 78.818999
524.0 78.911
525.0 79.006
526.0 79.076
527.0 79.117999
528.0 79.151
529.0 79.136
530.0 79.143
531.0 79.092
532.0 79.027
533.0 78.954
534.0 78.867
535.0 78.758
536.0 78.647
537.0 78.527
538.0 78.399
539.0 78.286999
540.0 78.149999
541.0 78.019
542.0 77.92
543.0 77.8
544.0 77.697
545.0 77.601
546.0 77.556
547.0 77.498
548.0 77.456999
549.0 77.452
550.0 77.471
551.0 77.467
552.0 77.539
553.0 77.598999
554.0 77.708
555.0 77.832
556.0 77.946
557.0 78.098999
558.0 78.265
559.0 78.449
560.0 78.652
561.0 78.869999
562.0 79.054999
563.0 79.276
564.0 79.456
565.0 79.687
566.0 79.864999
567.0 80.064
568.0 80.235999
569.0 80.42
570.0 80.569999
571.0 80.711
572.0 80.854
573.0 80.947
574.0 81.045
575.0 81.107
576.0 81.174
577.0 81.206
578.0 81.211
579.0 81.225
580.0 81.187
581.0 81.142
582.0 81.072999
583.0 80.988
584.0 80.907
585.0 80.796
586.0 80.658
587.0 80.521
588.0 80.364999
589.0 80.212999
590.0 80.044
591.0 79.867
592.0 79.684999
593.0 79.518
594.0 79.337
595.0 79.171
596.0 79.001
597.0 78.834999
598.0 78.684
599.0 78.549
600.0 78.427
601.0 78.310999
602.0 78.215
603.0 78.133
604.0 78.063999
605.0 78.019
606.0 78.001
607.0 77.99
608.0 78.001
609.0 78.029
610.0 78.069999
611.0 78.137999
612.0 78.218
613.0 78.32
614.0 78.429
615.0 78.572
616.0 78.702
617.0 78.86
618.0 79.018999
619.0 79.188
620.0 79.376
621.0 79.556
622.0 79.730999
623.0 79.926
624.0 80.115
625.0 80.305
626.0 80.494
627.0 80.659
628.0 80.859
629.0 80.999
630.0 81.172
631.0 81.303
632.0 81.453
633.0 81.577
634.0 81.686
635.0 81.793
636.0 81.87
637.0 81.947
638.0 81.989
639.0 82.041
640.0 82.043
641.0 82.059
642.0 82.051
643.0 82.012
644.0 81.967999
645.0 81.92
646.0 81.827
647.0 81.741
648.0 81.649
649.0 81.537
650.0 81.401
651.0 81.26
652.0 81.11
653.0 80.955999
654.0 80.776
655.0 80.589
656.0 80.419
657.0 80.227999
658.0 80.052
659.0 79.867999
660.0 79.674
661.0 79.488
662.0 79.293
663.0 79.105
664.0 78.912
665.0 78.754
666.0 78.581
667.0 78.435999
668.0 78.277
669.0 78.132
670.0 77.998
671.0 77.885
672.0 77.778
673.0 77.695
674.0 77.577
675.0 77.527999
676.0 77.476999
677.0 77.431
678.0 77.402
679.0 77.393999
680.0 77.387
681.0 77.413
682.0 77.461
683.0 77.515
684.0 77.545
685.0 77.617999
686.0 77.696
687.0 77.789
688.0 77.889
689.0 78.018
690.0 78.134
691.0 78.271
692.0 78.414
693.0 78.553
694.0 78.727
695.0 78.863
696.0 79.05
697.0 79.193
698.0 79.372
699.0 79.533
700.0 79.703
701.0 79.876
702.0 80.039
703.0 80.21
704.0 80.364
705.0 80.526
706.0 80.679
707.0 80.823
708.0 80.967999
709.0 81.101999
710.0 81.22
711.0 81.348
712.0 81.455999
713.0 81.545999
714.0 81.63
715.0 81.703999
716.0 81.761
717.0 81.831
718.0 81.855999
719.0 81.899999
720.0 81.915
721.0 81.922
722.0 81.914
723.0 81.888
724.0 81.877
725.0 81.818
726.0 81.784
727.0 81.702
728.0 81.628
729.0 81.537
730.0 81.442
731.0 81.345
732.0 81.215999
733.0 81.101
734.0 80.958
735.0 80.831
736.0 80.691999
737.0 80.53
738.0 80.363
739.0 80.202
740.0 80.030999
741.0 79.849999
742.0 79.679999
743.0 79.5
744.0 79.336
745.0 79.147
746.0 78.973
747.0 78.786999
748.0 78.602
749.0 78.439
750.0 78.264
751.0 78.092
752.0 77.92
753.0 77.761
754.0 77.6
755.0 77.44
756.0 77.298999
757.0 77.152
758.0 77.013
759.0 76.886
760.0 76.78
761.0 76.643
762.0 76.549
763.0 76.453999
764.0 76.365
765.0 76.295
766.0 76.221999
767.0 76.158999
768.0 76.111999
769.0 76.061
770.0 76.039
771.0 76.02
772.0 75.999
773.0 75.992
774.0 76.012
775.0 76.024
776.0 76.054
777.0 76.085
778.0 76.141
779.0 76.183
780.0 76.232
781.0 76.288
782.0 76.345
783.0 76.427
784.0 76.498
785.0 76.593999
786.0 76.676999
787.0 76.789
788.0 76.885
789.0 77.002
790.0 77.132
791.0 77.259999
792.0 77.375
793.0 77.499
794.0 77.648
795.0 77.785
796.0 77.907
797.0 78.054
798.0 78.173
799.0 78.321
800.0 78.459
801.0 78.581
802.0 78.724
803.0 78.849999
804.0 78.961
805.0 79.096999
806.0 79.22
807.0 79.34
808.0 79.452
809.0 79.565
810.0 79.679999
811.0 79.779
812.0 79.86
813.0 79.956999
814.0 80.047
815.0 80.125999
816.0 80.222
817.0 80.252
818.0 80.325999
819.0 80.388
820.0 80.429
821.0 80.467
822.0 80.509
823.0 80.535
824.0 80.550999
825.0 80.552
826.0 80.561
827.0 80.564
828.0 80.537
829.0 80.525
830.0 80.486999
831.0 80.462999
832.0 80.418
833.0 80.373
834.0 80.322999
835.0 80.25
836.0 80.176999
837.0 80.089999
838.0 80.042999
839.0 79.938
840.0 79.849
841.0 79.746
842.0 79.655
843.0 79.536
844.0 79.434
845.0 79.298
846.0 79.184
847.0 79.06
848.0 78.932
849.0 78.791
850.0 78.663
851.0 78.512
852.0 78.369999
853.0 78.241
854.0 78.108
855.0 77.955
856.0 77.797
857.0 77.649999
858.0 77.5
859.0 77.368
860.0 77.217
861.0 77.068
862.0 76.929
863.0 76.783
864.0 76.643
865.0 76.512
866.0 76.369
867.0 76.253
868.0 76.102999
869.0 75.975
870.0 75.839
871.0 75.716
872.0 75.605
873.0 75.479
874.0 75.371
875.0 75.274
876.0 75.157
877.0 75.073
878.0 74.971
879.0 74.867999
880.0 74.780999
881.0 74.69
882.0 74.622
883.0 74.558
884.0 74.485
885.0 74.433
886.0 74.376
887.0 74.334999
888.0 74.285
889.0 74.25
890.0 74.217999
891.0 74.197
892.0 74.161
893.0 74.158999
894.0 74.14
895.0 74.14
896.0 74.145
897.0 74.134999
898.0 74.15
899.0 74.149
900.0 74.188
901.0 74.199
902.0 74.208
903.0 74.244
904.0 74.292999
905.0 74.307
906.0 74.361
907.0 74.421
908.0 74.488
909.0 74.528
910.0 74.611
911.0 74.68
912.0 74.731
913.0 74.812
914.0 74.890999
915.0 74.961
916.0 75.036999
917.0 75.131
918.0 75.216
919.0 75.305
920.0 75.38
921.0 75.477
922.0 75.558
923.0 75.646
924.0 75.744999
925.0 75.857
926.0 75.953
927.0 76.033
928.0 76.137
929.0 76.239
930.0 76.357
931.0 76.449999
932.0 76.548
933.0 76.642
934.0 76.732999
935.0 76.825
936.0 76.935
937.0 77.02
938.0 77.117
939.0 77.188999
940.0 77.3
941.0 77.384
942.0 77.462
943.0 77.538
944.0 77.617999
945.0 77.667
946.0 77.763
947.0 77.844
948.0 77.908
949.0 77.952999
950.0 78.034
951.0 78.074
952.0 78.113999
953.0 78.167
954.0 78.220999
955.0 78.29
956.0 78.33
957.0 78.368
958.0 78.412
959.0 78.432
960.0 78.463
961.0 78.486999
962.0 78.489
963.0 78.507
964.0 78.545
965.0 78.524
966.0 78.538
967.0 78.527999
968.0 78.512
969.0 78.508
970.0 78.505
971.0 78.474
972.0 78.45
973.0 78.427
974.0 78.374
975.0 78.352999
976.0 78.328
977.0 78.266
978.0 78.226
979.0 78.178
980.0 78.105
981.0 78.053
982.0 78.021
983.0 77.983999
984.0 77.892
985.0 77.833
986.0 77.771999
987.0 77.694
988.0 77.6
989.0 77.519
990.0 77.443
991.0 77.346
992.0 77.254
993.0 77.181999
994.0 77.086
995.0 77.006
996.0 76.919
997.0 76.829
998.0 76.708
999.0 76.62
1000.0 76.517
1001.0 76.432999
1002.0 76.319999
1003.0 76.211
1004.0 76.117
1005.0 76.014
1006.0 75.905999
1007.0 75.794
1008.0 75.685999
1009.0 75.585
1010.0 75.473999
1011.0 75.389
1012.0 75.271
1013.0 75.161
1014.0 75.068
1015.0 74.96
1016.0 74.843999
1017.0 74.743
1018.0 74.629
1019.0 74.542
1020.0 74.425
1021.0 74.33
1022.0 74.253999
1023.0 74.146999
1024.0 74.043
1025.0 73.95
1026.0 73.843999
1027.0 73.772
1028.0 73.682999
1029.0 73.599999
1030.0 73.516
1031.0 73.425
1032.0 73.367
1033.0 73.274
1034.0 73.197999
1035.0 73.105
1036.0 73.039
1037.0 72.973
1038.0 72.911
1039.0 72.833
1040.0 72.767
1041.0 72.669
1042.0 72.616
1043.0 72.562
1044.0 72.511
1045.0 72.435
1046.0 72.398
1047.0 72.324999
1048.0 72.304999
1049.0 72.257
1050.0 72.233
1051.0 72.211
1052.0 72.172
1053.0 72.138
1054.0 72.107
1055.0 72.068
1056.0 72.044
1057.0 72.026
1058.0 71.994
1059.0 71.970999
1060.0 71.968
1061.0 71.955
1062.0 71.950999
1063.0 71.934
1064.0 71.936
1065.0 71.926999
1066.0 71.917
1067.0 71.914
1068.0 71.898
1069.0 71.941
1070.0 71.923
1071.0 71.921
1072.0 71.941
1073.0 71.958
1074.0 71.961
1075.0 71.988
1076.0 72.024
1077.0 72.009
1078.0 72.05
1079.0 72.091
1080.0 72.084
1081.0 72.135
1082.0 72.143
1083.0 72.165
1084.0 72.164
1085.0 72.233999
1086.0 72.253
1087.0 72.299
1088.0 72.334
1089.0 72.363
1090.0 72.385
1091.0 72.438
1092.0 72.456
1093.0 72.539
1094.0 72.587
1095.0 72.64
1096.0 72.685
1097.0 72.682
1098.0 72.7
1099.0 72.768999
1100.0 72.816
