190.0 0.06
191.0 0.149
192.0 0.071
193.0 0.088
194.0 0.049
195.0 0.065
196.0 0.053
197.0 0.062
198.0 0.063
199.0 0.042
200.0 0.033
201.0 0.039
202.0 0.049
203.0 0.047
204.0 0.033
205.0 0.027
206.0 0.035
207.0 0.036
208.0 0.029
209.0 0.027
210.0 0.032
211.0 0.043
212.0 0.022
213.0 0.026
214.0 0.02
215.0 0.037
216.0 0.033
217.0 0.036
218.0 0.025
219.0 0.034
220.0 0.033
221.0 0.028
222.0 0.031
223.0 0.034
224.0 0.025
225.0 0.02
226.0 0.026
227.0 0.046
228.0 0.029
229.0 0.025
230.0 0.019
231.0 0.02
232.0 0.017
233.0 0.022
234.0 0.016
235.0 0.04
236.0 0.017
237.0 0.018
238.0 0.024
239.0 0.018
240.0 0.03
241.0 0.012
242.0 0.018
243.0 0.033
244.0 0.022
245.0 0.025
246.0 0.019
247.0 0.012
248.0 0.025
249.0 0.027
250.0 0.041
251.0 0.034
252.0 0.017
253.0 0.027
254.0 0.029
255.0 0.009
256.0 0.025
257.0 0.022
258.0 0.037
259.0 0.047
260.0 0.029
261.0 0.028
262.0 0.04
263.0 0.041
264.0 0.049
265.0 0.045
266.0 0.029
267.0 0.047
268.0 0.022
269.0 0.053
270.0 0.044
271.0 0.026
272.0 0.082
273.0 0.053
274.0 0.052
275.0 0.097
276.0 0.057
277.0 0.016
278.0 0.02
279.0 0.055999
280.0 0.037
281.0 0.077
282.0 0.034
283.0 0.072
284.0 0.069999
285.0 0.047
286.0 0.062
287.0 0.039
288.0 0.052
289.0 0.045
290.0 0.036
291.0 0.080999
292.0 0.053
293.0 0.021
294.0 0.061
295.0 0.051
296.0 0.043
297.0 0.066
298.0 0.051
299.0 0.057
300.0 0.074
301.0 0.015
302.0 0.066
303.0 0.025
304.0 0.041
305.0 0.058
306.0 0.061
307.0 0.073
308.0 0.084999
309.0 0.055
310.0 0.036
311.0 0.063
312.0 0.023
313.0 0.063
314.0 0.052
315.0 0.103
316.0 0.06
317.0 0.066
318.0 0.077
319.0 0.079
320.0 0.053
321.0 0.057
322.0 0.084
323.0 0.083
324.0 0.042
325.0 0.042
326.0 0.045
327.0 0.432999
328.0 0.424
329.0 0.417
330.0 0.4
331.0 0.413
332.0 0.383
333.0 0.384
334.0 0.356
335.0 0.326
336.0 0.334
337.0 0.315
338.0 0.307
339.0 0.323
340.0 0.292
341.0 0.28
342.0 0.28
343.0 0.287
344.0 0.254
345.0 0.249
346.0 0.248
347.0 0.249
348.0 0.234
349.0 0.236
350.0 0.227
351.0 0.214
352.0 0.201
353.0 0.206
354.0 0.21
355.0 0.223
356.0 0.214
357.0 0.231
358.0 0.238
359.0 0.264
360.0 0.302
361.0 0.375
362.0 0.481
363.0 0.662
364.0 0.909
365.0 1.243
366.0 1.73
367.0 2.365
368.0 3.207
369.0 4.239
370.0 5.512
371.0 7.020999
372.0 8.744999
373.0 10.646
374.0 12.678
375.0 14.755
376.0 16.831
377.0 18.911
378.0 21.022
379.0 23.188
380.0 25.397
381.0 27.732
382.0 30.145
383.0 32.609
384.0 34.994
385.0 37.34
386.0 39.503
387.0 41.46
388.0 43.157
389.0 44.604
390.0 45.852
391.0 46.969
392.0 48.042
393.0 49.113
394.0 50.249
395.0 51.534
396.0 52.944
397.0 54.48
398.0 56.128
399.0 57.864
400.0 59.565
401.0 61.162
402.0 62.607
403.0 63.807
404.0 64.746
405.0 65.408
406.0 65.813999
407.0 65.982
408.0 65.97
409.0 65.841
410.0 65.659
411.0 65.476999
412.0 65.386
413.0 65.38
414.0 65.530999
415.0 65.84
416.0 66.344
417.0 67.0
418.0 67.822
419.0 68.739999
420.0 69.772
421.0 70.82
422.0 71.852999
423.0 72.875999
424.0 73.749
425.0 74.507
426.0 75.114999
427.0 75.527
428.0 75.716
429.0 75.761
430.0 75.593
431.0 75.283
432.0 74.866
433.0 74.328
434.0 73.768999
435.0 73.224999
436.0 72.689
437.0 72.233
438.0 71.831
439.0 71.594
440.0 71.46
441.0 71.453999
442.0 71.595
443.0 71.85
444.0 72.257
445.0 72.784
446.0 73.413
447.0 74.114
448.0 74.878999
449.0 75.649
450.0 76.456
451.0 77.21
452.0 77.929
453.0 78.581
454.0 79.129
455.0 79.593999
456.0 79.883
457.0 80.107
458.0 80.17
459.0 80.075
460.0 79.904
461.0 79.592
462.0 79.196
463.0 78.72
464.0 78.187
465.0 77.646
466.0 77.054999
467.0 76.492999
468.0 75.952
469.0 75.449
470.0 75.042
471.0 74.68
472.0 74.414
473.0 74.214
474.0 74.129
475.0 74.137
476.0 74.241999
477.0 74.433
478.0 74.729
479.0 75.083999
480.0 75.522
481.0 76.027
482.0 76.57
483.0 77.179
484.0 77.798999
485.0 78.473
486.0 79.108
487.0 79.732
488.0 80.340999
489.0 80.896
490.0 81.363
491.0 81.784
492.0 82.151
493.0 82.405
494.0 82.554
495.0 82.642
496.0 82.636
497.0 82.523
498.0 82.349999
499.0 82.093999
500.0 81.768
501.0 81.386
502.0 80.949
503.0 80.479
504.0 79.974
505.0 79.486
506.0 78.963
507.0 78.468
508.0 77.989
509.0 77.554999
510.0 77.136
511.0 76.777
512.0 76.495
513.0 76.223
514.0 76.035
515.0 75.885
516.0 75.810999
517.0 75.815
518.0 75.881
519.0 76.006
520.0 76.178
521.0 76.426
522.0 76.717
523.0 77.068
524.0 77.444
525.0 77.891
526.0 78.361999
527.0 78.852999
528.0 79.373
529.0 79.872
530.0 80.402
531.0 80.935
532.0 81.459999
533.0 81.952
534.0 82.426
535.0 82.855
536.0 83.241
537.0 83.577
538.0 83.869
539.0 84.124
540.0 84.289999
541.0 84.397
542.0 84.486
543.0 84.441999
544.0 84.392
545.0 84.269
546.0 84.095
547.0 83.871
548.0 83.560999
549.0 83.242999
550.0 82.907
551.0 82.533999
552.0 82.108
553.0 81.691
554.0 81.242
555.0 80.812
556.0 80.366
557.0 79.939
558.0 79.530999
559.0 79.124
560.0 78.764
561.0 78.392
562.0 78.056
563.0 77.777
564.0 77.519
565.0 77.305
566.0 77.096
567.0 76.995
568.0 76.876
569.0 76.843999
570.0 76.819999
571.0 76.834
572.0 76.909
573.0 77.042
574.0 77.185999
575.0 77.366999
576.0 77.602999
577.0 77.854999
578.0 78.144
579.0 78.461
580.0 78.802
581.0 79.171
582.0 79.554
583.0 79.962
584.0 80.357
585.0 80.793
586.0 81.205
587.0 81.635
588.0 82.033999
589.0 82.477
590.0 82.86
591.0 83.26
592.0 83.623
593.0 83.967
594.0 84.258
595.0 84.56
596.0 84.804
597.0 85.003
598.0 85.179
599.0 85.313
600.0 85.414
601.0 85.474
602.0 85.484
603.0 85.465
604.0 85.402
605.0 85.302
606.0 85.162
607.0 84.980999
608.0 84.777
609.0 84.544
610.0 84.283
611.0 83.974999
612.0 83.691
613.0 83.333
614.0 82.992
615.0 82.658
616.0 82.288
617.0 81.922
618.0 81.548
619.0 81.176999
620.0 80.805
621.0 80.432
622.0 80.056
623.0 79.715
624.0 79.395
625.0 79.08
626.0 78.781
627.0 78.521
628.0 78.254
629.0 78.015
630.0 77.804
631.0 77.605
632.0 77.439
633.0 77.304
634.0 77.185
635.0 77.090999
636.0 77.037
637.0 76.996
638.0 76.980999
639.0 77.003999
640.0 77.05
641.0 77.128
642.0 77.218
643.0 77.348
644.0 77.473
645.0 77.647
646.0 77.804
647.0 78.015
648.0 78.245
649.0 78.478
650.0 78.733
651.0 79.0
652.0 79.306
653.0 79.596
654.0 79.889
655.0 80.203999
656.0 80.523
657.0 80.859
658.0 81.188
659.0 81.489
660.0 81.828999
661.0 82.14
662.0 82.464
663.0 82.76
664.0 83.066
665.0 83.340999
666.0 83.642
667.0 83.896
668.0 84.14
669.0 84.364999
670.0 84.57
671.0 84.78
672.0 84.96
673.0 85.089
674.0 85.217
675.0 85.328999
676.0 85.398
677.0 85.446
678.0 85.504
679.0 85.492
680.0 85.482
681.0 85.424
682.0 85.365
683.0 85.264
684.0 85.175
685.0 85.05
686.0 84.889
687.0 84.723
688.0 84.526
689.0 84.318
690.0 84.106
691.0 83.86
692.0 83.627
693.0 83.352999
694.0 83.081999
695.0 82.804
696.0 82.509999
697.0 82.221
698.0 81.919
699.0 81.622
700.0 81.316999
701.0 81.016
702.0 80.709
703.0 80.42
704.0 80.135
705.0 79.854
706.0 79.562
707.0 79.303
708.0 79.038
709.0 78.785
710.0 78.524
711.0 78.3
712.0 78.083
713.0 77.861
714.0 77.661999
715.0 77.488999
716.0 77.313
717.0 77.155
718.0 77.015999
719.0 76.889
720.0 76.783
721.0 76.676999
722.0 76.578
723.0 76.519
724.0 76.471999
725.0 76.441999
726.0 76.402
727.0 76.397
728.0 76.390999
729.0 76.423
730.0 76.465999
731.0 76.504
732.0 76.573
733.0 76.649
734.0 76.732
735.0 76.834999
736.0 76.959
737.0 77.073
738.0 77.215
739.0 77.364999
740.0 77.535
741.0 77.687
742.0 77.869999
743.0 78.054999
744.0 78.254
745.0 78.452999
746.0 78.655
747.0 78.861999
748.0 79.078
749.0 79.297
750.0 79.515
751.0 79.746
752.0 79.974
753.0 80.211
754.0 80.428
755.0 80.664999
756.0 80.896
757.0 81.125
758.0 81.332
759.0 81.566
760.0 81.788
761.0 81.997
762.0 82.186
763.0 82.391
764.0 82.593
765.0 82.769
766.0 82.931
767.0 83.103
768.0 83.248
769.0 83.391
770.0 83.515
771.0 83.641
772.0 83.758
773.0 83.828999
774.0 83.934
775.0 84.002
776.0 84.063
777.0 84.101
778.0 84.143
779.0 84.155
780.0 84.155999
781.0 84.147
782.0 84.11
783.0 84.077
784.0 84.031
785.0 83.953
786.0 83.902
787.0 83.819999
788.0 83.726999
789.0 83.622
790.0 83.511
791.0 83.364
792.0 83.24
793.0 83.074
794.0 82.926999
795.0 82.711
796.0 82.535
797.0 82.371
798.0 82.176
799.0 81.977
800.0 81.779
801.0 81.571
802.0 81.369
803.0 81.138
804.0 80.920999
805.0 80.709
806.0 80.503
807.0 80.279
808.0 80.042
809.0 79.824
810.0 79.616
811.0 79.381999
812.0 79.164
813.0 78.946
814.0 78.734
815.0 78.524
816.0 78.294
817.0 78.108999
818.0 77.892
819.0 77.711
820.0 77.495
821.0 77.297
822.0 77.096
823.0 76.95
824.0 76.749
825.0 76.601
826.0 76.441999
827.0 76.271
828.0 76.153
829.0 75.985
830.0 75.865
831.0 75.749
832.0 75.599999
833.0 75.515
834.0 75.402
835.0 75.31
836.0 75.217
837.0 75.14
838.0 75.073
839.0 75.003
840.0 74.956999
841.0 74.893
842.0 74.861999
843.0 74.819999
844.0 74.795
845.0 74.778
846.0 74.775
847.0 74.763
848.0 74.780999
849.0 74.783
850.0 74.803
851.0 74.846
852.0 74.861999
853.0 74.922
854.0 74.964
855.0 75.035
856.0 75.087
857.0 75.151
858.0 75.227999
859.0 75.301
860.0 75.382
861.0 75.5
862.0 75.602
863.0 75.712
864.0 75.818
865.0 75.92
866.0 76.036
867.0 76.171
868.0 76.288
869.0 76.417
870.0 76.566
871.0 76.708
872.0 76.84
873.0 76.971999
874.0 77.141
875.0 77.289
876.0 77.429999
877.0 77.592
878.0 77.736
879.0 77.913
880.0 78.063
881.0 78.230999
882.0 78.386
883.0 78.545
884.0 78.691999
885.0 78.863
886.0 79.045
887.0 79.161
888.0 79.334999
889.0 79.468
890.0 79.636
891.0 79.784
892.0 79.911
893.0 80.066999
894.0 80.212
895.0 80.337999
896.0 80.479
897.0 80.604
898.0 80.717
899.0 80.843
900.0 80.94
901.0 81.053
902.0 81.174
903.0 81.253
904.0 81.383
905.0 81.477
906.0 81.557999
907.0 81.632
908.0 81.706999
909.0 81.762
910.0 81.821
911.0 81.881
912.0 81.942
913.0 81.997
914.0 82.023
915.0 82.077
916.0 82.075
917.0 82.092
918.0 82.116999
919.0 82.128999
920.0 82.126
921.0 82.116999
922.0 82.093999
923.0 82.093
924.0 82.063
925.0 82.044
926.0 81.982
927.0 81.942
928.0 81.874
929.0 81.846
930.0 81.777999
931.0 81.681
932.0 81.636
933.0 81.557
934.0 81.471999
935.0 81.398
936.0 81.305
937.0 81.184
938.0 81.087
939.0 80.989999
940.0 80.874
941.0 80.769
942.0 80.634
943.0 80.522
944.0 80.401
945.0 80.288
946.0 80.139
947.0 80.012
948.0 79.867999
949.0 79.712999
950.0 79.568
951.0 79.423999
952.0 79.298999
953.0 79.149999
954.0 79.008
955.0 78.852999
956.0 78.715999
957.0 78.557
958.0 78.414
959.0 78.276
960.0 78.156
961.0 78.009
962.0 77.846999
963.0 77.703999
964.0 77.557
965.0 77.404
966.0 77.269
967.0 77.125999
968.0 76.985
969.0 76.845
970.0 76.691
971.0 76.556
972.0 76.437999
973.0 76.285
974.0 76.175
975.0 76.05
976.0 75.901
977.0 75.765
978.0 75.685999
979.0 75.58
980.0 75.417
981.0 75.304
982.0 75.2
983.0 75.082
984.0 74.972
985.0 74.878999
986.0 74.791
987.0 74.711
988.0 74.604
989.0 74.497
990.0 74.417
991.0 74.328
992.0 74.239999
993.0 74.158
994.0 74.095999
995.0 74.031
996.0 73.965999
997.0 73.911
998.0 73.837
999.0 73.8
1000.0 73.729999
1001.0 73.692
1002.0 73.67
1003.0 73.611
1004.0 73.587999
1005.0 73.563
1006.0 73.538
1007.0 73.509999
1008.0 73.485
1009.0 73.480999
1010.0 73.438999
1011.0 73.448
1012.0 73.44
1013.0 73.437
1014.0 73.42
1015.0 73.438
1016.0 73.441
1017.0 73.449
1018.0 73.471
1019.0 73.485999
1020.0 73.489
1021.0 73.501
1022.0 73.519
1023.0 73.57
1024.0 73.556999
1025.0 73.61
1026.0 73.637
1027.0 73.709
1028.0 73.746
1029.0 73.79
1030.0 73.831999
1031.0 73.88
1032.0 73.965999
1033.0 74.024
1034.0 74.078
1035.0 74.129
1036.0 74.199
1037.0 74.286
1038.0 74.311
1039.0 74.404
1040.0 74.477
1041.0 74.559
1042.0 74.624
1043.0 74.732
1044.0 74.785
1045.0 74.85
1046.0 74.926
1047.0 74.987
1048.0 75.087999
1049.0 75.169
1050.0 75.273
1051.0 75.367999
1052.0 75.46
1053.0 75.551999
1054.0 75.614
1055.0 75.732999
1056.0 75.826
1057.0 75.951
1058.0 76.024
1059.0 76.156
1060.0 76.249
1061.0 76.295999
1062.0 76.407
1063.0 76.531
1064.0 76.544
1065.0 76.704
1066.0 76.794
1067.0 76.872
1068.0 76.907
1069.0 77.047
1070.0 77.161999
1071.0 77.185999
1072.0 77.333
1073.0 77.444
1074.0 77.47
1075.0 77.519
1076.0 77.693
1077.0 77.786
1078.0 77.884
1079.0 77.997
1080.0 78.056
1081.0 78.146
1082.0 78.21
1083.0 78.286999
1084.0 78.364999
1085.0 78.464999
1086.0 78.517
1087.0 78.625999
1088.0 78.624
1089.0 78.75
1090.0 78.73
1091.0 78.891
1092.0 78.966
1093.0 78.977
1094.0 79.024
1095.0 79.083
1096.0 79.176
1097.0 79.25
1098.0 79.212
1099.0 79.271999
1100.0 79.298
