190.0 0.092
191.0 0.136
192.0 0.026
193.0 0.107
194.0 0.044
195.0 0.098
196.0 0.038
197.0 0.067
198.0 0.035
199.0 0.053
200.0 0.044
201.0 0.038
202.0 0.038
203.0 0.042
204.0 0.028
205.0 0.035
206.0 0.016
207.0 0.022
208.0 0.022
209.0 0.037
210.0 0.017
211.0 0.039
212.0 0.027
213.0 0.031
214.0 0.025
215.0 0.038
216.0 0.004
217.0 0.028
218.0 0.022
219.0 0.036
220.0 0.026
221.0 0.018
222.0 0.021
223.0 0.03
224.0 0.028
225.0 0.027
226.0 0.029
227.0 0.038
228.0 0.032
229.0 0.023
230.0 0.019
231.0 0.026
232.0 0.016
233.0 0.024
234.0 0.02
235.0 0.036
236.0 0.027
237.0 0.025
238.0 0.014
239.0 0.018
240.0 0.023
241.0 0.021
242.0 0.013
243.0 0.033
244.0 0.028
245.0 0.033
246.0 0.023
247.0 0.023
248.0 0.024
249.0 0.023
250.0 0.014
251.0 0.038
252.0 0.026
253.0 0.029
254.0 0.021
255.0 0.023
256.0 0.016
257.0 0.028
258.0 0.023
259.0 0.052
260.0 0.03
261.0 0.035
262.0 0.031
263.0 0.045
264.0 0.037
265.0 0.043
266.0 0.04
267.0 0.046
268.0 0.044
269.0 0.037
270.0 0.042
271.0 0.038
272.0 0.03
273.0 0.024
274.0 0.039
275.0 0.047
276.0 0.058
277.0 0.046
278.0 0.048
279.0 0.041
280.0 0.049
281.0 0.042
282.0 0.055
283.0 0.073
284.0 0.035
285.0 0.036
286.0 0.054
287.0 0.05
288.0 0.037
289.0 0.036
290.0 0.067
291.0 0.062
292.0 0.018
293.0 0.048
294.0 0.039
295.0 0.033
296.0 0.025
297.0 0.049
298.0 0.042
299.0 0.066
300.0 0.034
301.0 0.062
302.0 0.006999
303.0 0.063
304.0 0.019
305.0 0.052
306.0 0.021
307.0 0.082
308.0 0.047
309.0 0.053
310.0 0.035
311.0 0.032
312.0 0.043
313.0 0.049
314.0 0.071
315.0 0.095
316.0 0.032
317.0 0.046
318.0 0.032
319.0 0.046
320.0 0.063
321.0 0.057
322.0 0.046
323.0 0.106
324.0 0.083
325.0 0.079
326.0 0.046
327.0 0.334
328.0 0.325
329.0 0.315
330.0 0.316
331.0 0.312
332.0 0.282
333.0 0.252
334.0 0.271
335.0 0.269
336.0 0.247
337.0 0.236
338.0 0.251
339.0 0.24
340.0 0.226
341.0 0.222
342.0 0.209
343.0 0.19
344.0 0.192
345.0 0.181
346.0 0.17
347.0 0.19
348.0 0.17
349.0 0.169
350.0 0.171
351.0 0.149
352.0 0.161
353.0 0.155
354.0 0.17
355.0 0.168
356.0 0.162
357.0 0.167
358.0 0.188
359.0 0.181
360.0 0.224
361.0 0.269
362.0 0.34
363.0 0.455
364.0 0.619
365.0 0.886
366.0 1.271
367.0 1.801
368.0 2.512
369.0 3.458
370.0 4.623
371.0 6.021
372.0 7.648
373.0 9.478999
374.0 11.464
375.0 13.543
376.0 15.704
377.0 17.984
378.0 20.357
379.0 22.864
380.0 25.482
381.0 28.259
382.0 31.024
383.0 33.607
384.0 36.01
385.0 38.207
386.0 40.11
387.0 41.771
388.0 43.25
389.0 44.625
390.0 45.995
391.0 47.42
392.0 48.978
393.0 50.691
394.0 52.569999
395.0 54.586
396.0 56.716
397.0 58.884
398.0 61.014
399.0 62.996
400.0 64.759
401.0 66.2
402.0 67.334
403.0 68.088
404.0 68.504
405.0 68.638
406.0 68.563
407.0 68.36
408.0 68.128999
409.0 67.93
410.0 67.789
411.0 67.801
412.0 67.983999
413.0 68.349
414.0 68.938
415.0 69.69
416.0 70.625
417.0 71.730999
418.0 72.907
419.0 74.199
420.0 75.473
421.0 77.203
422.0 78.415
423.0 79.506
424.0 80.396999
425.0 81.116999
426.0 81.552
427.0 81.783
428.0 81.756
429.0 81.516
430.0 81.104
431.0 80.52
432.0 79.855
433.0 79.147
434.0 78.423
435.0 77.715
436.0 77.081999
437.0 76.529
438.0 76.111999
439.0 75.824
440.0 75.670999
441.0 75.679
442.0 75.794
443.0 76.065
444.0 76.492999
445.0 77.042
446.0 77.726
447.0 78.48
448.0 79.303
449.0 80.185
450.0 81.099
451.0 82.008
452.0 82.901
453.0 83.73
454.0 84.474
455.0 85.168
456.0 85.729999
457.0 86.158
458.0 86.411
459.0 86.542
460.0 86.522
461.0 86.367
462.0 86.058
463.0 85.638
464.0 85.14
465.0 84.56
466.0 83.931
467.0 83.267
468.0 82.619
469.0 81.957
470.0 81.342
471.0 80.755
472.0 80.212
473.0 79.762999
474.0 79.387
475.0 79.117
476.0 78.917
477.0 78.810999
478.0 78.798
479.0 78.91
480.0 79.064
481.0 79.349
482.0 79.709
483.0 80.159
484.0 80.687
485.0 81.244
486.0 81.872
487.0 82.587
488.0 83.28
489.0 84.032
490.0 84.752
491.0 85.489999
492.0 86.187
493.0 86.913
494.0 87.53
495.0 88.132
496.0 88.641
497.0 89.078999
498.0 89.428
499.0 89.709
500.0 89.876
501.0 89.937
502.0 89.902
503.0 89.793
504.0 89.617
505.0 89.327
506.0 88.949999
507.0 88.535
508.0 88.061
509.0 87.578
510.0 87.029
511.0 86.461
512.0 85.901
513.0 85.302
514.0 84.764
515.0 84.206
516.0 83.706
517.0 83.203999
518.0 82.756
519.0 82.359
520.0 82.001
521.0 81.71
522.0 81.459999
523.0 81.301
524.0 81.158
525.0 81.105999
526.0 81.08
527.0 81.13
528.0 81.26
529.0 81.417
530.0 81.639
531.0 81.925
532.0 82.255
533.0 82.605999
534.0 83.023
535.0 83.456
536.0 83.946
537.0 84.452
538.0 84.97
539.0 85.524
540.0 86.078
541.0 86.617
542.0 87.2
543.0 87.714
544.0 88.23
545.0 88.743
546.0 89.214
547.0 89.646
548.0 90.048
549.0 90.404
550.0 90.707
551.0 90.949
552.0 91.156
553.0 91.313999
554.0 91.384
555.0 91.41
556.0 91.39
557.0 91.282
558.0 91.16
559.0 90.949
560.0 90.727999
561.0 90.452
562.0 90.114999
563.0 89.75
564.0 89.371
565.0 88.931
566.0 88.483999
567.0 88.038
568.0 87.573
569.0 87.092
570.0 86.637
571.0 86.156
572.0 85.684
573.0 85.230999
574.0 84.791
575.0 84.35
576.0 83.958999
577.0 83.581
578.0 83.235
579.0 82.899999
580.0 82.627
581.0 82.369
582.0 82.179
583.0 81.997
584.0 81.871
585.0 81.777999
586.0 81.747
587.0 81.741
588.0 81.781
589.0 81.858
590.0 81.983999
591.0 82.126
592.0 82.316
593.0 82.526
594.0 82.764
595.0 83.032
596.0 83.319
597.0 83.642
598.0 83.974999
599.0 84.323
600.0 84.685999
601.0 85.057
602.0 85.471
603.0 85.872
604.0 86.297
605.0 86.736999
606.0 87.170999
607.0 87.592
608.0 88.029
609.0 88.456
610.0 88.871
611.0 89.274
612.0 89.683
613.0 90.063999
614.0 90.420999
615.0 90.757
616.0 91.090999
617.0 91.383
618.0 91.649
619.0 91.911
620.0 92.117999
621.0 92.274
622.0 92.438
623.0 92.551
624.0 92.638
625.0 92.675
626.0 92.693
627.0 92.673
628.0 92.615
629.0 92.530999
630.0 92.407
631.0 92.265
632.0 92.116
633.0 91.892
634.0 91.673
635.0 91.431
636.0 91.133
637.0 90.849999
638.0 90.548
639.0 90.227999
640.0 89.905
641.0 89.566999
642.0 89.2
643.0 88.837999
644.0 88.491
645.0 88.148
646.0 87.766
647.0 87.414999
648.0 87.095
649.0 86.724
650.0 86.389
651.0 86.066
652.0 85.761
653.0 85.46
654.0 85.170999
655.0 84.885
656.0 84.625
657.0 84.397
658.0 84.15
659.0 83.962
660.0 83.764
661.0 83.601
662.0 83.44
663.0 83.315
664.0 83.182999
665.0 83.106
666.0 83.006999
667.0 82.977
668.0 82.917
669.0 82.928
670.0 82.935999
671.0 82.949
672.0 83.012
673.0 83.076
674.0 83.155
675.0 83.264
676.0 83.379
677.0 83.506
678.0 83.663
679.0 83.842
680.0 84.038
681.0 84.238
682.0 84.436
683.0 84.645
684.0 84.824
685.0 85.045999
686.0 85.301
687.0 85.562
688.0 85.846
689.0 86.133
690.0 86.435
691.0 86.721999
692.0 87.029
693.0 87.341
694.0 87.653
695.0 87.968
696.0 88.258
697.0 88.556
698.0 88.861999
699.0 89.154
700.0 89.458
701.0 89.739999
702.0 90.015999
703.0 90.286999
704.0 90.536
705.0 90.791
706.0 91.008
707.0 91.244
708.0 91.443
709.0 91.642
710.0 91.81
711.0 91.978
712.0 92.129
713.0 92.235
714.0 92.357999
715.0 92.459
716.0 92.522
717.0 92.584
718.0 92.628
719.0 92.628
720.0 92.661
721.0 92.612
722.0 92.577
723.0 92.530999
724.0 92.462999
725.0 92.381
726.0 92.239999
727.0 92.147
728.0 92.024
729.0 91.859
730.0 91.696999
731.0 91.517
732.0 91.334999
733.0 91.137999
734.0 90.937
735.0 90.708
736.0 90.492999
737.0 90.222
738.0 89.995
739.0 89.736
740.0 89.480999
741.0 89.229
742.0 88.971999
743.0 88.7
744.0 88.414
745.0 88.177
746.0 87.888
747.0 87.634999
748.0 87.36
749.0 87.102
750.0 86.865
751.0 86.585
752.0 86.328999
753.0 86.082
754.0 85.828
755.0 85.604
756.0 85.36
757.0 85.126
758.0 84.914
759.0 84.704
760.0 84.494
761.0 84.285
762.0 84.099999
763.0 83.923999
764.0 83.746
765.0 83.584
766.0 83.421
767.0 83.262
768.0 83.116999
769.0 82.976
770.0 82.887
771.0 82.772
772.0 82.685
773.0 82.621
774.0 82.578
775.0 82.557
776.0 82.506999
777.0 82.493
778.0 82.506
779.0 82.538
780.0 82.552
781.0 82.512
782.0 82.528
783.0 82.497
784.0 82.473
785.0 82.482999
786.0 82.53
787.0 82.591
788.0 82.652
789.0 82.75
790.0 82.854
791.0 82.974
792.0 83.08
793.0 83.189
794.0 83.342
795.0 83.48
796.0 83.628
797.0 83.792999
798.0 83.968
799.0 84.104
800.0 84.27
801.0 84.438
802.0 84.627
803.0 84.791
804.0 84.989
805.0 85.189
806.0 85.374
807.0 85.58
808.0 85.777999
809.0 85.994
810.0 86.194999
811.0 86.417999
812.0 86.634
813.0 86.83
814.0 87.046
815.0 87.273
816.0 87.477999
817.0 87.692
818.0 87.919
819.0 88.099999
820.0 88.333
821.0 88.544
822.0 88.751
823.0 88.962
824.0 89.151
825.0 89.331
826.0 89.553
827.0 89.715999
828.0 89.922
829.0 90.075999
830.0 90.256
831.0 90.425
832.0 90.581
833.0 90.724999
834.0 90.869999
835.0 91.023
836.0 91.156
837.0 91.285
838.0 91.381
839.0 91.497
840.0 91.593999
841.0 91.679999
842.0 91.78
843.0 91.852999
844.0 91.91
845.0 91.978
846.0 92.026
847.0 92.074999
848.0 92.104
849.0 92.103
850.0 92.123
851.0 92.136
852.0 92.125
853.0 92.099
854.0 92.101
855.0 92.076
856.0 92.035
857.0 91.985
858.0 91.934
859.0 91.84
860.0 91.767
861.0 91.714
862.0 91.623
863.0 91.523
864.0 91.425
865.0 91.315
866.0 91.215999
867.0 91.1
868.0 90.949
869.0 90.829
870.0 90.708999
871.0 90.566999
872.0 90.417999
873.0 90.264
874.0 90.113
875.0 89.958
876.0 89.774
877.0 89.617
878.0 89.446
879.0 89.253
880.0 89.105
881.0 88.905
882.0 88.756999
883.0 88.602999
884.0 88.446
885.0 88.29
886.0 88.145
887.0 88.006
888.0 87.81
889.0 87.666
890.0 87.467
891.0 87.312
892.0 87.145
893.0 86.97
894.0 86.800999
895.0 86.651
896.0 86.477999
897.0 86.327
898.0 86.146
899.0 85.988
900.0 85.828999
901.0 85.656
902.0 85.474
903.0 85.335
904.0 85.149
905.0 85.024999
906.0 84.85
907.0 84.718
908.0 84.565
909.0 84.383
910.0 84.256
911.0 84.099999
912.0 83.968
913.0 83.848
914.0 83.716
915.0 83.608
916.0 83.505
917.0 83.408
918.0 83.319
919.0 83.237
920.0 83.147
921.0 83.072
922.0 83.03
923.0 82.958
924.0 82.908
925.0 82.833
926.0 82.776
927.0 82.706999
928.0 82.69
929.0 82.638
930.0 82.618
931.0 82.605999
932.0 82.56
933.0 82.551
934.0 82.535
935.0 82.515
936.0 82.506999
937.0 82.509
938.0 82.516
939.0 82.509
940.0 82.533
941.0 82.556
942.0 82.576
943.0 82.605999
944.0 82.625
945.0 82.652999
946.0 82.687
947.0 82.721
948.0 82.749
949.0 82.795
950.0 82.858
951.0 82.91
952.0 82.972
953.0 83.031
954.0 83.104
955.0 83.212
956.0 83.281
957.0 83.39
958.0 83.48
959.0 83.54
960.0 83.628999
961.0 83.725
962.0 83.831
963.0 83.928
964.0 84.019
965.0 84.126
966.0 84.238
967.0 84.367999
968.0 84.469
969.0 84.579
970.0 84.699
971.0 84.845
972.0 84.961
973.0 85.062
974.0 85.209999
975.0 85.323
976.0 85.453999
977.0 85.572999
978.0 85.714
979.0 85.84
980.0 85.991
981.0 86.145
982.0 86.277
983.0 86.417999
984.0 86.536
985.0 86.682
986.0 86.83
987.0 86.982
988.0 87.099
989.0 87.239
990.0 87.381
991.0 87.531
992.0 87.649
993.0 87.802
994.0 87.952
995.0 88.046
996.0 88.191
997.0 88.317
998.0 88.453
999.0 88.553
1000.0 88.693999
1001.0 88.837
1002.0 88.973
1003.0 89.107
1004.0 89.235
1005.0 89.329
1006.0 89.439
1007.0 89.577
1008.0 89.681999
1009.0 89.788
1010.0 89.905
1011.0 90.003999
1012.0 90.097
1013.0 90.207
1014.0 90.316
1015.0 90.412
1016.0 90.473
1017.0 90.608999
1018.0 90.657
1019.0 90.727999
1020.0 90.828
1021.0 90.899
1022.0 90.968
1023.0 91.069
1024.0 91.117999
1025.0 91.159
1026.0 91.218999
1027.0 91.263
1028.0 91.369
1029.0 91.41
1030.0 91.454
1031.0 91.466
1032.0 91.491
1033.0 91.545
1034.0 91.578
1035.0 91.589
1036.0 91.585
1037.0 91.617999
1038.0 91.679999
1039.0 91.671
1040.0 91.634
1041.0 91.678
1042.0 91.659
1043.0 91.619
1044.0 91.646
1045.0 91.647
1046.0 91.63
1047.0 91.615
1048.0 91.574
1049.0 91.562
1050.0 91.508
1051.0 91.473
1052.0 91.444
1053.0 91.42
1054.0 91.4
1055.0 91.293
1056.0 91.31
1057.0 91.247
1058.0 91.194
1059.0 91.139
1060.0 91.056
1061.0 91.036
1062.0 90.941
1063.0 90.79
1064.0 90.815
1065.0 90.679
1066.0 90.614999
1067.0 90.557
1068.0 90.488
1069.0 90.42
1070.0 90.396
1071.0 90.226
1072.0 90.163
1073.0 90.003
1074.0 89.994
1075.0 89.851
1076.0 89.81
1077.0 89.700999
1078.0 89.593999
1079.0 89.515999
1080.0 89.417999
1081.0 89.342999
1082.0 89.254
1083.0 89.087999
1084.0 89.051
1085.0 88.878999
1086.0 88.719
1087.0 88.682
1088.0 88.509
1089.0 88.446
1090.0 88.427
1091.0 88.2
1092.0 88.169
1093.0 88.047
1094.0 87.917999
1095.0 87.827
1096.0 87.678
1097.0 87.547
1098.0 87.423
1099.0 87.333
1100.0 87.261
