190.0 0.106
191.0 0.121
192.0 0.055999
193.0 0.086999
194.0 0.065
195.0 0.092
196.0 0.036
197.0 0.041
198.0 0.04
199.0 0.029
200.0 0.039
201.0 0.038
202.0 0.051
203.0 0.078
204.0 0.035
205.0 0.04
206.0 0.024
207.0 0.033
208.0 0.017
209.0 0.038
210.0 0.041
211.0 0.04
212.0 0.031
213.0 0.036
214.0 0.025
215.0 0.026
216.0 0.028
217.0 0.022
218.0 0.038
219.0 0.024
220.0 0.04
221.0 0.018
222.0 0.033
223.0 0.022
224.0 0.045
225.0 0.025
226.0 0.024
227.0 0.038
228.0 0.035
229.0 0.028
230.0 0.002
231.0 0.031
232.0 0.021
233.0 0.028
234.0 0.029
235.0 0.038
236.0 0.02
237.0 0.021
238.0 0.023
239.0 0.011
240.0 0.028
241.0 0.021
242.0 0.034
243.0 0.034
244.0 0.017
245.0 0.021
246.0 0.024
247.0 0.03
248.0 0.033
249.0 0.016
250.0 0.01
251.0 0.048
252.0 0.022
253.0 0.027
254.0 0.012
255.0 0.029
256.0 0.02
257.0 0.016
258.0 0.035
259.0 0.054
260.0 0.012
261.0 0.034
262.0 0.025
263.0 0.037
264.0 0.028
265.0 0.037
266.0 0.038
267.0 0.034
268.0 0.036
269.0 0.041
270.0 0.047
271.0 0.043
272.0 0.036
273.0 0.029
274.0 0.029
275.0 0.077
276.0 0.036
277.0 0.036
278.0 0.051
279.0 0.053
280.0 0.036
281.0 0.052
282.0 0.048
283.0 0.072
284.0 0.027
285.0 0.037
286.0 0.049
287.0 0.063
288.0 0.026
289.0 0.046
290.0 0.044
291.0 0.09
292.0 0.067
293.0 0.042
294.0 0.014
295.0 0.032
296.0 0.042
297.0 0.046
298.0 0.051
299.0 0.062
300.0 0.033
301.0 0.066
302.0 0.039
303.0 0.063
304.0 0.078
305.0 0.049
306.0 0.04
307.0 0.084
308.0 0.051
309.0 0.05
310.0 0.051
311.0 0.061
312.0 0.058
313.0 0.048
314.0 0.076
315.0 0.094
316.0 0.036
317.0 0.037
318.0 0.028
319.0 0.09
320.0 0.058
321.0 0.058
322.0 0.05
323.0 0.098
324.0 0.09
325.0 0.016
326.0 0.009
327.0 0.366
328.0 0.345
329.0 0.314
330.0 0.348
331.0 0.355
332.0 0.328
333.0 0.307
334.0 0.288
335.0 0.288
336.0 0.266
337.0 0.263
338.0 0.258
339.0 0.258
340.0 0.257
341.0 0.24
342.0 0.241
343.0 0.218
344.0 0.228
345.0 0.207
346.0 0.207
347.0 0.21
348.0 0.191
349.0 0.182
350.0 0.197
351.0 0.198
352.0 0.195
353.0 0.216
354.0 0.22
355.0 0.245
356.0 0.259
357.0 0.314
358.0 0.398
359.0 0.507
360.0 0.641
361.0 0.878999
362.0 1.179
363.0 1.63
364.0 2.162
365.0 2.886
366.0 3.761
367.0 4.862
368.0 6.164
369.0 7.674
370.0 9.394
371.0 11.316
372.0 13.339
373.0 15.496
374.0 17.721
375.0 19.925
376.0 22.12
377.0 24.298
378.0 26.461
379.0 28.578
380.0 30.757
381.0 32.995
382.0 35.229
383.0 37.483
384.0 39.724
385.0 41.951
386.0 44.119
387.0 46.225
388.0 48.224
389.0 50.117
390.0 51.882
391.0 53.462
392.0 54.88
393.0 56.155
394.0 57.254
395.0 58.209999
396.0 59.050999
397.0 59.828
398.0 60.551
399.0 61.258
400.0 61.953
401.0 62.688999
402.0 63.459
403.0 64.281
404.0 65.133
405.0 66.015999
406.0 66.942
407.0 67.896
408.0 68.871
409.0 69.845
410.0 70.797
411.0 71.714
412.0 72.619
413.0 73.425
414.0 74.163
415.0 74.827
416.0 75.365
417.0 75.810999
418.0 76.136
419.0 76.378999
420.0 76.504
421.0 76.744
422.0 76.742
423.0 76.619
424.0 76.49
425.0 76.321
426.0 76.121
427.0 75.927
428.0 75.715
429.0 75.546
430.0 75.416
431.0 75.322
432.0 75.288
433.0 75.307
434.0 75.381
435.0 75.532
436.0 75.68
437.0 75.932
438.0 76.244999
439.0 76.605
440.0 76.998
441.0 77.441
442.0 77.899
443.0 78.411
444.0 78.911
445.0 79.438
446.0 79.935999
447.0 80.474999
448.0 80.93
449.0 81.393
450.0 81.813999
451.0 82.164999
452.0 82.526
453.0 82.786
454.0 83.009999
455.0 83.196
456.0 83.3
457.0 83.359
458.0 83.331
459.0 83.279
460.0 83.166
461.0 83.018
462.0 82.811
463.0 82.557999
464.0 82.308
465.0 82.035
466.0 81.733
467.0 81.43
468.0 81.127
469.0 80.825999
470.0 80.548
471.0 80.278
472.0 80.026
473.0 79.815
474.0 79.627
475.0 79.464
476.0 79.351
477.0 79.276
478.0 79.236999
479.0 79.234
480.0 79.276
481.0 79.349
482.0 79.47
483.0 79.616
484.0 79.810999
485.0 80.029
486.0 80.278
487.0 80.545
488.0 80.842
489.0 81.196
490.0 81.517
491.0 81.905
492.0 82.242999
493.0 82.651
494.0 83.016
495.0 83.406
496.0 83.789
497.0 84.161
498.0 84.513
499.0 84.884
500.0 85.218999
501.0 85.511
502.0 85.804
503.0 86.058
504.0 86.303
505.0 86.5
506.0 86.669
507.0 86.806
508.0 86.916
509.0 87.005
510.0 87.009
511.0 87.012999
512.0 86.976
513.0 86.917999
514.0 86.839999
515.0 86.684
516.0 86.551
517.0 86.351999
518.0 86.149
519.0 85.919
520.0 85.668
521.0 85.421
522.0 85.163
523.0 84.906
524.0 84.607
525.0 84.336999
526.0 84.048
527.0 83.757
528.0 83.509999
529.0 83.23
530.0 82.98
531.0 82.762999
532.0 82.538
533.0 82.328999
534.0 82.146
535.0 81.979
536.0 81.845
537.0 81.713
538.0 81.605
539.0 81.548
540.0 81.492
541.0 81.466
542.0 81.455
543.0 81.477999
544.0 81.494999
545.0 81.568
546.0 81.657
547.0 81.746
548.0 81.884
549.0 82.013
550.0 82.181
551.0 82.37
552.0 82.555
553.0 82.774
554.0 82.984
555.0 83.246
556.0 83.48
557.0 83.747
558.0 84.014
559.0 84.304999
560.0 84.592
561.0 84.863
562.0 85.158
563.0 85.432
564.0 85.729
565.0 85.992
566.0 86.279
567.0 86.545
568.0 86.818
569.0 87.046
570.0 87.292
571.0 87.512999
572.0 87.709
573.0 87.909
574.0 88.110999
575.0 88.258
576.0 88.398
577.0 88.521
578.0 88.627
579.0 88.705999
580.0 88.786
581.0 88.845
582.0 88.877
583.0 88.885
584.0 88.885
585.0 88.864
586.0 88.858999
587.0 88.802
588.0 88.739999
589.0 88.667
590.0 88.58
591.0 88.475
592.0 88.355999
593.0 88.209
594.0 88.062
595.0 87.9
596.0 87.715
597.0 87.518
598.0 87.315
599.0 87.11
600.0 86.878999
601.0 86.636
602.0 86.422
603.0 86.166
604.0 85.923
605.0 85.668
606.0 85.435
607.0 85.184
608.0 84.941999
609.0 84.708
610.0 84.467
611.0 84.230999
612.0 84.031
613.0 83.798
614.0 83.592
615.0 83.401
616.0 83.211
617.0 83.047
618.0 82.874
619.0 82.728
620.0 82.595
621.0 82.45
622.0 82.345
623.0 82.227999
624.0 82.137
625.0 82.065999
626.0 82.001
627.0 81.945
628.0 81.908
629.0 81.881
630.0 81.877
631.0 81.876
632.0 81.891
633.0 81.93
634.0 81.966
635.0 82.021999
636.0 82.060999
637.0 82.155
638.0 82.249
639.0 82.321999
640.0 82.457
641.0 82.569999
642.0 82.689
643.0 82.828
644.0 82.979
645.0 83.116
646.0 83.271
647.0 83.445
648.0 83.646
649.0 83.803
650.0 83.974
651.0 84.187
652.0 84.383
653.0 84.584999
654.0 84.786
655.0 84.982
656.0 85.17
657.0 85.399999
658.0 85.575999
659.0 85.804999
660.0 86.0
661.0 86.201
662.0 86.387
663.0 86.595999
664.0 86.779
665.0 86.976
666.0 87.166
667.0 87.327
668.0 87.499
669.0 87.673
670.0 87.846999
671.0 87.995
672.0 88.146999
673.0 88.31
674.0 88.414999
675.0 88.535
676.0 88.645
677.0 88.744
678.0 88.826
679.0 88.925
680.0 89.022
681.0 89.065
682.0 89.093999
683.0 89.161
684.0 89.144
685.0 89.146999
686.0 89.156
687.0 89.153
688.0 89.144
689.0 89.116
690.0 89.081
691.0 89.026
692.0 88.975
693.0 88.92
694.0 88.841
695.0 88.766
696.0 88.668
697.0 88.559
698.0 88.453999
699.0 88.327999
700.0 88.2
701.0 88.062
702.0 87.923
703.0 87.775
704.0 87.622
705.0 87.473
706.0 87.291
707.0 87.134999
708.0 86.95
709.0 86.774
710.0 86.584
711.0 86.401
712.0 86.211
713.0 86.007
714.0 85.834999
715.0 85.636
716.0 85.441999
717.0 85.248
718.0 85.053
719.0 84.857
720.0 84.669
721.0 84.465
722.0 84.257
723.0 84.086
724.0 83.891
725.0 83.699
726.0 83.511
727.0 83.327
728.0 83.162
729.0 82.988
730.0 82.82
731.0 82.652
732.0 82.498
733.0 82.340999
734.0 82.203
735.0 82.044
736.0 81.91
737.0 81.758
738.0 81.633
739.0 81.504
740.0 81.396999
741.0 81.293
742.0 81.191999
743.0 81.084
744.0 80.993
745.0 80.926
746.0 80.828
747.0 80.766
748.0 80.687
749.0 80.639
750.0 80.584999
751.0 80.541
752.0 80.491999
753.0 80.462999
754.0 80.439
755.0 80.422
756.0 80.393
757.0 80.384
758.0 80.388
759.0 80.384
760.0 80.399
761.0 80.408
762.0 80.447999
763.0 80.462
764.0 80.486
765.0 80.523
766.0 80.569
767.0 80.616
768.0 80.679999
769.0 80.727
770.0 80.792
771.0 80.854
772.0 80.932
773.0 81.025
774.0 81.111999
775.0 81.194999
776.0 81.285
777.0 81.38
778.0 81.488
779.0 81.607
780.0 81.732
781.0 81.809
782.0 81.919
783.0 82.016
784.0 82.122
785.0 82.211999
786.0 82.328
787.0 82.458
788.0 82.56
789.0 82.715999
790.0 82.847
791.0 82.98
792.0 83.148
793.0 83.26
794.0 83.404
795.0 83.55
796.0 83.69
797.0 83.848999
798.0 83.989999
799.0 84.122
800.0 84.253999
801.0 84.397
802.0 84.532
803.0 84.674
804.0 84.814
805.0 84.946999
806.0 85.07
807.0 85.205
808.0 85.324999
809.0 85.479
810.0 85.598
811.0 85.730999
812.0 85.85
813.0 85.958
814.0 86.06
815.0 86.194
816.0 86.3
817.0 86.416
818.0 86.512
819.0 86.614
820.0 86.712
821.0 86.813
822.0 86.928
823.0 87.009
824.0 87.074
825.0 87.161
826.0 87.249
827.0 87.294
828.0 87.383
829.0 87.426999
830.0 87.52
831.0 87.571
832.0 87.613
833.0 87.646
834.0 87.697999
835.0 87.747
836.0 87.773
837.0 87.795999
838.0 87.813
839.0 87.839
840.0 87.838
841.0 87.846
842.0 87.882
843.0 87.861
844.0 87.858999
845.0 87.846
846.0 87.837
847.0 87.853
848.0 87.804
849.0 87.759
850.0 87.738
851.0 87.708
852.0 87.682
853.0 87.616
854.0 87.583999
855.0 87.524999
856.0 87.477999
857.0 87.407
858.0 87.343
859.0 87.255
860.0 87.197999
861.0 87.155
862.0 87.051999
863.0 86.97
864.0 86.890999
865.0 86.799
866.0 86.706
867.0 86.623
868.0 86.515
869.0 86.429
870.0 86.343999
871.0 86.245
872.0 86.121
873.0 86.006
874.0 85.899
875.0 85.791
876.0 85.658999
877.0 85.572
878.0 85.433
879.0 85.304
880.0 85.209
881.0 85.074
882.0 84.979
883.0 84.863999
884.0 84.774
885.0 84.639
886.0 84.572
887.0 84.441
888.0 84.307
889.0 84.225
890.0 84.069
891.0 83.970999
892.0 83.855999
893.0 83.742999
894.0 83.631
895.0 83.508
896.0 83.404
897.0 83.289999
898.0 83.137
899.0 83.021
900.0 82.903
901.0 82.803
902.0 82.657
903.0 82.55
904.0 82.406
905.0 82.311
906.0 82.182
907.0 82.074
908.0 81.935
909.0 81.804
910.0 81.703999
911.0 81.596999
912.0 81.482
913.0 81.367999
914.0 81.274999
915.0 81.172
916.0 81.081
917.0 80.996
918.0 80.908999
919.0 80.815
920.0 80.738
921.0 80.649
922.0 80.608
923.0 80.515
924.0 80.439
925.0 80.357
926.0 80.289999
927.0 80.203
928.0 80.151
929.0 80.087
930.0 80.045
931.0 79.993
932.0 79.923999
933.0 79.873
934.0 79.831
935.0 79.77
936.0 79.718999
937.0 79.694
938.0 79.63
939.0 79.588
940.0 79.564
941.0 79.527999
942.0 79.501
943.0 79.47
944.0 79.437
945.0 79.39
946.0 79.381
947.0 79.359
948.0 79.33
949.0 79.313999
950.0 79.307
951.0 79.281
952.0 79.289
953.0 79.251
954.0 79.277
955.0 79.286
956.0 79.322
957.0 79.298
958.0 79.310999
959.0 79.325
960.0 79.333
961.0 79.339
962.0 79.352
963.0 79.352
964.0 79.386
965.0 79.403
966.0 79.412
967.0 79.462999
968.0 79.471
969.0 79.506
970.0 79.559
971.0 79.598
972.0 79.617
973.0 79.652999
974.0 79.712999
975.0 79.741
976.0 79.793
977.0 79.833
978.0 79.874
979.0 79.919
980.0 79.977
981.0 80.027
982.0 80.081999
983.0 80.125
984.0 80.194
985.0 80.241
986.0 80.306
987.0 80.375
988.0 80.435999
989.0 80.499
990.0 80.552
991.0 80.613999
992.0 80.669
993.0 80.750999
994.0 80.822
995.0 80.871
996.0 80.974
997.0 81.035
998.0 81.119
999.0 81.161
1000.0 81.272
1001.0 81.337999
1002.0 81.427
1003.0 81.506999
1004.0 81.581
1005.0 81.663
1006.0 81.727999
1007.0 81.833999
1008.0 81.893
1009.0 81.997
1010.0 82.064
1011.0 82.128
1012.0 82.22
1013.0 82.297
1014.0 82.391
1015.0 82.471
1016.0 82.542
1017.0 82.64
1018.0 82.715
1019.0 82.796
1020.0 82.882
1021.0 82.942
1022.0 83.035
1023.0 83.119
1024.0 83.224
1025.0 83.286
1026.0 83.379
1027.0 83.442
1028.0 83.581
1029.0 83.646
1030.0 83.703
1031.0 83.812
1032.0 83.886
1033.0 83.969
1034.0 84.059
1035.0 84.111999
1036.0 84.169
1037.0 84.265
1038.0 84.378
1039.0 84.429
1040.0 84.489999
1041.0 84.571
1042.0 84.639
1043.0 84.704
1044.0 84.775
1045.0 84.828
1046.0 84.921
1047.0 84.956
1048.0 85.016
1049.0 85.126
1050.0 85.16
1051.0 85.244
1052.0 85.313
1053.0 85.349
1054.0 85.431
1055.0 85.482
1056.0 85.543
1057.0 85.593
1058.0 85.655
1059.0 85.729
1060.0 85.768
1061.0 85.828
1062.0 85.873
1063.0 85.911
1064.0 85.97
1065.0 86.02
1066.0 86.005
1067.0 86.123
1068.0 86.121
1069.0 86.123
1070.0 86.22
1071.0 86.19
1072.0 86.256999
1073.0 86.247
1074.0 86.349
1075.0 86.374
1076.0 86.388
1077.0 86.405
1078.0 86.455
1079.0 86.479
1080.0 86.5
1081.0 86.497
1082.0 86.578
1083.0 86.489999
1084.0 86.622
1085.0 86.527
1086.0 86.538
1087.0 86.646999
1088.0 86.589
1089.0 86.601
1090.0 86.631
1091.0 86.571
1092.0 86.657
1093.0 86.625
1094.0 86.611999
1095.0 86.629
1096.0 86.599
1097.0 86.636
1098.0 86.572
1099.0 86.607999
1100.0 86.563999
