190.0 0.046
191.0 0.071
192.0 0.015
193.0 0.062
194.0 0.016
195.0 0.053
196.0 0.06
197.0 0.018
198.0 0.034
199.0 0.023
200.0 0.016
201.0 0.006999
202.0 0.024
203.0 0.049
204.0 0.021
205.0 0.022
206.0 0.01
207.0 0.014
208.0 0.011
209.0 0.008
210.0 0.015
211.0 0.032
212.0 0.013
213.0 0.018
214.0 0.01
215.0 0.011
216.0 0.016
217.0 0.023
218.0 0.028
219.0 0.025
220.0 0.021
221.0 -0.004
222.0 0.01
223.0 0.022
224.0 0.025
225.0 0.009
226.0 0.005
227.0 0.053
228.0 0.026
229.0 0.006
230.0 0.02
231.0 0.016
232.0 0.015
233.0 0.021
234.0 0.01
235.0 0.022
236.0 0.016
237.0 0.006999
238.0 0.006
239.0 0.02
240.0 0.015
241.0 0.016
242.0 0.028
243.0 0.02
244.0 0.006999
245.0 0.022
246.0 0.014
247.0 0.011
248.0 0.014
249.0 0.022
250.0 0.017
251.0 0.024
252.0 0.002
253.0 0.013
254.0 0.01
255.0 -0.004
256.0 0.016
257.0 0.018
258.0 0.02
259.0 0.034
260.0 0.021
261.0 0.024
262.0 0.009
263.0 0.035
264.0 0.012
265.0 -0.001
266.0 0.03
267.0 0.042
268.0 0.025
269.0 0.008
270.0 0.03
271.0 0.032
272.0 0.01
273.0 0.022
274.0 0.012
275.0 0.06
276.0 0.018
277.0 0.046
278.0 0.011
279.0 0.033
280.0 0.019
281.0 0.019
282.0 0.034
283.0 0.051
284.0 0.044
285.0 0.027
286.0 0.013
287.0 0.041
288.0 0.023
289.0 0.006
290.0 0.027
291.0 0.064
292.0 0.024
293.0 0.031
294.0 0.036
295.0 0.029
296.0 0.033
297.0 0.042
298.0 0.033
299.0 0.05
300.0 0.035
301.0 0.024
302.0 0.031
303.0 0.033
304.0 0.026
305.0 0.018
306.0 0.031
307.0 0.06
308.0 0.009
309.0 0.023
310.0 0.034
311.0 0.039
312.0 0.024
313.0 0.026
314.0 0.045
315.0 0.042
316.0 0.036
317.0 0.05
318.0 0.0
319.0 0.043
320.0 0.022
321.0 0.015
322.0 0.022
323.0 0.067
324.0 0.061
325.0 0.029
326.0 0.032
327.0 0.402
328.0 0.419
329.0 0.395
330.0 0.403
331.0 0.404
332.0 0.363
333.0 0.358
334.0 0.334
335.0 0.333
336.0 0.322
337.0 0.302
338.0 0.287
339.0 0.309
340.0 0.295
341.0 0.284
342.0 0.26
343.0 0.255
344.0 0.25
345.0 0.238
346.0 0.238
347.0 0.254
348.0 0.224
349.0 0.21
350.0 0.229
351.0 0.222
352.0 0.222
353.0 0.236
354.0 0.243
355.0 0.271
356.0 0.29
357.0 0.344
358.0 0.418
359.0 0.523
360.0 0.679999
361.0 0.905
362.0 1.218
363.0 1.662
364.0 2.195
365.0 2.927
366.0 3.793
367.0 4.877
368.0 6.164
369.0 7.652
370.0 9.353
371.0 11.258
372.0 13.363
373.0 15.579
374.0 17.864
375.0 20.14
376.0 22.361
377.0 24.497
378.0 26.535
379.0 28.47
380.0 30.32
381.0 32.211
382.0 34.044999
383.0 35.892
384.0 37.756
385.0 39.732
386.0 41.767
387.0 43.899
388.0 46.04
389.0 48.192
390.0 50.319
391.0 52.361999
392.0 54.238
393.0 55.918
394.0 57.359
395.0 58.55
396.0 59.453999
397.0 60.117
398.0 60.599
399.0 60.918
400.0 61.117999
401.0 61.227
402.0 61.327
403.0 61.446
404.0 61.62
405.0 61.877
406.0 62.243
407.0 62.696
408.0 63.285
409.0 63.976
410.0 64.803
411.0 65.745
412.0 66.752
413.0 67.813
414.0 68.922
415.0 70.04
416.0 71.165
417.0 72.206
418.0 73.179
419.0 74.054
420.0 74.837
421.0 75.397
422.0 75.855999
423.0 76.183
424.0 76.349
425.0 76.358999
426.0 76.236
427.0 76.018
428.0 75.625
429.0 75.233
430.0 74.717
431.0 74.223
432.0 73.702
433.0 73.173999
434.0 72.697
435.0 72.271
436.0 71.898
437.0 71.601
438.0 71.352999
439.0 71.224
440.0 71.189
441.0 71.199
442.0 71.336999
443.0 71.536
444.0 71.851
445.0 72.230999
446.0 72.68
447.0 73.246
448.0 73.825
449.0 74.437
450.0 75.119
451.0 75.789
452.0 76.488999
453.0 77.197999
454.0 77.879
455.0 78.566999
456.0 79.182
457.0 79.806999
458.0 80.349999
459.0 80.806
460.0 81.19
461.0 81.52
462.0 81.748
463.0 81.879
464.0 81.949
465.0 81.915
466.0 81.801999
467.0 81.626
468.0 81.359
469.0 81.03
470.0 80.711999
471.0 80.289
472.0 79.852
473.0 79.378
474.0 78.92
475.0 78.419
476.0 77.92
477.0 77.476999
478.0 77.032
479.0 76.610999
480.0 76.232
481.0 75.875
482.0 75.551
483.0 75.287
484.0 75.057
485.0 74.9
486.0 74.772
487.0 74.679
488.0 74.652
489.0 74.712999
490.0 74.774
491.0 74.9
492.0 75.078
493.0 75.313
494.0 75.578
495.0 75.885
496.0 76.221
497.0 76.593999
498.0 77.018
499.0 77.454
500.0 77.903
501.0 78.396
502.0 78.884
503.0 79.375
504.0 79.869999
505.0 80.379
506.0 80.866
507.0 81.358
508.0 81.811
509.0 82.237
510.0 82.655
511.0 83.033999
512.0 83.386
513.0 83.67
514.0 83.974
515.0 84.199
516.0 84.363999
517.0 84.497
518.0 84.607
519.0 84.63
520.0 84.626
521.0 84.563999
522.0 84.465999
523.0 84.336999
524.0 84.135
525.0 83.925
526.0 83.674
527.0 83.396
528.0 83.116
529.0 82.768
530.0 82.421
531.0 82.069999
532.0 81.685
533.0 81.318
534.0 80.946
535.0 80.565
536.0 80.179
537.0 79.798
538.0 79.438
539.0 79.115
540.0 78.794
541.0 78.474
542.0 78.196
543.0 77.893
544.0 77.653
545.0 77.415
546.0 77.234
547.0 77.042
548.0 76.878
549.0 76.764
550.0 76.678
551.0 76.621
552.0 76.563
553.0 76.563999
554.0 76.587999
555.0 76.605999
556.0 76.68
557.0 76.785
558.0 76.909
559.0 77.065
560.0 77.258
561.0 77.444
562.0 77.648
563.0 77.885
564.0 78.159
565.0 78.447
566.0 78.715999
567.0 79.030999
568.0 79.337999
569.0 79.688
570.0 80.002
571.0 80.340999
572.0 80.698
573.0 81.063
574.0 81.432999
575.0 81.774
576.0 82.134
577.0 82.47
578.0 82.82
579.0 83.149
580.0 83.465
581.0 83.776
582.0 84.101
583.0 84.36
584.0 84.61
585.0 84.862
586.0 85.077
587.0 85.265
588.0 85.435
589.0 85.604
590.0 85.733999
591.0 85.846
592.0 85.914999
593.0 85.979
594.0 85.997
595.0 86.008
596.0 85.999
597.0 85.955
598.0 85.875999
599.0 85.8
600.0 85.688
601.0 85.555
602.0 85.41
603.0 85.233
604.0 85.035
605.0 84.833
606.0 84.613
607.0 84.366
608.0 84.119
609.0 83.871
610.0 83.584999
611.0 83.303
612.0 83.048999
613.0 82.753
614.0 82.471
615.0 82.178
616.0 81.878
617.0 81.596
618.0 81.316
619.0 81.018999
620.0 80.727
621.0 80.444999
622.0 80.167
623.0 79.912
624.0 79.655
625.0 79.416
626.0 79.167
627.0 78.956999
628.0 78.735
629.0 78.525
630.0 78.329
631.0 78.149999
632.0 77.983999
633.0 77.825
634.0 77.685999
635.0 77.554
636.0 77.441999
637.0 77.354
638.0 77.257
639.0 77.197
640.0 77.134999
641.0 77.11
642.0 77.077
643.0 77.065
644.0 77.073
645.0 77.084
646.0 77.105999
647.0 77.16
648.0 77.21
649.0 77.274
650.0 77.361
651.0 77.449
652.0 77.578999
653.0 77.685999
654.0 77.81
655.0 77.941
656.0 78.098999
657.0 78.274999
658.0 78.446
659.0 78.614999
660.0 78.791
661.0 78.996
662.0 79.183
663.0 79.396
664.0 79.605999
665.0 79.809
666.0 80.061
667.0 80.274999
668.0 80.508
669.0 80.732
670.0 80.969
671.0 81.211
672.0 81.438
673.0 81.682
674.0 81.896
675.0 82.143999
676.0 82.36
677.0 82.574
678.0 82.819
679.0 83.016
680.0 83.245
681.0 83.452
682.0 83.67
683.0 83.848
684.0 84.029
685.0 84.22
686.0 84.381
687.0 84.533
688.0 84.682999
689.0 84.828999
690.0 84.967
691.0 85.065
692.0 85.185
693.0 85.280999
694.0 85.375
695.0 85.455
696.0 85.502
697.0 85.559
698.0 85.598
699.0 85.618
700.0 85.634
701.0 85.641
702.0 85.624
703.0 85.590999
704.0 85.551
705.0 85.52
706.0 85.448
707.0 85.393
708.0 85.311
709.0 85.221
710.0 85.114
711.0 85.006
712.0 84.887999
713.0 84.753999
714.0 84.613
715.0 84.472
716.0 84.326
717.0 84.158
718.0 83.989
719.0 83.822
720.0 83.645
721.0 83.457
722.0 83.272
723.0 83.069999
724.0 82.882
725.0 82.689
726.0 82.473
727.0 82.258
728.0 82.054
729.0 81.839
730.0 81.640999
731.0 81.408999
732.0 81.21
733.0 81.008
734.0 80.792
735.0 80.565
736.0 80.367999
737.0 80.149
738.0 79.935999
739.0 79.737
740.0 79.542
741.0 79.348
742.0 79.156
743.0 78.967
744.0 78.792
745.0 78.602
746.0 78.428
747.0 78.265
748.0 78.077
749.0 77.922
750.0 77.754
751.0 77.627
752.0 77.468999
753.0 77.319999
754.0 77.2
755.0 77.062
756.0 76.929
757.0 76.813
758.0 76.693999
759.0 76.584
760.0 76.491
761.0 76.408
762.0 76.321
763.0 76.243
764.0 76.185999
765.0 76.090999
766.0 76.038
767.0 75.977999
768.0 75.927
769.0 75.908
770.0 75.864
771.0 75.831
772.0 75.827
773.0 75.797
774.0 75.805
775.0 75.795
776.0 75.797
777.0 75.804
778.0 75.807
779.0 75.834
780.0 75.858
781.0 75.89
782.0 75.924
783.0 75.961
784.0 76.022
785.0 76.068
786.0 76.134999
787.0 76.196
788.0 76.275
789.0 76.343
790.0 76.428
791.0 76.502
792.0 76.592
793.0 76.664
794.0 76.789
795.0 76.849999
796.0 76.956
797.0 77.071
798.0 77.173999
799.0 77.279
800.0 77.408
801.0 77.515
802.0 77.632
803.0 77.77
804.0 77.897
805.0 78.019
806.0 78.155
807.0 78.283
808.0 78.423
809.0 78.542999
810.0 78.700999
811.0 78.822999
812.0 78.966
813.0 79.11
814.0 79.256
815.0 79.387
816.0 79.515999
817.0 79.67
818.0 79.808
819.0 79.941
820.0 80.057999
821.0 80.2
822.0 80.325
823.0 80.474999
824.0 80.608999
825.0 80.746
826.0 80.863
827.0 80.991
828.0 81.116
829.0 81.233999
830.0 81.352999
831.0 81.494
832.0 81.584
833.0 81.711999
834.0 81.818
835.0 81.918
836.0 82.006999
837.0 82.105999
838.0 82.223
839.0 82.296
840.0 82.38
841.0 82.471999
842.0 82.556
843.0 82.604
844.0 82.687
845.0 82.759
846.0 82.795
847.0 82.87
848.0 82.92
849.0 82.957
850.0 83.02
851.0 83.04
852.0 83.065
853.0 83.102
854.0 83.125
855.0 83.140999
856.0 83.151
857.0 83.164
858.0 83.153
859.0 83.158
860.0 83.143
861.0 83.161
862.0 83.128999
863.0 83.11
864.0 83.08
865.0 83.056
866.0 83.011
867.0 82.984
868.0 82.937
869.0 82.884999
870.0 82.840999
871.0 82.775
872.0 82.715
873.0 82.638
874.0 82.598
875.0 82.506999
876.0 82.423999
877.0 82.360999
878.0 82.28
879.0 82.205
880.0 82.099999
881.0 82.018999
882.0 81.898
883.0 81.837999
884.0 81.737
885.0 81.639
886.0 81.527
887.0 81.417
888.0 81.312
889.0 81.19
890.0 81.088
891.0 80.971999
892.0 80.849999
893.0 80.739999
894.0 80.613999
895.0 80.513
896.0 80.384999
897.0 80.255
898.0 80.13
899.0 79.998
900.0 79.852999
901.0 79.744
902.0 79.619
903.0 79.477
904.0 79.364
905.0 79.244
906.0 79.117
907.0 78.995
908.0 78.849999
909.0 78.727
910.0 78.608
911.0 78.463
912.0 78.358999
913.0 78.227
914.0 78.101
915.0 77.988
916.0 77.864999
917.0 77.747
918.0 77.616
919.0 77.488
920.0 77.366999
921.0 77.268
922.0 77.172
923.0 77.026
924.0 76.905999
925.0 76.810999
926.0 76.697
927.0 76.595
928.0 76.464
929.0 76.392
930.0 76.291
931.0 76.185999
932.0 76.085
933.0 75.979
934.0 75.913
935.0 75.802
936.0 75.724
937.0 75.628
938.0 75.554
939.0 75.459
940.0 75.387
941.0 75.303
942.0 75.224
943.0 75.141
944.0 75.097
945.0 75.022
946.0 74.922
947.0 74.865
948.0 74.799
949.0 74.739999
950.0 74.68
951.0 74.639
952.0 74.573
953.0 74.52
954.0 74.471
955.0 74.414
956.0 74.397
957.0 74.342
958.0 74.306
959.0 74.272
960.0 74.241999
961.0 74.217
962.0 74.182999
963.0 74.18
964.0 74.146
965.0 74.11
966.0 74.090999
967.0 74.083
968.0 74.056999
969.0 74.047
970.0 74.022
971.0 74.009999
972.0 74.028
973.0 74.006
974.0 73.995
975.0 74.002
976.0 74.016
977.0 74.009999
978.0 74.056
979.0 74.048999
980.0 74.045
981.0 74.063
982.0 74.075999
983.0 74.102999
984.0 74.099
985.0 74.125
986.0 74.177
987.0 74.192
988.0 74.212999
989.0 74.244
990.0 74.267
991.0 74.303
992.0 74.322999
993.0 74.349
994.0 74.402
995.0 74.426999
996.0 74.473
997.0 74.53
998.0 74.57
999.0 74.617999
1000.0 74.657
1001.0 74.714
1002.0 74.78
1003.0 74.829
1004.0 74.9
1005.0 74.937
1006.0 75.006
1007.0 75.066999
1008.0 75.125
1009.0 75.185999
1010.0 75.236
1011.0 75.307999
1012.0 75.382
1013.0 75.426
1014.0 75.483999
1015.0 75.563
1016.0 75.621
1017.0 75.693999
1018.0 75.780999
1019.0 75.846
1020.0 75.914
1021.0 75.988
1022.0 76.042
1023.0 76.14
1024.0 76.157
1025.0 76.28
1026.0 76.319999
1027.0 76.427
1028.0 76.485
1029.0 76.571
1030.0 76.633
1031.0 76.724
1032.0 76.819
1033.0 76.896
1034.0 76.979
1035.0 77.06
1036.0 77.113
1037.0 77.223
1038.0 77.259
1039.0 77.351
1040.0 77.414
1041.0 77.515
1042.0 77.572
1043.0 77.669
1044.0 77.739999
1045.0 77.827
1046.0 77.877
1047.0 77.917999
1048.0 78.009
1049.0 78.074
1050.0 78.168
1051.0 78.259999
1052.0 78.31
1053.0 78.381
1054.0 78.428
1055.0 78.564
1056.0 78.628
1057.0 78.715999
1058.0 78.774
1059.0 78.81
1060.0 78.913
1061.0 78.974
1062.0 79.039
1063.0 79.11
1064.0 79.142
1065.0 79.259
1066.0 79.283
1067.0 79.345
1068.0 79.406
1069.0 79.464
1070.0 79.533
1071.0 79.547
1072.0 79.637999
1073.0 79.681
1074.0 79.767
1075.0 79.758
1076.0 79.88
1077.0 79.86
1078.0 79.944999
1079.0 79.996
1080.0 80.078999
1081.0 80.072
1082.0 80.08
1083.0 80.198
1084.0 80.186
1085.0 80.261
1086.0 80.28
1087.0 80.336
1088.0 80.340999
1089.0 80.388
1090.0 80.369
1091.0 80.384
1092.0 80.453
1093.0 80.466
1094.0 80.479999
1095.0 80.45
1096.0 80.572999
1097.0 80.526
1098.0 80.584999
1099.0 80.621
1100.0 80.58
