190.0 0.125
191.0 0.15
192.0 0.049
193.0 0.088
194.0 0.074
195.0 0.09
196.0 0.057
197.0 0.02
198.0 0.046
199.0 0.038
200.0 0.005
201.0 0.018
202.0 0.043
203.0 0.06
204.0 0.01
205.0 0.025
206.0 0.021
207.0 0.04
208.0 0.004
209.0 0.019
210.0 0.021
211.0 0.049
212.0 0.028
213.0 0.022
214.0 0.025
215.0 0.019
216.0 0.005
217.0 0.02
218.0 0.024
219.0 0.018
220.0 0.032
221.0 0.016
222.0 0.015
223.0 0.018
224.0 0.023
225.0 0.018
226.0 0.023
227.0 0.027
228.0 0.017
229.0 0.016
230.0 0.018
231.0 0.0
232.0 0.023
233.0 0.023
234.0 0.008
235.0 0.028
236.0 0.019
237.0 0.011
238.0 0.014
239.0 0.02
240.0 0.018
241.0 0.013
242.0 0.039
243.0 0.034
244.0 0.023
245.0 0.016
246.0 0.01
247.0 0.015
248.0 0.02
249.0 0.024
250.0 0.017
251.0 0.037
252.0 0.008
253.0 0.011
254.0 0.021
255.0 0.024
256.0 0.03
257.0 0.013
258.0 0.021
259.0 0.05
260.0 0.012
261.0 0.04
262.0 0.032
263.0 0.032
264.0 0.046
265.0 0.022
266.0 0.016
267.0 0.057
268.0 0.029
269.0 0.013
270.0 0.039
271.0 0.032
272.0 0.027
273.0 0.022
274.0 0.034
275.0 0.064
276.0 0.0
277.0 0.038
278.0 0.047
279.0 0.021
280.0 0.042
281.0 0.047
282.0 0.046
283.0 0.064
284.0 0.019
285.0 0.033
286.0 0.049
287.0 0.042
288.0 0.039
289.0 0.032
290.0 0.044
291.0 0.067
292.0 0.041
293.0 0.041
294.0 0.038
295.0 0.02
296.0 0.03
297.0 0.071
298.0 0.055
299.0 0.038
300.0 0.026
301.0 0.028
302.0 0.025
303.0 0.013
304.0 0.032
305.0 0.04
306.0 0.049
307.0 0.055999
308.0 0.068
309.0 0.006999
310.0 0.036
311.0 0.025
312.0 0.045
313.0 0.022
314.0 0.041
315.0 0.085999
316.0 0.055999
317.0 0.065
318.0 0.029
319.0 0.033
320.0 0.042
321.0 0.034
322.0 0.065
323.0 0.1
324.0 0.053
325.0 0.043
326.0 0.028
327.0 0.061
328.0 0.055
329.0 0.052
330.0 0.06
331.0 0.09
332.0 0.054
333.0 0.062
334.0 0.052
335.0 0.03
336.0 0.045
337.0 0.055999
338.0 0.053
339.0 0.075
340.0 0.069999
341.0 0.071
342.0 0.08
343.0 0.076
344.0 0.074
345.0 0.097
346.0 0.104
347.0 0.14
348.0 0.153
349.0 0.181
350.0 0.231
351.0 0.283
352.0 0.35
353.0 0.44
354.0 0.564
355.0 0.729
356.0 0.918
357.0 1.158
358.0 1.479
359.0 1.89
360.0 2.393
361.0 3.005
362.0 3.764
363.0 4.664
364.0 5.715
365.0 6.923
366.0 8.292
367.0 9.804
368.0 11.439
369.0 13.183
370.0 15.02
371.0 16.916
372.0 18.866
373.0 20.859
374.0 22.866
375.0 24.908
376.0 26.921
377.0 28.946
378.0 30.986
379.0 33.054
380.0 35.126
381.0 37.207
382.0 39.322
383.0 41.395
384.0 43.355
385.0 45.211
386.0 46.914
387.0 48.49
388.0 49.929
389.0 51.218
390.0 52.374
391.0 53.368
392.0 54.23
393.0 54.959
394.0 55.596
395.0 56.123
396.0 56.587
397.0 56.946
398.0 57.276
399.0 57.574
400.0 57.855
401.0 58.108
402.0 58.352
403.0 58.611
404.0 58.9
405.0 59.202
406.0 59.516
407.0 59.851
408.0 60.235
409.0 60.646
410.0 61.084
411.0 61.555
412.0 62.068
413.0 62.597
414.0 63.156
415.0 63.753
416.0 64.365
417.0 64.974
418.0 65.625999
419.0 66.285
420.0 66.931
421.0 67.889
422.0 68.553
423.0 69.23
424.0 69.894
425.0 70.486
426.0 71.136
427.0 71.742999
428.0 72.296
429.0 72.823
430.0 73.334
431.0 73.816
432.0 74.212
433.0 74.587999
434.0 74.890999
435.0 75.212
436.0 75.394
437.0 75.58
438.0 75.744999
439.0 75.854
440.0 75.932999
441.0 75.953
442.0 75.956
443.0 75.921
444.0 75.829
445.0 75.736999
446.0 75.599
447.0 75.489999
448.0 75.302
449.0 75.127
450.0 74.91
451.0 74.688
452.0 74.477
453.0 74.253999
454.0 74.015
455.0 73.797
456.0 73.551999
457.0 73.324999
458.0 73.117
459.0 72.884
460.0 72.697999
461.0 72.5
462.0 72.319
463.0 72.16
464.0 72.019
465.0 71.88
466.0 71.757
467.0 71.67
468.0 71.599
469.0 71.533999
470.0 71.489
471.0 71.474
472.0 71.482
473.0 71.507
474.0 71.536
475.0 71.577
476.0 71.672
477.0 71.771
478.0 71.883
479.0 72.009999
480.0 72.163
481.0 72.326
482.0 72.504
483.0 72.717
484.0 72.908
485.0 73.139
486.0 73.395
487.0 73.649
488.0 73.9
489.0 74.188
490.0 74.456999
491.0 74.773
492.0 75.061
493.0 75.358
494.0 75.661999
495.0 76.000999
496.0 76.322999
497.0 76.646999
498.0 76.986
499.0 77.33
500.0 77.685
501.0 77.999
502.0 78.342999
503.0 78.654
504.0 78.985
505.0 79.295
506.0 79.617
507.0 79.925
508.0 80.225
509.0 80.515
510.0 80.788
511.0 81.057999
512.0 81.323
513.0 81.571
514.0 81.823
515.0 82.027
516.0 82.244
517.0 82.473
518.0 82.643999
519.0 82.825999
520.0 83.002
521.0 83.13
522.0 83.277999
523.0 83.381
524.0 83.494999
525.0 83.587999
526.0 83.653
527.0 83.717
528.0 83.768
529.0 83.801
530.0 83.842
531.0 83.813
532.0 83.809
533.0 83.8
534.0 83.749
535.0 83.709999
536.0 83.642
537.0 83.599999
538.0 83.509
539.0 83.429
540.0 83.339
541.0 83.233
542.0 83.107
543.0 83.006
544.0 82.854
545.0 82.717
546.0 82.557999
547.0 82.426
548.0 82.26
549.0 82.096999
550.0 81.935
551.0 81.772
552.0 81.583
553.0 81.434
554.0 81.262999
555.0 81.107
556.0 80.923
557.0 80.765
558.0 80.593999
559.0 80.422
560.0 80.235999
561.0 80.077
562.0 79.886
563.0 79.742999
564.0 79.599
565.0 79.435
566.0 79.274999
567.0 79.125
568.0 78.97
569.0 78.841
570.0 78.717
571.0 78.593999
572.0 78.458
573.0 78.342999
574.0 78.215999
575.0 78.117999
576.0 78.014
577.0 77.925
578.0 77.829
579.0 77.732999
580.0 77.658
581.0 77.601
582.0 77.538
583.0 77.498
584.0 77.45
585.0 77.423
586.0 77.419
587.0 77.4
588.0 77.411
589.0 77.435
590.0 77.455
591.0 77.494
592.0 77.517
593.0 77.559
594.0 77.61
595.0 77.663
596.0 77.71
597.0 77.773
598.0 77.832
599.0 77.887
600.0 77.964
601.0 78.041
602.0 78.095
603.0 78.175
604.0 78.271999
605.0 78.348
606.0 78.44
607.0 78.527999
608.0 78.644
609.0 78.735999
610.0 78.842
611.0 78.951
612.0 79.066
613.0 79.187
614.0 79.301999
615.0 79.434
616.0 79.549
617.0 79.676
618.0 79.817
619.0 79.951
620.0 80.096
621.0 80.232
622.0 80.372
623.0 80.530999
624.0 80.674
625.0 80.83
626.0 80.982
627.0 81.135
628.0 81.277
629.0 81.444
630.0 81.589
631.0 81.765
632.0 81.920999
633.0 82.09
634.0 82.248
635.0 82.411
636.0 82.568
637.0 82.724
638.0 82.902
639.0 83.039
640.0 83.218
641.0 83.369
642.0 83.536
643.0 83.687
644.0 83.847
645.0 83.997
646.0 84.155999
647.0 84.301
648.0 84.44
649.0 84.601
650.0 84.744
651.0 84.872
652.0 85.029
653.0 85.164
654.0 85.296
655.0 85.423
656.0 85.545
657.0 85.685999
658.0 85.79
659.0 85.92
660.0 86.023
661.0 86.131
662.0 86.229999
663.0 86.339
664.0 86.433
665.0 86.544
666.0 86.628
667.0 86.697
668.0 86.791
669.0 86.866
670.0 86.936
671.0 86.994
672.0 87.065
673.0 87.099999
674.0 87.169
675.0 87.214
676.0 87.239
677.0 87.282
678.0 87.31
679.0 87.354
680.0 87.385
681.0 87.404
682.0 87.414
683.0 87.44
684.0 87.413
685.0 87.4
686.0 87.41
687.0 87.396
688.0 87.393
689.0 87.366999
690.0 87.355
691.0 87.326
692.0 87.304999
693.0 87.283
694.0 87.246
695.0 87.209
696.0 87.173999
697.0 87.113
698.0 87.068
699.0 87.029
700.0 86.975
701.0 86.92
702.0 86.853
703.0 86.792999
704.0 86.726
705.0 86.646999
706.0 86.583
707.0 86.512
708.0 86.422
709.0 86.355
710.0 86.282
711.0 86.18
712.0 86.105
713.0 86.023
714.0 85.931
715.0 85.839
716.0 85.757
717.0 85.653
718.0 85.578
719.0 85.471
720.0 85.371
721.0 85.268
722.0 85.177
723.0 85.08
724.0 84.983
725.0 84.869
726.0 84.777
727.0 84.672
728.0 84.56
729.0 84.457
730.0 84.346
731.0 84.253999
732.0 84.147
733.0 84.052
734.0 83.95
735.0 83.84
736.0 83.725
737.0 83.623
738.0 83.524
739.0 83.429
740.0 83.337
741.0 83.209999
742.0 83.12
743.0 83.006999
744.0 82.903
745.0 82.808
746.0 82.702
747.0 82.592
748.0 82.494999
749.0 82.426999
750.0 82.316999
751.0 82.227999
752.0 82.116
753.0 82.021999
754.0 81.938
755.0 81.840999
756.0 81.747
757.0 81.675
758.0 81.581999
759.0 81.502
760.0 81.404
761.0 81.309
762.0 81.23
763.0 81.140999
764.0 81.04
765.0 80.976
766.0 80.872
767.0 80.798999
768.0 80.7
769.0 80.601
770.0 80.545999
771.0 80.479
772.0 80.387
773.0 80.352
774.0 80.298999
775.0 80.259999
776.0 80.199
777.0 80.128
778.0 80.128999
779.0 80.093999
780.0 80.068
781.0 79.986
782.0 79.935
783.0 79.837
784.0 79.759
785.0 79.669
786.0 79.637999
787.0 79.583
788.0 79.545
789.0 79.52
790.0 79.483999
791.0 79.442
792.0 79.407
793.0 79.378
794.0 79.363
795.0 79.315
796.0 79.292
797.0 79.276
798.0 79.249
799.0 79.232
800.0 79.214
801.0 79.187
802.0 79.175
803.0 79.162
804.0 79.147
805.0 79.134
806.0 79.125
807.0 79.123
808.0 79.119
809.0 79.098
810.0 79.105
811.0 79.11
812.0 79.1
813.0 79.107
814.0 79.121
815.0 79.122
816.0 79.143
817.0 79.128
818.0 79.152999
819.0 79.157
820.0 79.171
821.0 79.166
822.0 79.209
823.0 79.238
824.0 79.262999
825.0 79.271999
826.0 79.285
827.0 79.318999
828.0 79.345
829.0 79.36
830.0 79.411
831.0 79.432999
832.0 79.465
833.0 79.503
834.0 79.52
835.0 79.576
836.0 79.601999
837.0 79.640999
838.0 79.684
839.0 79.711
840.0 79.766
841.0 79.815
842.0 79.844
843.0 79.919
844.0 79.959999
845.0 79.991
846.0 80.032
847.0 80.098
848.0 80.132
849.0 80.193
850.0 80.265
851.0 80.318
852.0 80.371
853.0 80.42
854.0 80.479999
855.0 80.545
856.0 80.596999
857.0 80.644
858.0 80.73
859.0 80.785
860.0 80.851
861.0 80.905
862.0 80.957
863.0 81.064
864.0 81.096
865.0 81.179999
866.0 81.230999
867.0 81.298
868.0 81.394
869.0 81.434
870.0 81.518999
871.0 81.567
872.0 81.671
873.0 81.726
874.0 81.785
875.0 81.858
876.0 81.93
877.0 81.996
878.0 82.081999
879.0 82.16
880.0 82.225
881.0 82.28
882.0 82.382
883.0 82.474
884.0 82.569999
885.0 82.669
886.0 82.764
887.0 82.867
888.0 82.929
889.0 83.021
890.0 83.108
891.0 83.187
892.0 83.256
893.0 83.337999
894.0 83.426999
895.0 83.512
896.0 83.607
897.0 83.672
898.0 83.74
899.0 83.823
900.0 83.911
901.0 83.973
902.0 84.023
903.0 84.082
904.0 84.16
905.0 84.241
906.0 84.321
907.0 84.372
908.0 84.441
909.0 84.473
910.0 84.519
911.0 84.584999
912.0 84.627
913.0 84.699
914.0 84.756
915.0 84.823
916.0 84.886
917.0 84.953999
918.0 85.043
919.0 85.127
920.0 85.181
921.0 85.262
922.0 85.326
923.0 85.401
924.0 85.480999
925.0 85.533
926.0 85.617
927.0 85.643
928.0 85.718
929.0 85.811
930.0 85.92
931.0 85.945
932.0 86.043
933.0 86.093
934.0 86.151
935.0 86.212
936.0 86.292
937.0 86.357
938.0 86.385
939.0 86.468
940.0 86.507
941.0 86.572999
942.0 86.621
943.0 86.689
944.0 86.741
945.0 86.792
946.0 86.846
947.0 86.906
948.0 86.955
949.0 86.949
950.0 87.005
951.0 87.054
952.0 87.097
953.0 87.145
954.0 87.204
955.0 87.265
956.0 87.331999
957.0 87.376
958.0 87.426999
959.0 87.438
960.0 87.523
961.0 87.518
962.0 87.597
963.0 87.631
964.0 87.673999
965.0 87.700999
966.0 87.744
967.0 87.761
968.0 87.806
969.0 87.843999
970.0 87.883
971.0 87.907
972.0 87.94
973.0 87.967
974.0 87.997
975.0 88.027
976.0 88.039999
977.0 88.109
978.0 88.13
979.0 88.14
980.0 88.203
981.0 88.273
982.0 88.274
983.0 88.299
984.0 88.322
985.0 88.354999
986.0 88.358
987.0 88.366999
988.0 88.401
989.0 88.409
990.0 88.429
991.0 88.427
992.0 88.492999
993.0 88.47
994.0 88.514
995.0 88.514
996.0 88.479
997.0 88.487
998.0 88.507
999.0 88.499
1000.0 88.500999
1001.0 88.527999
1002.0 88.563
1003.0 88.558
1004.0 88.566
1005.0 88.573
1006.0 88.571
1007.0 88.582
1008.0 88.585
1009.0 88.583
1010.0 88.571999
1011.0 88.571
1012.0 88.568
1013.0 88.566
1014.0 88.563999
1015.0 88.566
1016.0 88.553
1017.0 88.55
1018.0 88.554
1019.0 88.515
1020.0 88.53
1021.0 88.533
1022.0 88.486
1023.0 88.491
1024.0 88.446
1025.0 88.425
1026.0 88.429
1027.0 88.404
1028.0 88.455
1029.0 88.423
1030.0 88.404
1031.0 88.393
1032.0 88.361999
1033.0 88.351
1034.0 88.334
1035.0 88.304
1036.0 88.305
1037.0 88.277
1038.0 88.258
1039.0 88.227
1040.0 88.205
1041.0 88.197
1042.0 88.192
1043.0 88.155
1044.0 88.096
1045.0 88.109
1046.0 88.062
1047.0 88.045
1048.0 88.01
1049.0 87.989999
1050.0 87.926
1051.0 87.928
1052.0 87.91
1053.0 87.899
1054.0 87.857
1055.0 87.824
1056.0 87.812
1057.0 87.783
1058.0 87.746
1059.0 87.721999
1060.0 87.692
1061.0 87.628
1062.0 87.64
1063.0 87.555
1064.0 87.539999
1065.0 87.487
1066.0 87.505
1067.0 87.468
1068.0 87.378
1069.0 87.351
1070.0 87.291
1071.0 87.244
1072.0 87.246
1073.0 87.262
1074.0 87.192
1075.0 87.185
1076.0 87.129
1077.0 87.059
1078.0 87.078999
1079.0 86.987
1080.0 86.997999
1081.0 86.965
1082.0 86.938
1083.0 86.889
1084.0 86.874
1085.0 86.807999
1086.0 86.767
1087.0 86.717
1088.0 86.736999
1089.0 86.652
1090.0 86.599999
1091.0 86.599
1092.0 86.605
1093.0 86.509
1094.0 86.515
1095.0 86.46
1096.0 86.402999
1097.0 86.395
1098.0 86.362
1099.0 86.235
1100.0 86.221999
