190.0 0.105
191.0 0.143
192.0 0.037
193.0 0.105
194.0 0.064
195.0 0.097
196.0 0.051
197.0 0.036
198.0 0.028
199.0 0.037
200.0 0.038
201.0 0.039
202.0 0.022
203.0 0.059
204.0 0.036
205.0 0.042
206.0 0.035
207.0 0.024
208.0 0.028
209.0 0.026
210.0 0.026
211.0 0.055
212.0 0.042
213.0 0.027
214.0 0.022
215.0 0.028
216.0 0.028
217.0 0.027
218.0 0.023
219.0 0.041
220.0 0.037
221.0 0.025
222.0 0.015
223.0 0.012
224.0 0.028
225.0 0.034
226.0 0.04
227.0 0.035
228.0 0.02
229.0 0.035
230.0 0.024
231.0 0.02
232.0 0.026
233.0 0.034
234.0 0.019
235.0 0.036
236.0 0.021
237.0 0.022
238.0 0.02
239.0 0.027
240.0 0.015
241.0 0.016
242.0 0.017
243.0 0.04
244.0 0.026
245.0 0.019
246.0 0.022
247.0 0.022
248.0 0.017
249.0 0.015
250.0 0.044
251.0 0.034
252.0 0.039
253.0 0.033
254.0 0.018
255.0 0.011
256.0 0.04
257.0 0.033
258.0 0.029
259.0 0.052
260.0 0.024
261.0 0.026
262.0 0.017
263.0 0.033
264.0 0.032
265.0 0.043
266.0 0.034
267.0 0.063
268.0 0.039
269.0 0.05
270.0 0.04
271.0 0.049
272.0 0.044
273.0 0.05
274.0 0.05
275.0 0.071
276.0 0.048
277.0 0.05
278.0 0.04
279.0 0.028
280.0 0.058
281.0 0.033
282.0 0.044
283.0 0.068999
284.0 0.065
285.0 0.054
286.0 0.052
287.0 0.052
288.0 0.04
289.0 0.04
290.0 0.061
291.0 0.068
292.0 0.044
293.0 0.039
294.0 0.04
295.0 0.048
296.0 0.065
297.0 0.055
298.0 0.063
299.0 0.059
300.0 0.069999
301.0 0.053
302.0 0.063
303.0 0.076
304.0 0.038
305.0 0.066
306.0 0.034
307.0 0.095
308.0 0.055
309.0 0.038
310.0 0.043
311.0 0.039
312.0 0.053
313.0 0.044
314.0 0.103
315.0 0.109
316.0 0.061
317.0 0.052
318.0 0.058
319.0 0.052
320.0 0.052
321.0 0.082
322.0 0.074
323.0 0.078
324.0 0.052
325.0 0.063
326.0 0.053
327.0 0.069999
328.0 0.072
329.0 0.071
330.0 0.062
331.0 0.095
332.0 0.048
333.0 0.037
334.0 0.031
335.0 0.042
336.0 0.036
337.0 0.044
338.0 0.035
339.0 0.058
340.0 0.057
341.0 0.032
342.0 0.058
343.0 0.05
344.0 0.037
345.0 0.025
346.0 0.037
347.0 0.046
348.0 0.049
349.0 0.041
350.0 0.044
351.0 0.035
352.0 0.034
353.0 0.054
354.0 0.073
355.0 0.107
356.0 0.113
357.0 0.169
358.0 0.249
359.0 0.353
360.0 0.505
361.0 0.716
362.0 1.018
363.0 1.434
364.0 1.976
365.0 2.673
366.0 3.540999
367.0 4.619
368.0 5.875
369.0 7.361
370.0 9.031
371.0 10.891
372.0 12.902
373.0 15.047
374.0 17.261
375.0 19.52
376.0 21.771
377.0 24.05
378.0 26.313
379.0 28.56
380.0 30.826
381.0 33.098
382.0 35.392
383.0 37.673
384.0 39.972
385.0 42.11
386.0 44.196
387.0 46.208
388.0 48.126
389.0 49.984
390.0 51.737999
391.0 53.384
392.0 54.938
393.0 56.389
394.0 57.747
395.0 58.989
396.0 60.162
397.0 61.263
398.0 62.326
399.0 63.33
400.0 64.309
401.0 65.247999
402.0 66.175
403.0 67.088
404.0 67.983
405.0 68.848
406.0 69.684
407.0 70.502
408.0 71.287
409.0 72.05
410.0 72.777999
411.0 73.445
412.0 74.087999
413.0 74.676
414.0 75.226
415.0 75.672
416.0 76.09
417.0 76.459
418.0 76.766
419.0 77.015
420.0 77.202
421.0 77.741
422.0 77.903
423.0 78.003
424.0 78.112
425.0 78.205
426.0 78.274999
427.0 78.371
428.0 78.454
429.0 78.571
430.0 78.718
431.0 78.849
432.0 79.047
433.0 79.246
434.0 79.501
435.0 79.766
436.0 79.983999
437.0 80.264
438.0 80.589999
439.0 80.920999
440.0 81.233999
441.0 81.588
442.0 81.884999
443.0 82.218999
444.0 82.525
445.0 82.807
446.0 83.069
447.0 83.342
448.0 83.548999
449.0 83.77
450.0 83.941
451.0 84.080999
452.0 84.194999
453.0 84.259
454.0 84.315
455.0 84.338
456.0 84.336
457.0 84.313999
458.0 84.232
459.0 84.166
460.0 84.044
461.0 83.945
462.0 83.783
463.0 83.639
464.0 83.501
465.0 83.347
466.0 83.233
467.0 83.087
468.0 82.955
469.0 82.843
470.0 82.765999
471.0 82.709999
472.0 82.667
473.0 82.662
474.0 82.689
475.0 82.723
476.0 82.794
477.0 82.905
478.0 83.028
479.0 83.191999
480.0 83.363
481.0 83.536
482.0 83.779
483.0 84.023
484.0 84.304
485.0 84.560999
486.0 84.821
487.0 85.106
488.0 85.375999
489.0 85.677
490.0 85.931
491.0 86.233
492.0 86.488
493.0 86.783999
494.0 87.016
495.0 87.266
496.0 87.495
497.0 87.705
498.0 87.885
499.0 88.087999
500.0 88.232999
501.0 88.354999
502.0 88.479
503.0 88.558
504.0 88.66
505.0 88.675
506.0 88.699
507.0 88.705999
508.0 88.696
509.0 88.661999
510.0 88.581
511.0 88.508
512.0 88.414
513.0 88.288
514.0 88.169
515.0 88.024
516.0 87.877
517.0 87.691
518.0 87.531
519.0 87.373
520.0 87.158999
521.0 86.977
522.0 86.800999
523.0 86.639
524.0 86.444
525.0 86.288
526.0 86.133
527.0 85.977
528.0 85.863999
529.0 85.718999
530.0 85.607999
531.0 85.521999
532.0 85.446
533.0 85.378
534.0 85.354
535.0 85.319999
536.0 85.313
537.0 85.339
538.0 85.365
539.0 85.423
540.0 85.489999
541.0 85.575
542.0 85.687
543.0 85.786
544.0 85.916
545.0 86.06
546.0 86.214
547.0 86.355
548.0 86.523
549.0 86.724999
550.0 86.909
551.0 87.089
552.0 87.304999
553.0 87.515
554.0 87.708
555.0 87.929
556.0 88.148
557.0 88.34
558.0 88.563
559.0 88.753
560.0 88.968999
561.0 89.169
562.0 89.348
563.0 89.535
564.0 89.703
565.0 89.889
566.0 90.032
567.0 90.187
568.0 90.334
569.0 90.449
570.0 90.53
571.0 90.629
572.0 90.707
573.0 90.77
574.0 90.82
575.0 90.861
576.0 90.861
577.0 90.877
578.0 90.864
579.0 90.827
580.0 90.803
581.0 90.747
582.0 90.715
583.0 90.646
584.0 90.562
585.0 90.503
586.0 90.417999
587.0 90.336
588.0 90.251
589.0 90.163
590.0 90.071
591.0 89.964999
592.0 89.851
593.0 89.727
594.0 89.584
595.0 89.446
596.0 89.28
597.0 89.133
598.0 88.976
599.0 88.809
600.0 88.634999
601.0 88.453999
602.0 88.298
603.0 88.110999
604.0 87.931
605.0 87.758
606.0 87.602999
607.0 87.42
608.0 87.267
609.0 87.122999
610.0 86.98
611.0 86.829
612.0 86.706
613.0 86.589
614.0 86.483
615.0 86.372
616.0 86.295
617.0 86.221999
618.0 86.152
619.0 86.101
620.0 86.056
621.0 86.012
622.0 85.987
623.0 85.985
624.0 85.98
625.0 86.007
626.0 86.014
627.0 86.044
628.0 86.090999
629.0 86.155
630.0 86.205
631.0 86.304999
632.0 86.388
633.0 86.482
634.0 86.587999
635.0 86.706999
636.0 86.803
637.0 86.934
638.0 87.067
639.0 87.208
640.0 87.366
641.0 87.52
642.0 87.649999
643.0 87.837
644.0 87.989999
645.0 88.151
646.0 88.315
647.0 88.487
648.0 88.673
649.0 88.843
650.0 89.018
651.0 89.192
652.0 89.366
653.0 89.548
654.0 89.71
655.0 89.858999
656.0 90.03
657.0 90.192
658.0 90.34
659.0 90.499
660.0 90.637999
661.0 90.807999
662.0 90.920999
663.0 91.066
664.0 91.191999
665.0 91.303
666.0 91.396
667.0 91.518999
668.0 91.596
669.0 91.679
670.0 91.792
671.0 91.83
672.0 91.91
673.0 91.994
674.0 92.008
675.0 92.059
676.0 92.081999
677.0 92.096999
678.0 92.112
679.0 92.122
680.0 92.093
681.0 92.088
682.0 92.052
683.0 92.047
684.0 91.937
685.0 91.843
686.0 91.786
687.0 91.734
688.0 91.664
689.0 91.586999
690.0 91.501
691.0 91.396999
692.0 91.305
693.0 91.2
694.0 91.084
695.0 90.971999
696.0 90.849
697.0 90.693
698.0 90.563
699.0 90.417999
700.0 90.274
701.0 90.122
702.0 89.983999
703.0 89.825999
704.0 89.658
705.0 89.509
706.0 89.33
707.0 89.176
708.0 88.992999
709.0 88.827
710.0 88.655
711.0 88.49
712.0 88.315999
713.0 88.144
714.0 87.98
715.0 87.817
716.0 87.646
717.0 87.465999
718.0 87.309
719.0 87.157
720.0 87.003
721.0 86.834999
722.0 86.687
723.0 86.538
724.0 86.401
725.0 86.255
726.0 86.119999
727.0 85.974999
728.0 85.866
729.0 85.74
730.0 85.619999
731.0 85.5
732.0 85.414
733.0 85.315
734.0 85.211
735.0 85.117
736.0 85.052
737.0 84.962
738.0 84.874
739.0 84.814
740.0 84.752
741.0 84.716
742.0 84.67
743.0 84.614
744.0 84.579
745.0 84.566
746.0 84.542
747.0 84.526
748.0 84.507
749.0 84.509999
750.0 84.521
751.0 84.523
752.0 84.532
753.0 84.548999
754.0 84.582
755.0 84.617
756.0 84.646999
757.0 84.687
758.0 84.753
759.0 84.77
760.0 84.846
761.0 84.896
762.0 84.973
763.0 85.035
764.0 85.09
765.0 85.187
766.0 85.265999
767.0 85.343
768.0 85.417
769.0 85.488
770.0 85.607999
771.0 85.684
772.0 85.78
773.0 85.914999
774.0 86.071
775.0 86.209999
776.0 86.327
777.0 86.489
778.0 86.653
779.0 86.834999
780.0 86.973999
781.0 87.054
782.0 87.155
783.0 87.212999
784.0 87.26
785.0 87.346999
786.0 87.447
787.0 87.578999
788.0 87.703
789.0 87.854
790.0 88.002
791.0 88.161
792.0 88.31
793.0 88.432999
794.0 88.586
795.0 88.739999
796.0 88.849999
797.0 89.002
798.0 89.14
799.0 89.266
800.0 89.392
801.0 89.499
802.0 89.632
803.0 89.75
804.0 89.88
805.0 89.986
806.0 90.088
807.0 90.194
808.0 90.282
809.0 90.416
810.0 90.498
811.0 90.601
812.0 90.696
813.0 90.768
814.0 90.861
815.0 90.963
816.0 91.003999
817.0 91.088
818.0 91.171
819.0 91.22
820.0 91.288
821.0 91.357999
822.0 91.412
823.0 91.459999
824.0 91.479999
825.0 91.529
826.0 91.573
827.0 91.590999
828.0 91.627
829.0 91.64
830.0 91.679999
831.0 91.691999
832.0 91.703999
833.0 91.694
834.0 91.71
835.0 91.714
836.0 91.694
837.0 91.691999
838.0 91.672
839.0 91.651
840.0 91.617999
841.0 91.599
842.0 91.574
843.0 91.530999
844.0 91.477
845.0 91.449
846.0 91.396999
847.0 91.346
848.0 91.309
849.0 91.25
850.0 91.152999
851.0 91.12
852.0 91.054999
853.0 90.947
854.0 90.905999
855.0 90.828
856.0 90.752
857.0 90.647
858.0 90.574
859.0 90.479
860.0 90.389
861.0 90.302
862.0 90.211
863.0 90.098999
864.0 90.011
865.0 89.908
866.0 89.819999
867.0 89.718
868.0 89.598999
869.0 89.500999
870.0 89.414
871.0 89.285
872.0 89.165
873.0 89.043
874.0 88.949
875.0 88.829
876.0 88.708
877.0 88.601
878.0 88.473
879.0 88.348
880.0 88.251
881.0 88.119
882.0 88.026
883.0 87.925
884.0 87.849999
885.0 87.78
886.0 87.727
887.0 87.617999
888.0 87.518
889.0 87.438
890.0 87.314
891.0 87.231
892.0 87.127
893.0 87.039
894.0 86.953
895.0 86.854
896.0 86.77
897.0 86.656
898.0 86.560999
899.0 86.46
900.0 86.375999
901.0 86.272
902.0 86.170999
903.0 86.075999
904.0 85.96
905.0 85.861
906.0 85.753
907.0 85.654
908.0 85.547
909.0 85.429999
910.0 85.321
911.0 85.214
912.0 85.134
913.0 85.04
914.0 84.950999
915.0 84.874
916.0 84.811
917.0 84.748
918.0 84.674
919.0 84.628
920.0 84.577
921.0 84.53
922.0 84.486
923.0 84.467
924.0 84.428
925.0 84.389
926.0 84.316
927.0 84.28
928.0 84.255
929.0 84.238
930.0 84.214999
931.0 84.194
932.0 84.164
933.0 84.145
934.0 84.142
935.0 84.124
936.0 84.104
937.0 84.092
938.0 84.086
939.0 84.066
940.0 84.077
941.0 84.077
942.0 84.084
943.0 84.082
944.0 84.092999
945.0 84.087999
946.0 84.114
947.0 84.104
948.0 84.114
949.0 84.111
950.0 84.154
951.0 84.166
952.0 84.17
953.0 84.213
954.0 84.235
955.0 84.303
956.0 84.35
957.0 84.396
958.0 84.432
959.0 84.429
960.0 84.496
961.0 84.55
962.0 84.58
963.0 84.637
964.0 84.682
965.0 84.717
966.0 84.759
967.0 84.833
968.0 84.902999
969.0 84.949
970.0 85.024999
971.0 85.082
972.0 85.15
973.0 85.223
974.0 85.289999
975.0 85.355999
976.0 85.418
977.0 85.497
978.0 85.556
979.0 85.64
980.0 85.785
981.0 85.904
982.0 85.968999
983.0 86.059
984.0 86.129
985.0 86.206999
986.0 86.292
987.0 86.393
988.0 86.467
989.0 86.545
990.0 86.634999
991.0 86.711
992.0 86.797
993.0 86.896
994.0 87.000999
995.0 87.036999
996.0 87.144
997.0 87.221999
998.0 87.338
999.0 87.395
1000.0 87.485
1001.0 87.601
1002.0 87.694
1003.0 87.792
1004.0 87.873
1005.0 87.971
1006.0 88.047
1007.0 88.151
1008.0 88.22
1009.0 88.331
1010.0 88.413
1011.0 88.512
1012.0 88.593
1013.0 88.679
1014.0 88.768999
1015.0 88.872
1016.0 88.941
1017.0 89.046
1018.0 89.117999
1019.0 89.195
1020.0 89.265
1021.0 89.369
1022.0 89.482
1023.0 89.546
1024.0 89.610999
1025.0 89.703
1026.0 89.768
1027.0 89.822
1028.0 89.967
1029.0 90.051
1030.0 90.101
1031.0 90.18
1032.0 90.244
1033.0 90.315
1034.0 90.403
1035.0 90.458
1036.0 90.527999
1037.0 90.607
1038.0 90.698
1039.0 90.735
1040.0 90.801
1041.0 90.881999
1042.0 90.908999
1043.0 90.978
1044.0 91.029
1045.0 91.093999
1046.0 91.164
1047.0 91.21
1048.0 91.238
1049.0 91.357
1050.0 91.376
1051.0 91.403
1052.0 91.473
1053.0 91.506
1054.0 91.554
1055.0 91.554
1056.0 91.663
1057.0 91.661
1058.0 91.691999
1059.0 91.766
1060.0 91.793
1061.0 91.851
1062.0 91.883
1063.0 91.839
1064.0 91.901
1065.0 91.891
1066.0 91.925
1067.0 92.007
1068.0 91.973
1069.0 92.045
1070.0 92.071
1071.0 92.015999
1072.0 92.012
1073.0 92.022
1074.0 92.098
1075.0 92.105
1076.0 92.139
1077.0 92.095
1078.0 92.090999
1079.0 92.131
1080.0 92.134
1081.0 92.158
1082.0 92.145
1083.0 92.11
1084.0 92.134
1085.0 92.1
1086.0 92.09
1087.0 92.184999
1088.0 92.026
1089.0 92.108999
1090.0 92.038
1091.0 92.032
1092.0 92.056
1093.0 92.065
1094.0 91.978
1095.0 91.940999
1096.0 91.916
1097.0 91.920999
1098.0 91.857
1099.0 91.816
1100.0 91.869999
