190.0 0.068
191.0 0.094
192.0 0.029
193.0 0.066
194.0 0.028
195.0 0.068
196.0 0.049
197.0 0.023
198.0 0.046
199.0 0.032
200.0 0.027
201.0 0.02
202.0 0.04
203.0 0.048
204.0 0.012
205.0 0.043
206.0 0.036
207.0 0.018
208.0 0.045
209.0 0.027
210.0 0.012
211.0 0.039
212.0 0.019
213.0 0.024
214.0 0.011
215.0 0.016
216.0 0.031
217.0 0.045
218.0 0.037
219.0 0.021
220.0 0.026
221.0 0.013
222.0 0.019
223.0 0.026
224.0 0.016
225.0 0.031
226.0 0.005
227.0 0.048
228.0 0.029
229.0 0.018
230.0 0.009
231.0 0.025
232.0 0.012
233.0 0.009
234.0 0.02
235.0 0.039
236.0 0.014
237.0 0.014
238.0 0.006999
239.0 0.024
240.0 0.02
241.0 0.01
242.0 0.025
243.0 0.027
244.0 0.017
245.0 0.021
246.0 0.029
247.0 0.013
248.0 0.009
249.0 0.009
250.0 0.02
251.0 0.029
252.0 0.025
253.0 0.012
254.0 0.019
255.0 0.017
256.0 0.01
257.0 0.013
258.0 0.021
259.0 0.046
260.0 0.025
261.0 0.036
262.0 0.015
263.0 0.026
264.0 0.023
265.0 0.016
266.0 0.02
267.0 0.05
268.0 0.006
269.0 0.031
270.0 0.035
271.0 0.05
272.0 0.015
273.0 0.017
274.0 0.034
275.0 0.057
276.0 0.028
277.0 0.072
278.0 0.044
279.0 0.037
280.0 0.042
281.0 0.039
282.0 0.032
283.0 0.067
284.0 0.006999
285.0 0.038
286.0 0.035
287.0 0.032
288.0 0.036
289.0 0.041
290.0 0.039
291.0 0.095
292.0 0.049
293.0 0.028
294.0 0.021
295.0 0.041
296.0 0.038
297.0 0.052
298.0 0.038
299.0 0.073
300.0 0.06
301.0 0.022
302.0 0.028
303.0 0.027
304.0 0.046
305.0 0.019
306.0 0.045
307.0 0.068
308.0 0.04
309.0 0.052
310.0 0.031
311.0 0.025
312.0 0.016
313.0 0.044
314.0 0.027
315.0 0.080999
316.0 0.055999
317.0 0.042
318.0 0.052
319.0 0.036
320.0 0.062
321.0 0.046
322.0 0.058
323.0 0.071
324.0 0.027
325.0 0.068999
326.0 0.026
327.0 0.233
328.0 0.25
329.0 0.247
330.0 0.236
331.0 0.247
332.0 0.226
333.0 0.228
334.0 0.236
335.0 0.209
336.0 0.196
337.0 0.195
338.0 0.196
339.0 0.219
340.0 0.201
341.0 0.185
342.0 0.21
343.0 0.198
344.0 0.213
345.0 0.225
346.0 0.228
347.0 0.254
348.0 0.266
349.0 0.298
350.0 0.321
351.0 0.373
352.0 0.441
353.0 0.518
354.0 0.637
355.0 0.796999
356.0 0.958
357.0 1.209
358.0 1.51
359.0 1.878
360.0 2.366
361.0 2.934
362.0 3.652
363.0 4.512
364.0 5.499
365.0 6.651
366.0 7.941
367.0 9.399
368.0 11.003
369.0 12.713
370.0 14.535
371.0 16.476
372.0 18.485
373.0 20.607
374.0 22.722
375.0 24.881
376.0 27.017
377.0 29.169
378.0 31.292
379.0 33.4
380.0 35.433
381.0 37.479
382.0 39.414
383.0 41.128
384.0 42.697
385.0 44.218
386.0 45.542
387.0 46.749
388.0 47.802
389.0 48.729
390.0 49.562
391.0 50.296
392.0 50.941
393.0 51.518
394.0 52.056
395.0 52.551
396.0 53.032999
397.0 53.515
398.0 53.994
399.0 54.464
400.0 54.961
401.0 55.446
402.0 55.978
403.0 56.535
404.0 57.129
405.0 57.721999
406.0 58.343
407.0 58.997
408.0 59.675999
409.0 60.384
410.0 61.090999
411.0 61.848
412.0 62.594
413.0 63.353
414.0 64.105999
415.0 64.857
416.0 65.604
417.0 66.31
418.0 67.015999
419.0 67.746
420.0 68.363
421.0 69.471
422.0 70.069
423.0 70.615
424.0 71.143
425.0 71.569999
426.0 72.011
427.0 72.373
428.0 72.661
429.0 72.919
430.0 73.143999
431.0 73.289
432.0 73.390999
433.0 73.456999
434.0 73.429999
435.0 73.434999
436.0 73.345
437.0 73.229999
438.0 73.129
439.0 72.973
440.0 72.824
441.0 72.622
442.0 72.425
443.0 72.233
444.0 71.997
445.0 71.792
446.0 71.566
447.0 71.327
448.0 71.12
449.0 70.919
450.0 70.682
451.0 70.506999
452.0 70.337
453.0 70.166
454.0 70.015
455.0 69.86
456.0 69.735
457.0 69.608
458.0 69.533999
459.0 69.434
460.0 69.384999
461.0 69.331
462.0 69.313999
463.0 69.31
464.0 69.342
465.0 69.367999
466.0 69.408999
467.0 69.482999
468.0 69.593
469.0 69.706999
470.0 69.840999
471.0 69.996
472.0 70.158
473.0 70.346
474.0 70.537
475.0 70.749
476.0 70.986999
477.0 71.232
478.0 71.488
479.0 71.764
480.0 72.054
481.0 72.335
482.0 72.637
483.0 72.962
484.0 73.277999
485.0 73.598
486.0 73.923
487.0 74.271
488.0 74.601
489.0 74.953999
490.0 75.283999
491.0 75.634
492.0 75.951
493.0 76.283999
494.0 76.622999
495.0 76.939
496.0 77.261
497.0 77.586
498.0 77.928
499.0 78.219
500.0 78.515999
501.0 78.791
502.0 79.057
503.0 79.308
504.0 79.554999
505.0 79.773
506.0 79.999
507.0 80.200999
508.0 80.378
509.0 80.561
510.0 80.696
511.0 80.852999
512.0 80.974
513.0 81.103
514.0 81.191
515.0 81.265
516.0 81.339
517.0 81.398
518.0 81.41
519.0 81.438999
520.0 81.47
521.0 81.43
522.0 81.432
523.0 81.401
524.0 81.37
525.0 81.293
526.0 81.235
527.0 81.14
528.0 81.084
529.0 80.986999
530.0 80.88
531.0 80.750999
532.0 80.642
533.0 80.518999
534.0 80.367999
535.0 80.234
536.0 80.076
537.0 79.943
538.0 79.801999
539.0 79.648
540.0 79.477
541.0 79.329
542.0 79.149999
543.0 79.003
544.0 78.822
545.0 78.673
546.0 78.476
547.0 78.334
548.0 78.16
549.0 78.003
550.0 77.845
551.0 77.682
552.0 77.527999
553.0 77.403
554.0 77.247
555.0 77.058
556.0 76.917
557.0 76.789
558.0 76.649
559.0 76.533
560.0 76.388
561.0 76.289
562.0 76.196
563.0 76.102
564.0 76.011
565.0 75.916
566.0 75.843
567.0 75.744999
568.0 75.677
569.0 75.617
570.0 75.549
571.0 75.502
572.0 75.446
573.0 75.402999
574.0 75.371
575.0 75.341
576.0 75.326
577.0 75.314
578.0 75.295
579.0 75.283999
580.0 75.301
581.0 75.322
582.0 75.334999
583.0 75.367999
584.0 75.398
585.0 75.444999
586.0 75.505
587.0 75.571999
588.0 75.641
589.0 75.727
590.0 75.801
591.0 75.901
592.0 76.000999
593.0 76.099999
594.0 76.217
595.0 76.331999
596.0 76.447
597.0 76.559
598.0 76.675
599.0 76.795999
600.0 76.929
601.0 77.06
602.0 77.178
603.0 77.316
604.0 77.456999
605.0 77.590999
606.0 77.739999
607.0 77.892
608.0 78.039999
609.0 78.181
610.0 78.325
611.0 78.483
612.0 78.635
613.0 78.810999
614.0 78.95
615.0 79.117999
616.0 79.27
617.0 79.435999
618.0 79.596999
619.0 79.758
620.0 79.934
621.0 80.091
622.0 80.250999
623.0 80.422
624.0 80.584999
625.0 80.732
626.0 80.896999
627.0 81.056
628.0 81.221
629.0 81.38
630.0 81.523
631.0 81.674
632.0 81.845
633.0 81.982999
634.0 82.143
635.0 82.282
636.0 82.443999
637.0 82.583
638.0 82.724
639.0 82.846
640.0 82.98
641.0 83.12
642.0 83.242
643.0 83.364
644.0 83.494
645.0 83.599999
646.0 83.714999
647.0 83.84
648.0 83.926
649.0 84.041
650.0 84.143
651.0 84.218
652.0 84.316
653.0 84.416
654.0 84.480999
655.0 84.56
656.0 84.631999
657.0 84.717
658.0 84.774
659.0 84.843
660.0 84.895
661.0 84.936
662.0 84.985999
663.0 85.031
664.0 85.055
665.0 85.096
666.0 85.13
667.0 85.126
668.0 85.16
669.0 85.175
670.0 85.177
671.0 85.169
672.0 85.168
673.0 85.173
674.0 85.178
675.0 85.143
676.0 85.114
677.0 85.104
678.0 85.083
679.0 85.057
680.0 85.024
681.0 84.97
682.0 84.933
683.0 84.895
684.0 84.836
685.0 84.788
686.0 84.730999
687.0 84.657
688.0 84.614
689.0 84.536
690.0 84.47
691.0 84.401
692.0 84.324
693.0 84.244
694.0 84.170999
695.0 84.075
696.0 84.002
697.0 83.909
698.0 83.807
699.0 83.733999
700.0 83.639
701.0 83.552
702.0 83.447999
703.0 83.348
704.0 83.249
705.0 83.149
706.0 83.045
707.0 82.943
708.0 82.831
709.0 82.738
710.0 82.624
711.0 82.5
712.0 82.415
713.0 82.311
714.0 82.199
715.0 82.077
716.0 81.977
717.0 81.876
718.0 81.759
719.0 81.655999
720.0 81.541
721.0 81.429
722.0 81.337
723.0 81.218999
724.0 81.123
725.0 81.014
726.0 80.899
727.0 80.789999
728.0 80.675
729.0 80.584
730.0 80.483999
731.0 80.395
732.0 80.283
733.0 80.187
734.0 80.089999
735.0 79.97
736.0 79.888
737.0 79.789
738.0 79.693
739.0 79.605999
740.0 79.512
741.0 79.43
742.0 79.336
743.0 79.251
744.0 79.164
745.0 79.069
746.0 78.992999
747.0 78.907
748.0 78.809
749.0 78.763
750.0 78.68
751.0 78.605999
752.0 78.517
753.0 78.455
754.0 78.378
755.0 78.312
756.0 78.241
757.0 78.194
758.0 78.11
759.0 78.059
760.0 77.975
761.0 77.905999
762.0 77.854
763.0 77.783999
764.0 77.73
765.0 77.694
766.0 77.616
767.0 77.571
768.0 77.508
769.0 77.447999
770.0 77.412
771.0 77.37
772.0 77.313
773.0 77.29
774.0 77.254
775.0 77.242
776.0 77.208
777.0 77.176
778.0 77.169
779.0 77.16
780.0 77.136
781.0 77.105999
782.0 77.085
783.0 77.021
784.0 76.99
785.0 76.934
786.0 76.932999
787.0 76.909
788.0 76.878
789.0 76.89
790.0 76.889
791.0 76.878
792.0 76.866
793.0 76.861
794.0 76.877
795.0 76.849
796.0 76.853
797.0 76.857
798.0 76.852
799.0 76.865
800.0 76.866999
801.0 76.857
802.0 76.875
803.0 76.896
804.0 76.904
805.0 76.923
806.0 76.920999
807.0 76.966
808.0 76.968999
809.0 76.988999
810.0 77.015
811.0 77.039999
812.0 77.051999
813.0 77.092
814.0 77.095
815.0 77.141
816.0 77.176
817.0 77.2
818.0 77.227
819.0 77.268
820.0 77.316
821.0 77.342999
822.0 77.383
823.0 77.435
824.0 77.492
825.0 77.505
826.0 77.559
827.0 77.604
828.0 77.628
829.0 77.673
830.0 77.745
831.0 77.78
832.0 77.822999
833.0 77.872
834.0 77.912
835.0 77.99
836.0 78.033
837.0 78.112
838.0 78.149
839.0 78.188999
840.0 78.247999
841.0 78.321
842.0 78.38
843.0 78.455
844.0 78.503
845.0 78.561
846.0 78.619
847.0 78.688
848.0 78.742999
849.0 78.8
850.0 78.885
851.0 78.964
852.0 79.006
853.0 79.077
854.0 79.144
855.0 79.218999
856.0 79.267
857.0 79.344
858.0 79.422
859.0 79.499
860.0 79.559
861.0 79.639
862.0 79.684
863.0 79.771999
864.0 79.833
865.0 79.915
866.0 79.983
867.0 80.045
868.0 80.125999
869.0 80.212
870.0 80.274999
871.0 80.34
872.0 80.438
873.0 80.5
874.0 80.566999
875.0 80.63
876.0 80.717
877.0 80.784
878.0 80.861999
879.0 80.929
880.0 80.988
881.0 81.079
882.0 81.14
883.0 81.233999
884.0 81.324
885.0 81.399999
886.0 81.486
887.0 81.562
888.0 81.64
889.0 81.73
890.0 81.774999
891.0 81.872
892.0 81.938999
893.0 81.992
894.0 82.083
895.0 82.157
896.0 82.23
897.0 82.321
898.0 82.367999
899.0 82.459
900.0 82.509
901.0 82.584999
902.0 82.621
903.0 82.691
904.0 82.74
905.0 82.831
906.0 82.904
907.0 82.933
908.0 82.997
909.0 83.048999
910.0 83.09
911.0 83.155
912.0 83.206999
913.0 83.257
914.0 83.315
915.0 83.367
916.0 83.438
917.0 83.505
918.0 83.56
919.0 83.626
920.0 83.667
921.0 83.75
922.0 83.792
923.0 83.866
924.0 83.913
925.0 83.974999
926.0 83.994
927.0 84.053
928.0 84.092999
929.0 84.162
930.0 84.248
931.0 84.268
932.0 84.327
933.0 84.386
934.0 84.423
935.0 84.462
936.0 84.527
937.0 84.566
938.0 84.587999
939.0 84.648
940.0 84.68
941.0 84.746
942.0 84.769
943.0 84.814
944.0 84.824999
945.0 84.872
946.0 84.907
947.0 84.946
948.0 84.94
949.0 84.952
950.0 84.995
951.0 85.019
952.0 85.045
953.0 85.051
954.0 85.091
955.0 85.146999
956.0 85.182
957.0 85.230999
958.0 85.248
959.0 85.265999
960.0 85.319999
961.0 85.289999
962.0 85.343
963.0 85.363
964.0 85.37
965.0 85.397
966.0 85.406
967.0 85.422
968.0 85.453
969.0 85.452
970.0 85.473
971.0 85.504
972.0 85.512
973.0 85.511
974.0 85.514
975.0 85.523
976.0 85.536
977.0 85.587
978.0 85.57
979.0 85.567
980.0 85.626
981.0 85.673
982.0 85.673999
983.0 85.685999
984.0 85.67
985.0 85.685
986.0 85.679
987.0 85.672
988.0 85.694
989.0 85.682
990.0 85.666
991.0 85.67
992.0 85.685999
993.0 85.678
994.0 85.670999
995.0 85.634999
996.0 85.587
997.0 85.593
998.0 85.604
999.0 85.587999
1000.0 85.58
1001.0 85.58
1002.0 85.572999
1003.0 85.580999
1004.0 85.559
1005.0 85.562
1006.0 85.546
1007.0 85.533999
1008.0 85.533
1009.0 85.52
1010.0 85.468999
1011.0 85.492
1012.0 85.445
1013.0 85.448
1014.0 85.422
1015.0 85.414999
1016.0 85.375
1017.0 85.377
1018.0 85.37
1019.0 85.307
1020.0 85.307
1021.0 85.273
1022.0 85.206999
1023.0 85.196
1024.0 85.15
1025.0 85.142
1026.0 85.117
1027.0 85.096
1028.0 85.102999
1029.0 85.068
1030.0 85.031
1031.0 85.044
1032.0 84.965
1033.0 84.971
1034.0 84.943
1035.0 84.911999
1036.0 84.877
1037.0 84.86
1038.0 84.81
1039.0 84.809
1040.0 84.762
1041.0 84.726
1042.0 84.714999
1043.0 84.670999
1044.0 84.628
1045.0 84.613
1046.0 84.551
1047.0 84.503
1048.0 84.482
1049.0 84.444
1050.0 84.406
1051.0 84.363999
1052.0 84.363
1053.0 84.336
1054.0 84.284
1055.0 84.241999
1056.0 84.255
1057.0 84.196
1058.0 84.13
1059.0 84.116999
1060.0 84.111
1061.0 84.045999
1062.0 84.024
1063.0 83.964
1064.0 83.935999
1065.0 83.852
1066.0 83.858999
1067.0 83.882
1068.0 83.75
1069.0 83.716
1070.0 83.664
1071.0 83.574
1072.0 83.633
1073.0 83.596
1074.0 83.557999
1075.0 83.518
1076.0 83.505
1077.0 83.394
1078.0 83.425
1079.0 83.336
1080.0 83.369
1081.0 83.315
1082.0 83.272
1083.0 83.217
1084.0 83.19
1085.0 83.126
1086.0 83.148
1087.0 83.032
1088.0 83.033999
1089.0 82.907
1090.0 82.957
1091.0 82.886
1092.0 82.889
1093.0 82.768
1094.0 82.804
1095.0 82.762999
1096.0 82.787
1097.0 82.681
1098.0 82.636
1099.0 82.598
1100.0 82.537
