190.0 0.114
191.0 0.12
192.0 0.048
193.0 0.076
194.0 0.064
195.0 0.075
196.0 0.038
197.0 0.051
198.0 0.022
199.0 0.033
200.0 0.039
201.0 0.026
202.0 0.032
203.0 0.063
204.0 0.015
205.0 0.032
206.0 0.032
207.0 0.031
208.0 0.011
209.0 0.036
210.0 0.034
211.0 0.03
212.0 0.026
213.0 0.033
214.0 0.021
215.0 0.024
216.0 0.02
217.0 0.031
218.0 0.032
219.0 0.038
220.0 0.026
221.0 0.017
222.0 0.023
223.0 0.017
224.0 0.026
225.0 0.027
226.0 0.024
227.0 0.037
228.0 0.023
229.0 0.021
230.0 0.024
231.0 0.011
232.0 0.016
233.0 0.017
234.0 0.021
235.0 0.027
236.0 0.018
237.0 0.028
238.0 0.027
239.0 0.021
240.0 0.022
241.0 0.02
242.0 0.022
243.0 0.018
244.0 0.014
245.0 0.028
246.0 0.018
247.0 0.016
248.0 0.012
249.0 0.018
250.0 0.032
251.0 0.036
252.0 0.023
253.0 0.015
254.0 0.025
255.0 0.037
256.0 0.024
257.0 0.03
258.0 0.032
259.0 0.027
260.0 0.019
261.0 0.022
262.0 0.022
263.0 0.021
264.0 0.027
265.0 0.055999
266.0 0.028
267.0 0.055
268.0 0.041
269.0 0.034
270.0 0.03
271.0 0.025
272.0 0.032
273.0 0.039
274.0 0.045
275.0 0.076
276.0 0.041
277.0 0.03
278.0 0.029
279.0 0.047
280.0 0.048
281.0 0.043
282.0 0.071
283.0 0.06
284.0 0.048
285.0 0.04
286.0 0.047
287.0 0.034
288.0 0.023
289.0 0.049
290.0 0.077
291.0 0.048
292.0 0.049
293.0 0.032
294.0 0.04
295.0 0.049
296.0 0.041
297.0 0.052
298.0 0.053
299.0 0.075
300.0 0.062
301.0 -0.005
302.0 0.037
303.0 0.042
304.0 0.044
305.0 0.039
306.0 0.039
307.0 0.073
308.0 0.047
309.0 0.031
310.0 0.051
311.0 0.051
312.0 0.055999
313.0 0.058
314.0 0.055
315.0 0.093
316.0 0.034
317.0 0.061
318.0 0.073
319.0 0.059
320.0 0.041
321.0 0.041
322.0 0.091
323.0 0.094
324.0 0.117
325.0 0.082
326.0 0.036
327.0 0.347
328.0 0.329
329.0 0.343
330.0 0.324
331.0 0.34
332.0 0.292
333.0 0.294
334.0 0.298
335.0 0.301
336.0 0.288
337.0 0.309
338.0 0.275
339.0 0.299
340.0 0.285
341.0 0.275
342.0 0.271
343.0 0.282
344.0 0.304
345.0 0.302
346.0 0.329
347.0 0.343
348.0 0.361
349.0 0.397
350.0 0.44
351.0 0.502
352.0 0.576
353.0 0.676
354.0 0.8
355.0 0.963
356.0 1.153
357.0 1.396
358.0 1.72
359.0 2.113
360.0 2.616
361.0 3.193
362.0 3.921
363.0 4.801
364.0 5.813
365.0 6.986
366.0 8.332
367.0 9.843
368.0 11.483
369.0 13.236
370.0 15.09
371.0 16.961
372.0 18.836
373.0 20.685
374.0 22.463
375.0 24.138
376.0 25.703
377.0 27.201
378.0 28.598
379.0 29.989
380.0 31.334
381.0 32.656
382.0 34.02
383.0 35.337
384.0 36.626
385.0 37.974
386.0 39.274
387.0 40.581
388.0 41.903
389.0 43.211
390.0 44.541
391.0 45.853
392.0 47.156
393.0 48.42
394.0 49.656
395.0 50.839
396.0 51.986
397.0 53.089
398.0 54.136
399.0 55.113
400.0 56.004
401.0 56.81
402.0 57.541
403.0 58.194999
404.0 58.758
405.0 59.251
406.0 59.641
407.0 59.973
408.0 60.236999
409.0 60.446
410.0 60.575
411.0 60.671
412.0 60.712
413.0 60.708
414.0 60.682
415.0 60.626
416.0 60.568
417.0 60.456
418.0 60.357
419.0 60.255
420.0 60.14
421.0 60.102999
422.0 59.974
423.0 59.899
424.0 59.831
425.0 59.741
426.0 59.696
427.0 59.689
428.0 59.632
429.0 59.628
430.0 59.645
431.0 59.681
432.0 59.728
433.0 59.796
434.0 59.855
435.0 59.988
436.0 60.081
437.0 60.229
438.0 60.399
439.0 60.585
440.0 60.819
441.0 61.029999
442.0 61.28
443.0 61.553
444.0 61.828
445.0 62.142
446.0 62.432
447.0 62.761999
448.0 63.102999
449.0 63.462
450.0 63.796
451.0 64.157
452.0 64.527999
453.0 64.893999
454.0 65.277
455.0 65.649999
456.0 66.039
457.0 66.399
458.0 66.806
459.0 67.152
460.0 67.525
461.0 67.866
462.0 68.215
463.0 68.557
464.0 68.871
465.0 69.172
466.0 69.47
467.0 69.757
468.0 70.033
469.0 70.285
470.0 70.514
471.0 70.745
472.0 70.96
473.0 71.138
474.0 71.312
475.0 71.456
476.0 71.591
477.0 71.72
478.0 71.819
479.0 71.906
480.0 71.984
481.0 72.017
482.0 72.065
483.0 72.084
484.0 72.079
485.0 72.082
486.0 72.052
487.0 72.031
488.0 71.97
489.0 71.908
490.0 71.838
491.0 71.771
492.0 71.675
493.0 71.571
494.0 71.46
495.0 71.35
496.0 71.253
497.0 71.11
498.0 70.994
499.0 70.859
500.0 70.721999
501.0 70.592999
502.0 70.467
503.0 70.309
504.0 70.177
505.0 70.032
506.0 69.908
507.0 69.753
508.0 69.623
509.0 69.489999
510.0 69.361999
511.0 69.249
512.0 69.11
513.0 68.994
514.0 68.887
515.0 68.755
516.0 68.659
517.0 68.563
518.0 68.454
519.0 68.355
520.0 68.3
521.0 68.205
522.0 68.148
523.0 68.069
524.0 68.018999
525.0 67.956999
526.0 67.923999
527.0 67.872
528.0 67.855
529.0 67.828999
530.0 67.822
531.0 67.794
532.0 67.789
533.0 67.808
534.0 67.8
535.0 67.827
536.0 67.849999
537.0 67.887
538.0 67.935
539.0 67.978
540.0 68.033999
541.0 68.092
542.0 68.145
543.0 68.230999
544.0 68.297
545.0 68.383
546.0 68.462
547.0 68.579
548.0 68.663
549.0 68.791
550.0 68.882
551.0 69.016
552.0 69.114
553.0 69.257
554.0 69.383
555.0 69.526
556.0 69.655999
557.0 69.801999
558.0 69.953
559.0 70.108999
560.0 70.254
561.0 70.419
562.0 70.587
563.0 70.736
564.0 70.917
565.0 71.072
566.0 71.265999
567.0 71.435999
568.0 71.616
569.0 71.78
570.0 71.965999
571.0 72.131999
572.0 72.319
573.0 72.503
574.0 72.677
575.0 72.87
576.0 73.042
577.0 73.233
578.0 73.404
579.0 73.578
580.0 73.768999
581.0 73.955
582.0 74.123
583.0 74.304999
584.0 74.456999
585.0 74.626
586.0 74.799
587.0 74.963
588.0 75.116
589.0 75.275
590.0 75.432999
591.0 75.587999
592.0 75.739
593.0 75.892
594.0 76.032
595.0 76.173
596.0 76.309
597.0 76.44
598.0 76.558
599.0 76.693
600.0 76.807999
601.0 76.929999
602.0 77.03
603.0 77.136
604.0 77.248
605.0 77.337
606.0 77.423
607.0 77.515
608.0 77.588
609.0 77.668
610.0 77.729
611.0 77.79
612.0 77.861999
613.0 77.912
614.0 77.958
615.0 78.011
616.0 78.037
617.0 78.084
618.0 78.110999
619.0 78.14
620.0 78.158
621.0 78.178
622.0 78.172
623.0 78.197
624.0 78.2
625.0 78.187
626.0 78.184
627.0 78.168
628.0 78.152999
629.0 78.125
630.0 78.096
631.0 78.075
632.0 78.046
633.0 78.003
634.0 77.967
635.0 77.917999
636.0 77.883
637.0 77.817
638.0 77.767
639.0 77.720999
640.0 77.652
641.0 77.583
642.0 77.526
643.0 77.458
644.0 77.401
645.0 77.317
646.0 77.249
647.0 77.18
648.0 77.073
649.0 77.022
650.0 76.94
651.0 76.851
652.0 76.752
653.0 76.695
654.0 76.593
655.0 76.500999
656.0 76.42
657.0 76.334999
658.0 76.239999
659.0 76.152
660.0 76.046
661.0 75.951
662.0 75.885
663.0 75.775
664.0 75.691
665.0 75.589
666.0 75.500999
667.0 75.392
668.0 75.313
669.0 75.229999
670.0 75.114999
671.0 75.029
672.0 74.902999
673.0 74.81
674.0 74.732
675.0 74.63
676.0 74.53
677.0 74.44
678.0 74.361999
679.0 74.277
680.0 74.182999
681.0 74.111999
682.0 74.024999
683.0 73.933
684.0 73.853
685.0 73.782
686.0 73.696
687.0 73.616
688.0 73.541
689.0 73.47
690.0 73.392
691.0 73.311
692.0 73.229999
693.0 73.16
694.0 73.107999
695.0 73.023
696.0 72.967
697.0 72.894
698.0 72.824
699.0 72.776
700.0 72.709999
701.0 72.663
702.0 72.599999
703.0 72.545
704.0 72.501
705.0 72.44
706.0 72.399999
707.0 72.336
708.0 72.292
709.0 72.244
710.0 72.217
711.0 72.163
712.0 72.13
713.0 72.104
714.0 72.063
715.0 72.023
716.0 72.006
717.0 71.958
718.0 71.938
719.0 71.914
720.0 71.884
721.0 71.863999
722.0 71.852999
723.0 71.824
724.0 71.826
725.0 71.794
726.0 71.774
727.0 71.769
728.0 71.752
729.0 71.763
730.0 71.745
731.0 71.748
732.0 71.738
733.0 71.746
734.0 71.738
735.0 71.749
736.0 71.74
737.0 71.758
738.0 71.753
739.0 71.776
740.0 71.775
741.0 71.801999
742.0 71.794
743.0 71.821
744.0 71.831999
745.0 71.840999
746.0 71.863
747.0 71.887
748.0 71.895
749.0 71.935
750.0 71.96
751.0 71.984
752.0 72.012
753.0 72.044
754.0 72.063999
755.0 72.113
756.0 72.127
757.0 72.174
758.0 72.205
759.0 72.239
760.0 72.279
761.0 72.307999
762.0 72.35
763.0 72.383
764.0 72.43
765.0 72.486999
766.0 72.521
767.0 72.575999
768.0 72.617
769.0 72.658
770.0 72.713
771.0 72.765999
772.0 72.792
773.0 72.861
774.0 72.905
775.0 72.965999
776.0 73.009999
777.0 73.045
778.0 73.114999
779.0 73.167
780.0 73.223
781.0 73.271
782.0 73.328
783.0 73.394
784.0 73.456
785.0 73.507
786.0 73.563
787.0 73.631999
788.0 73.684
789.0 73.746
790.0 73.8
791.0 73.87
792.0 73.936
793.0 73.992999
794.0 74.069
795.0 74.166
796.0 74.228
797.0 74.292999
798.0 74.378999
799.0 74.438999
800.0 74.483999
801.0 74.547
802.0 74.634999
803.0 74.693
804.0 74.753
805.0 74.815
806.0 74.876
807.0 74.964
808.0 75.031
809.0 75.078
810.0 75.161
811.0 75.235
812.0 75.288
813.0 75.363
814.0 75.419
815.0 75.506
816.0 75.573
817.0 75.649
818.0 75.711
819.0 75.783999
820.0 75.846999
821.0 75.895
822.0 75.988999
823.0 76.047
824.0 76.136
825.0 76.17
826.0 76.242
827.0 76.310999
828.0 76.372
829.0 76.425
830.0 76.499
831.0 76.566
832.0 76.619
833.0 76.697
834.0 76.738
835.0 76.816
836.0 76.877
837.0 76.944
838.0 76.992
839.0 77.05
840.0 77.097
841.0 77.172
842.0 77.224
843.0 77.310999
844.0 77.357
845.0 77.39
846.0 77.454
847.0 77.498
848.0 77.551999
849.0 77.614
850.0 77.661999
851.0 77.720999
852.0 77.763
853.0 77.810999
854.0 77.864999
855.0 77.923
856.0 77.951
857.0 78.009
858.0 78.054
859.0 78.102999
860.0 78.151
861.0 78.193
862.0 78.214
863.0 78.274
864.0 78.307999
865.0 78.336
866.0 78.392
867.0 78.408999
868.0 78.461
869.0 78.494
870.0 78.545
871.0 78.559
872.0 78.613
873.0 78.642
874.0 78.681
875.0 78.691999
876.0 78.727
877.0 78.752
878.0 78.789
879.0 78.801
880.0 78.84
881.0 78.854
882.0 78.888
883.0 78.920999
884.0 78.922
885.0 78.947
886.0 78.952999
887.0 78.974999
888.0 79.009
889.0 79.03
890.0 79.034
891.0 79.047
892.0 79.039999
893.0 79.068
894.0 79.105999
895.0 79.095
896.0 79.12
897.0 79.133
898.0 79.131
899.0 79.14
900.0 79.145
901.0 79.149
902.0 79.151
903.0 79.155
904.0 79.158
905.0 79.149
906.0 79.193
907.0 79.199
908.0 79.191999
909.0 79.187
910.0 79.179
911.0 79.186
912.0 79.178
913.0 79.185
914.0 79.168
915.0 79.162
916.0 79.169
917.0 79.161
918.0 79.167
919.0 79.152999
920.0 79.137999
921.0 79.139
922.0 79.13
923.0 79.123
924.0 79.099
925.0 79.064
926.0 79.063
927.0 79.042
928.0 79.027
929.0 79.022
930.0 79.03
931.0 79.002
932.0 78.985
933.0 78.986999
934.0 78.938
935.0 78.924
936.0 78.926
937.0 78.888
938.0 78.861999
939.0 78.841
940.0 78.822999
941.0 78.817
942.0 78.785
943.0 78.767
944.0 78.706
945.0 78.694
946.0 78.661
947.0 78.63
948.0 78.61
949.0 78.574
950.0 78.542999
951.0 78.508
952.0 78.48
953.0 78.452999
954.0 78.417999
955.0 78.412
956.0 78.42
957.0 78.384
958.0 78.364999
959.0 78.309
960.0 78.3
961.0 78.247
962.0 78.212999
963.0 78.183
964.0 78.164999
965.0 78.129
966.0 78.08
967.0 78.068
968.0 78.026
969.0 77.986
970.0 77.955
971.0 77.922
972.0 77.889
973.0 77.849
974.0 77.812
975.0 77.786
976.0 77.732999
977.0 77.722
978.0 77.673
979.0 77.642
980.0 77.607
981.0 77.571
982.0 77.534
983.0 77.495
984.0 77.455
985.0 77.425
986.0 77.381
987.0 77.33
988.0 77.322
989.0 77.262
990.0 77.199
991.0 77.157
992.0 77.163
993.0 77.085
994.0 77.072
995.0 77.037
996.0 76.97
997.0 76.929
998.0 76.905
999.0 76.872
1000.0 76.822
1001.0 76.782
1002.0 76.788
1003.0 76.724
1004.0 76.697999
1005.0 76.634999
1006.0 76.610999
1007.0 76.575999
1008.0 76.547
1009.0 76.514
1010.0 76.453999
1011.0 76.459
1012.0 76.388
1013.0 76.358
1014.0 76.293
1015.0 76.27
1016.0 76.215
1017.0 76.184
1018.0 76.161
1019.0 76.105999
1020.0 76.087
1021.0 76.047
1022.0 75.976
1023.0 75.931
1024.0 75.882
1025.0 75.873
1026.0 75.849
1027.0 75.822
1028.0 75.818
1029.0 75.783999
1030.0 75.723
1031.0 75.678
1032.0 75.619
1033.0 75.601
1034.0 75.585
1035.0 75.553
1036.0 75.512999
1037.0 75.495
1038.0 75.42
1039.0 75.390999
1040.0 75.334999
1041.0 75.324
1042.0 75.299
1043.0 75.268999
1044.0 75.217
1045.0 75.182999
1046.0 75.105
1047.0 75.051
1048.0 75.075
1049.0 75.066999
1050.0 75.036999
1051.0 75.032
1052.0 74.961
1053.0 74.911
1054.0 74.881
1055.0 74.842
1056.0 74.849
1057.0 74.881
1058.0 74.834999
1059.0 74.789
1060.0 74.676
1061.0 74.649
1062.0 74.634
1063.0 74.634
1064.0 74.646999
1065.0 74.595999
1066.0 74.551
1067.0 74.456
1068.0 74.404
1069.0 74.388
1070.0 74.402999
1071.0 74.412
1072.0 74.437
1073.0 74.375
1074.0 74.298
1075.0 74.264
1076.0 74.292
1077.0 74.306
1078.0 74.349
1079.0 74.258
1080.0 74.191
1081.0 74.125
1082.0 74.113
1083.0 74.143
1084.0 74.107999
1085.0 74.139
1086.0 74.102999
1087.0 73.982
1088.0 73.965
1089.0 73.912
1090.0 73.977
1091.0 73.95
1092.0 73.972
1093.0 73.917
1094.0 73.889
1095.0 73.772
1096.0 73.88
1097.0 73.838
1098.0 73.92
1099.0 73.834
1100.0 73.743
