190.0 0.019
191.0 0.101
192.0 0.053
193.0 0.067
194.0 0.05
195.0 0.076
196.0 0.019
197.0 0.028
198.0 0.034
199.0 0.004
200.0 0.02
201.0 0.014
202.0 0.027
203.0 0.05
204.0 0.031
205.0 0.029
206.0 0.024
207.0 0.01
208.0 0.017
209.0 0.005
210.0 0.026
211.0 0.04
212.0 0.009
213.0 0.017
214.0 0.012
215.0 0.02
216.0 0.009
217.0 0.02
218.0 0.012
219.0 0.021
220.0 0.008
221.0 0.01
222.0 0.012
223.0 0.03
224.0 0.013
225.0 0.015
226.0 0.017
227.0 0.019
228.0 0.013
229.0 0.002
230.0 0.015
231.0 0.014
232.0 0.006
233.0 0.016
234.0 0.02
235.0 0.033
236.0 0.01
237.0 0.015
238.0 0.011
239.0 0.006999
240.0 0.012
241.0 0.017
242.0 0.015
243.0 0.016
244.0 0.014
245.0 -0.001
246.0 0.02
247.0 -0.004
248.0 -0.001
249.0 0.013
250.0 0.029
251.0 0.028
252.0 0.001
253.0 -0.001
254.0 0.015
255.0 0.021
256.0 0.015
257.0 0.013
258.0 0.023
259.0 0.029
260.0 0.015
261.0 0.029
262.0 0.002
263.0 0.024
264.0 0.008
265.0 0.028
266.0 0.026
267.0 0.033
268.0 0.015
269.0 0.004
270.0 0.029
271.0 -0.001
272.0 0.028
273.0 0.027
274.0 0.009
275.0 0.049
276.0 0.017
277.0 0.015
278.0 0.038
279.0 0.032
280.0 0.02
281.0 0.02
282.0 0.027
283.0 0.06
284.0 0.03
285.0 0.006999
286.0 0.035
287.0 0.026
288.0 0.022
289.0 0.016
290.0 0.034
291.0 0.045
292.0 0.044
293.0 0.025
294.0 0.033
295.0 0.043
296.0 0.031
297.0 0.024
298.0 0.043
299.0 0.041
300.0 0.008
301.0 0.02
302.0 0.036
303.0 0.046
304.0 0.021
305.0 0.022
306.0 0.015
307.0 0.057
308.0 -0.001
309.0 0.04
310.0 0.023
311.0 0.041
312.0 0.045
313.0 0.024
314.0 0.038
315.0 0.042
316.0 0.042
317.0 0.052
318.0 -0.001
319.0 0.039
320.0 0.031
321.0 0.039
322.0 0.022
323.0 0.06
324.0 0.058
325.0 0.042
326.0 0.063
327.0 0.036
328.0 0.058
329.0 0.044
330.0 0.036
331.0 0.047
332.0 0.048
333.0 0.045
334.0 0.048
335.0 0.034
336.0 0.027
337.0 0.029
338.0 0.022
339.0 0.055999
340.0 0.021
341.0 0.024
342.0 0.023
343.0 0.018
344.0 0.023
345.0 0.038
346.0 0.032
347.0 0.043
348.0 0.028
349.0 0.022
350.0 0.03
351.0 0.023
352.0 0.025
353.0 0.033
354.0 0.032
355.0 0.045
356.0 0.034
357.0 0.055
358.0 0.064
359.0 0.097
360.0 0.161
361.0 0.252
362.0 0.391
363.0 0.577
364.0 0.854
365.0 1.233
366.0 1.745
367.0 2.436
368.0 3.281
369.0 4.31
370.0 5.579
371.0 7.03
372.0 8.697
373.0 10.52
374.0 12.478
375.0 14.526
376.0 16.584
377.0 18.65
378.0 20.752
379.0 22.834
380.0 24.984
381.0 27.175
382.0 29.4
383.0 31.727
384.0 34.122
385.0 36.413
386.0 38.652
387.0 40.78
388.0 42.754
389.0 44.572
390.0 46.211
391.0 47.647
392.0 48.941
393.0 50.131
394.0 51.242
395.0 52.327
396.0 53.442
397.0 54.623
398.0 55.864999
399.0 57.187
400.0 58.55
401.0 59.939
402.0 61.368
403.0 62.756
404.0 64.077
405.0 65.257
406.0 66.313
407.0 67.211
408.0 67.935999
409.0 68.482
410.0 68.83
411.0 69.041
412.0 69.14
413.0 69.147
414.0 69.11
415.0 69.075
416.0 69.071
417.0 69.148
418.0 69.301
419.0 69.567
420.0 69.908
421.0 70.631999
422.0 71.2
423.0 71.812
424.0 72.536
425.0 73.291
426.0 74.059
427.0 74.831
428.0 75.569
429.0 76.28
430.0 76.932999
431.0 77.475
432.0 77.905
433.0 78.230999
434.0 78.417999
435.0 78.521
436.0 78.45
437.0 78.271
438.0 78.059
439.0 77.765
440.0 77.397
441.0 77.036
442.0 76.666
443.0 76.305
444.0 75.99
445.0 75.727
446.0 75.544
447.0 75.465999
448.0 75.429999
449.0 75.492999
450.0 75.649999
451.0 75.866
452.0 76.161999
453.0 76.529
454.0 76.964
455.0 77.453
456.0 77.966
457.0 78.515999
458.0 79.069
459.0 79.619
460.0 80.161
461.0 80.675
462.0 81.14
463.0 81.533
464.0 81.908999
465.0 82.179999
466.0 82.398
467.0 82.52
468.0 82.544
469.0 82.517
470.0 82.406
471.0 82.217
472.0 81.954
473.0 81.676
474.0 81.328
475.0 80.943
476.0 80.557
477.0 80.17
478.0 79.774
479.0 79.411
480.0 79.053
481.0 78.741
482.0 78.477
483.0 78.261
484.0 78.123
485.0 78.017
486.0 77.955
487.0 77.97
488.0 78.024
489.0 78.185
490.0 78.352999
491.0 78.617999
492.0 78.878
493.0 79.254
494.0 79.651
495.0 80.04
496.0 80.489
497.0 80.94
498.0 81.388
499.0 81.878
500.0 82.336
501.0 82.793
502.0 83.213
503.0 83.624
504.0 83.997999
505.0 84.319
506.0 84.617
507.0 84.872
508.0 85.058
509.0 85.196
510.0 85.271
511.0 85.280999
512.0 85.264
513.0 85.162
514.0 85.035
515.0 84.822
516.0 84.599999
517.0 84.328
518.0 84.015
519.0 83.681
520.0 83.331
521.0 82.935
522.0 82.584
523.0 82.215999
524.0 81.832
525.0 81.465
526.0 81.12
527.0 80.809
528.0 80.515
529.0 80.242999
530.0 80.012
531.0 79.844
532.0 79.693
533.0 79.572
534.0 79.512
535.0 79.476
536.0 79.497
537.0 79.554
538.0 79.652999
539.0 79.78
540.0 79.956999
541.0 80.169
542.0 80.4
543.0 80.671
544.0 80.957
545.0 81.286
546.0 81.624
547.0 81.985
548.0 82.349999
549.0 82.73
550.0 83.107
551.0 83.489999
552.0 83.878
553.0 84.253
554.0 84.602
555.0 84.965
556.0 85.296
557.0 85.578
558.0 85.879
559.0 86.109
560.0 86.28
561.0 86.473
562.0 86.611
563.0 86.736999
564.0 86.816
565.0 86.851999
566.0 86.85
567.0 86.815
568.0 86.75
569.0 86.627
570.0 86.459
571.0 86.282
572.0 86.071
573.0 85.827
574.0 85.565
575.0 85.276
576.0 84.953999
577.0 84.648
578.0 84.303
579.0 83.956
580.0 83.614999
581.0 83.277
582.0 82.929
583.0 82.593999
584.0 82.265
585.0 81.965
586.0 81.659
587.0 81.393
588.0 81.13
589.0 80.896
590.0 80.693
591.0 80.483999
592.0 80.33
593.0 80.171
594.0 80.059
595.0 79.961
596.0 79.878
597.0 79.842
598.0 79.824
599.0 79.842
600.0 79.864
601.0 79.911
602.0 80.013
603.0 80.1
604.0 80.238
605.0 80.388
606.0 80.566
607.0 80.766
608.0 80.969
609.0 81.206999
610.0 81.442
611.0 81.687
612.0 81.989
613.0 82.264
614.0 82.551
615.0 82.837999
616.0 83.157
617.0 83.449
618.0 83.761
619.0 84.064
620.0 84.367
621.0 84.655999
622.0 84.956
623.0 85.226
624.0 85.514
625.0 85.76
626.0 86.007
627.0 86.227
628.0 86.445
629.0 86.621
630.0 86.792
631.0 86.948
632.0 87.081
633.0 87.184
634.0 87.291
635.0 87.355
636.0 87.369
637.0 87.398
638.0 87.374
639.0 87.339
640.0 87.28
641.0 87.22
642.0 87.094
643.0 86.963
644.0 86.828
645.0 86.646
646.0 86.458
647.0 86.272
648.0 86.072999
649.0 85.831
650.0 85.568
651.0 85.326
652.0 85.058
653.0 84.792999
654.0 84.526
655.0 84.232
656.0 83.948
657.0 83.688
658.0 83.394
659.0 83.108999
660.0 82.825999
661.0 82.559
662.0 82.264
663.0 82.011
664.0 81.749
665.0 81.499
666.0 81.245
667.0 81.036
668.0 80.825
669.0 80.599
670.0 80.434
671.0 80.234
672.0 80.096999
673.0 79.955
674.0 79.808
675.0 79.709
676.0 79.605999
677.0 79.486999
678.0 79.419
679.0 79.38
680.0 79.330999
681.0 79.318
682.0 79.304
683.0 79.318
684.0 79.346999
685.0 79.393999
686.0 79.447999
687.0 79.512
688.0 79.598
689.0 79.702
690.0 79.810999
691.0 79.932
692.0 80.08
693.0 80.23
694.0 80.392
695.0 80.564
696.0 80.739
697.0 80.915
698.0 81.115
699.0 81.321
700.0 81.529
701.0 81.746
702.0 81.958
703.0 82.19
704.0 82.406
705.0 82.636
706.0 82.857
707.0 83.095
708.0 83.313999
709.0 83.553
710.0 83.765
711.0 83.986
712.0 84.209999
713.0 84.409
714.0 84.617
715.0 84.812
716.0 84.994
717.0 85.194
718.0 85.35
719.0 85.53
720.0 85.699
721.0 85.819999
722.0 85.949
723.0 86.078
724.0 86.191
725.0 86.294
726.0 86.354
727.0 86.441999
728.0 86.509999
729.0 86.553
730.0 86.558
731.0 86.581
732.0 86.595999
733.0 86.583
734.0 86.556999
735.0 86.514
736.0 86.465999
737.0 86.39
738.0 86.311
739.0 86.212
740.0 86.128
741.0 86.002
742.0 85.893
743.0 85.745
744.0 85.594
745.0 85.457
746.0 85.280999
747.0 85.119999
748.0 84.925
749.0 84.747
750.0 84.568
751.0 84.363
752.0 84.149
753.0 83.93
754.0 83.729
755.0 83.499
756.0 83.291
757.0 83.056
758.0 82.846
759.0 82.611999
760.0 82.389
761.0 82.155999
762.0 81.943
763.0 81.72
764.0 81.488
765.0 81.273
766.0 81.056
767.0 80.833999
768.0 80.626
769.0 80.403
770.0 80.230999
771.0 80.024
772.0 79.840999
773.0 79.688999
774.0 79.542999
775.0 79.384
776.0 79.218
777.0 79.09
778.0 78.964
779.0 78.852
780.0 78.735999
781.0 78.595
782.0 78.488
783.0 78.356
784.0 78.278
785.0 78.176
786.0 78.081999
787.0 78.032
788.0 77.968999
789.0 77.914
790.0 77.89
791.0 77.841
792.0 77.816
793.0 77.804
794.0 77.793
795.0 77.802
796.0 77.801
797.0 77.828
798.0 77.848
799.0 77.89
800.0 77.927
801.0 77.978
802.0 78.029
803.0 78.098
804.0 78.17
805.0 78.252
806.0 78.333
807.0 78.408
808.0 78.506
809.0 78.624
810.0 78.723
811.0 78.842999
812.0 78.97
813.0 79.069999
814.0 79.214
815.0 79.349999
816.0 79.471999
817.0 79.625
818.0 79.77
819.0 79.911
820.0 80.078999
821.0 80.237
822.0 80.408999
823.0 80.557
824.0 80.706999
825.0 80.857999
826.0 81.032
827.0 81.199
828.0 81.371
829.0 81.521
830.0 81.703999
831.0 81.871
832.0 82.021999
833.0 82.179999
834.0 82.347
835.0 82.513
836.0 82.666
837.0 82.798
838.0 82.958
839.0 83.104
840.0 83.242999
841.0 83.387999
842.0 83.535
843.0 83.66
844.0 83.775
845.0 83.911
846.0 84.02
847.0 84.151
848.0 84.262
849.0 84.346
850.0 84.449
851.0 84.539
852.0 84.61
853.0 84.692
854.0 84.789999
855.0 84.835
856.0 84.902
857.0 84.93
858.0 84.994
859.0 85.005
860.0 85.05
861.0 85.084
862.0 85.080999
863.0 85.077
864.0 85.09
865.0 85.094
866.0 85.063999
867.0 85.06
868.0 85.021999
869.0 84.982
870.0 84.965
871.0 84.913
872.0 84.863
873.0 84.783
874.0 84.709999
875.0 84.652
876.0 84.545
877.0 84.492
878.0 84.386
879.0 84.292999
880.0 84.2
881.0 84.075
882.0 83.986
883.0 83.867999
884.0 83.758
885.0 83.637
886.0 83.539
887.0 83.387
888.0 83.24
889.0 83.138
890.0 82.968
891.0 82.852
892.0 82.703
893.0 82.569
894.0 82.423
895.0 82.274
896.0 82.113
897.0 81.979
898.0 81.811
899.0 81.640999
900.0 81.483999
901.0 81.335
902.0 81.157
903.0 80.997
904.0 80.813
905.0 80.678
906.0 80.542999
907.0 80.384999
908.0 80.230999
909.0 80.068
910.0 79.906
911.0 79.755
912.0 79.613999
913.0 79.468999
914.0 79.322
915.0 79.173
916.0 79.057
917.0 78.905
918.0 78.771999
919.0 78.652999
920.0 78.521
921.0 78.389
922.0 78.288
923.0 78.158
924.0 78.026
925.0 77.926
926.0 77.810999
927.0 77.688
928.0 77.59
929.0 77.5
930.0 77.434
931.0 77.34
932.0 77.244999
933.0 77.146
934.0 77.089
935.0 76.991
936.0 76.923
937.0 76.858999
938.0 76.795999
939.0 76.736999
940.0 76.688
941.0 76.631
942.0 76.573
943.0 76.521
944.0 76.491
945.0 76.449999
946.0 76.422
947.0 76.389
948.0 76.353
949.0 76.349999
950.0 76.322999
951.0 76.304
952.0 76.307999
953.0 76.283999
954.0 76.289
955.0 76.331
956.0 76.354999
957.0 76.346
958.0 76.37
959.0 76.374
960.0 76.396
961.0 76.428
962.0 76.463
963.0 76.492999
964.0 76.542
965.0 76.561
966.0 76.589
967.0 76.648
968.0 76.712
969.0 76.777
970.0 76.834
971.0 76.911
972.0 76.932999
973.0 77.026
974.0 77.110999
975.0 77.17
976.0 77.249
977.0 77.31
978.0 77.397
979.0 77.454
980.0 77.551999
981.0 77.676
982.0 77.747999
983.0 77.861
984.0 77.924
985.0 78.026
986.0 78.127
987.0 78.220999
988.0 78.313999
989.0 78.428
990.0 78.495
991.0 78.608999
992.0 78.696
993.0 78.818
994.0 78.935999
995.0 79.008
996.0 79.139
997.0 79.233
998.0 79.354
999.0 79.444
1000.0 79.562999
1001.0 79.661
1002.0 79.778
1003.0 79.92
1004.0 80.014
1005.0 80.125999
1006.0 80.208
1007.0 80.337
1008.0 80.438
1009.0 80.545
1010.0 80.661
1011.0 80.742999
1012.0 80.864
1013.0 80.95
1014.0 81.075
1015.0 81.167999
1016.0 81.239999
1017.0 81.371
1018.0 81.44
1019.0 81.54
1020.0 81.61
1021.0 81.703999
1022.0 81.789999
1023.0 81.896
1024.0 81.974999
1025.0 82.077999
1026.0 82.138
1027.0 82.233
1028.0 82.324
1029.0 82.403
1030.0 82.45
1031.0 82.543
1032.0 82.587999
1033.0 82.639
1034.0 82.706999
1035.0 82.769
1036.0 82.808
1037.0 82.877
1038.0 82.947999
1039.0 82.967
1040.0 82.997
1041.0 83.053
1042.0 83.098
1043.0 83.128999
1044.0 83.146
1045.0 83.181
1046.0 83.198
1047.0 83.224
1048.0 83.218
1049.0 83.289999
1050.0 83.265999
1051.0 83.294
1052.0 83.286
1053.0 83.327
1054.0 83.31
1055.0 83.295
1056.0 83.328999
1057.0 83.292999
1058.0 83.296
1059.0 83.271
1060.0 83.26
1061.0 83.267
1062.0 83.216
1063.0 83.175
1064.0 83.194
1065.0 83.081
1066.0 83.067
1067.0 83.072999
1068.0 82.996
1069.0 82.947999
1070.0 82.935999
1071.0 82.828
1072.0 82.788
1073.0 82.701
1074.0 82.708
1075.0 82.649
1076.0 82.611999
1077.0 82.521999
1078.0 82.432
1079.0 82.44
1080.0 82.391
1081.0 82.265
1082.0 82.24
1083.0 82.083
1084.0 82.015
1085.0 81.983999
1086.0 81.896999
1087.0 81.823
1088.0 81.662
1089.0 81.66
1090.0 81.549
1091.0 81.422
1092.0 81.39
1093.0 81.313
1094.0 81.197
1095.0 81.089
1096.0 80.952
1097.0 80.899
1098.0 80.756
1099.0 80.766
1100.0 80.659
