190.0 0.074
191.0 0.096
192.0 0.047
193.0 0.057
194.0 0.069999
195.0 0.092
196.0 0.028
197.0 0.04
198.0 0.051
199.0 0.026
200.0 0.017
201.0 0.035
202.0 0.03
203.0 0.034
204.0 0.038
205.0 0.023
206.0 0.023
207.0 0.02
208.0 0.023
209.0 0.019
210.0 0.027
211.0 0.029
212.0 0.016
213.0 0.031
214.0 0.023
215.0 0.035
216.0 0.013
217.0 0.012
218.0 0.013
219.0 0.046
220.0 0.017
221.0 0.024
222.0 0.037
223.0 0.016
224.0 0.022
225.0 0.027
226.0 0.027
227.0 0.029
228.0 0.024
229.0 0.031
230.0 0.016
231.0 0.02
232.0 0.019
233.0 0.016
234.0 0.018
235.0 0.023
236.0 0.017
237.0 0.001
238.0 0.024
239.0 0.009
240.0 0.021
241.0 0.028
242.0 0.028
243.0 0.033
244.0 0.004
245.0 0.019
246.0 0.015
247.0 0.014
248.0 0.029
249.0 0.017
250.0 0.021
251.0 0.038
252.0 0.017
253.0 0.027
254.0 0.027
255.0 0.011
256.0 -0.002
257.0 0.03
258.0 0.016
259.0 0.046
260.0 0.023
261.0 0.031
262.0 0.024
263.0 0.028
264.0 0.038
265.0 0.023
266.0 0.015
267.0 0.042
268.0 0.019
269.0 0.03
270.0 0.022
271.0 0.026
272.0 0.039
273.0 0.049
274.0 0.041
275.0 0.068
276.0 0.052
277.0 0.035
278.0 0.053
279.0 0.01
280.0 0.064
281.0 0.037
282.0 0.064
283.0 0.053
284.0 0.001
285.0 0.025
286.0 0.041
287.0 0.025
288.0 0.048
289.0 0.038
290.0 0.04
291.0 0.068
292.0 0.045
293.0 0.035
294.0 0.048
295.0 0.037
296.0 0.038
297.0 0.044
298.0 0.017
299.0 0.064
300.0 0.038
301.0 0.042
302.0 0.044
303.0 0.046
304.0 0.042
305.0 0.042
306.0 0.031
307.0 0.068
308.0 0.035
309.0 0.032
310.0 0.034
311.0 0.034
312.0 0.034
313.0 0.062
314.0 0.053
315.0 0.078
316.0 0.078
317.0 0.073
318.0 0.059
319.0 0.057
320.0 0.053
321.0 0.086999
322.0 0.084
323.0 0.092
324.0 0.064
325.0 0.057
326.0 0.055
327.0 0.271
328.0 0.279
329.0 0.281
330.0 0.272
331.0 0.287
332.0 0.272
333.0 0.243
334.0 0.239
335.0 0.232
336.0 0.231
337.0 0.231
338.0 0.225
339.0 0.233
340.0 0.214
341.0 0.209
342.0 0.21
343.0 0.229
344.0 0.239
345.0 0.24
346.0 0.258
347.0 0.291
348.0 0.279
349.0 0.294
350.0 0.344
351.0 0.392
352.0 0.446
353.0 0.526
354.0 0.633
355.0 0.767
356.0 0.928999
357.0 1.141
358.0 1.402
359.0 1.753
360.0 2.173
361.0 2.695
362.0 3.337
363.0 4.146
364.0 5.069
365.0 6.16
366.0 7.419
367.0 8.853
368.0 10.462
369.0 12.199
370.0 14.1
371.0 16.102
372.0 18.116
373.0 20.214
374.0 22.251
375.0 24.204
376.0 26.047
377.0 27.799
378.0 29.409
379.0 30.941
380.0 32.339
381.0 33.696
382.0 34.943
383.0 36.136
384.0 37.219
385.0 38.273
386.0 39.265
387.0 40.224
388.0 41.173
389.0 42.102
390.0 43.044
391.0 43.979
392.0 44.913
393.0 45.857
394.0 46.813
395.0 47.756
396.0 48.726
397.0 49.698
398.0 50.663
399.0 51.642999
400.0 52.622
401.0 53.586
402.0 54.517
403.0 55.411999
404.0 56.306
405.0 57.136
406.0 57.94
407.0 58.679
408.0 59.392999
409.0 60.061
410.0 60.654
411.0 61.207
412.0 61.7
413.0 62.13
414.0 62.499
415.0 62.808
416.0 63.085
417.0 63.267
418.0 63.43
419.0 63.539
420.0 63.596
421.0 63.711
422.0 63.693
423.0 63.674
424.0 63.65
425.0 63.515
426.0 63.431
427.0 63.328
428.0 63.188999
429.0 63.038
430.0 62.899
431.0 62.752
432.0 62.616
433.0 62.473
434.0 62.317
435.0 62.224999
436.0 62.088
437.0 61.978999
438.0 61.893
439.0 61.834
440.0 61.788
441.0 61.753
442.0 61.746
443.0 61.769
444.0 61.781
445.0 61.851
446.0 61.902
447.0 61.996
448.0 62.081
449.0 62.22
450.0 62.35
451.0 62.51
452.0 62.684
453.0 62.864
454.0 63.084
455.0 63.291
456.0 63.529
457.0 63.775
458.0 64.072
459.0 64.324
460.0 64.610999
461.0 64.908999
462.0 65.208
463.0 65.522
464.0 65.842999
465.0 66.144
466.0 66.462
467.0 66.795
468.0 67.136
469.0 67.462999
470.0 67.797
471.0 68.146
472.0 68.471999
473.0 68.801
474.0 69.135
475.0 69.44
476.0 69.768
477.0 70.077
478.0 70.38
479.0 70.672
480.0 70.965999
481.0 71.235
482.0 71.496
483.0 71.75
484.0 71.97
485.0 72.209999
486.0 72.426
487.0 72.623
488.0 72.804
489.0 72.983
490.0 73.117
491.0 73.279
492.0 73.377
493.0 73.496
494.0 73.583
495.0 73.665
496.0 73.732
497.0 73.775
498.0 73.814
499.0 73.839
500.0 73.839
501.0 73.841
502.0 73.819
503.0 73.79
504.0 73.765
505.0 73.708
506.0 73.658999
507.0 73.574
508.0 73.503
509.0 73.428
510.0 73.323
511.0 73.246
512.0 73.145
513.0 73.026
514.0 72.91
515.0 72.792
516.0 72.679
517.0 72.567
518.0 72.43
519.0 72.304999
520.0 72.202
521.0 72.051
522.0 71.934
523.0 71.801999
524.0 71.682
525.0 71.542
526.0 71.444
527.0 71.319
528.0 71.218
529.0 71.113
530.0 71.016
531.0 70.901
532.0 70.797
533.0 70.709
534.0 70.599
535.0 70.532
536.0 70.443999
537.0 70.38
538.0 70.309
539.0 70.252
540.0 70.203999
541.0 70.143999
542.0 70.091
543.0 70.065
544.0 70.024
545.0 69.994999
546.0 69.959999
547.0 69.95
548.0 69.942
549.0 69.931
550.0 69.922
551.0 69.945
552.0 69.955999
553.0 69.986
554.0 70.008
555.0 70.037
556.0 70.060999
557.0 70.119
558.0 70.16
559.0 70.218999
560.0 70.286
561.0 70.351
562.0 70.43
563.0 70.499
564.0 70.581999
565.0 70.663
566.0 70.768
567.0 70.86
568.0 70.970999
569.0 71.075999
570.0 71.186
571.0 71.298
572.0 71.413
573.0 71.543
574.0 71.66
575.0 71.804
576.0 71.925
577.0 72.075999
578.0 72.214999
579.0 72.358
580.0 72.503
581.0 72.655999
582.0 72.815
583.0 72.959
584.0 73.122
585.0 73.277
586.0 73.462
587.0 73.619
588.0 73.807
589.0 73.979
590.0 74.152
591.0 74.334
592.0 74.514
593.0 74.696
594.0 74.881
595.0 75.063
596.0 75.239
597.0 75.417
598.0 75.583999
599.0 75.752
600.0 75.934
601.0 76.105999
602.0 76.253
603.0 76.431
604.0 76.592
605.0 76.747
606.0 76.916
607.0 77.066
608.0 77.22
609.0 77.358
610.0 77.509
611.0 77.644
612.0 77.8
613.0 77.931
614.0 78.063999
615.0 78.19
616.0 78.307
617.0 78.427
618.0 78.556
619.0 78.663
620.0 78.779
621.0 78.889
622.0 78.983
623.0 79.096999
624.0 79.186
625.0 79.274999
626.0 79.351
627.0 79.435999
628.0 79.517
629.0 79.576
630.0 79.644
631.0 79.718999
632.0 79.776
633.0 79.825
634.0 79.881
635.0 79.918
636.0 79.955
637.0 80.001
638.0 80.042
639.0 80.057999
640.0 80.075
641.0 80.089999
642.0 80.117999
643.0 80.123
644.0 80.131
645.0 80.14
646.0 80.136
647.0 80.138
648.0 80.117999
649.0 80.116
650.0 80.089
651.0 80.076
652.0 80.042
653.0 80.018
654.0 79.991999
655.0 79.959
656.0 79.920999
657.0 79.877
658.0 79.832
659.0 79.782
660.0 79.746
661.0 79.688
662.0 79.651
663.0 79.578
664.0 79.513
665.0 79.461
666.0 79.392
667.0 79.31
668.0 79.253
669.0 79.181
670.0 79.11
671.0 79.015999
672.0 78.956999
673.0 78.877
674.0 78.795
675.0 78.71
676.0 78.623
677.0 78.515999
678.0 78.434
679.0 78.348
680.0 78.271
681.0 78.169
682.0 78.078
683.0 78.003999
684.0 77.91
685.0 77.825999
686.0 77.741
687.0 77.646
688.0 77.553
689.0 77.447999
690.0 77.366999
691.0 77.266
692.0 77.173999
693.0 77.086
694.0 77.006
695.0 76.898
696.0 76.818
697.0 76.732999
698.0 76.637
699.0 76.543
700.0 76.467
701.0 76.381
702.0 76.288
703.0 76.212
704.0 76.121
705.0 76.022
706.0 75.952
707.0 75.866
708.0 75.779
709.0 75.705
710.0 75.622
711.0 75.535
712.0 75.461999
713.0 75.402999
714.0 75.317
715.0 75.251
716.0 75.176
717.0 75.092
718.0 75.05
719.0 74.967
720.0 74.909
721.0 74.842
722.0 74.789
723.0 74.721999
724.0 74.684
725.0 74.607
726.0 74.548
727.0 74.494
728.0 74.441
729.0 74.399
730.0 74.351
731.0 74.307999
732.0 74.249
733.0 74.223
734.0 74.18
735.0 74.136
736.0 74.107999
737.0 74.07
738.0 74.033
739.0 74.012999
740.0 73.985
741.0 73.952
742.0 73.929
743.0 73.901
744.0 73.877
745.0 73.851999
746.0 73.831999
747.0 73.812999
748.0 73.792999
749.0 73.803
750.0 73.782
751.0 73.783
752.0 73.756999
753.0 73.759
754.0 73.768
755.0 73.763
756.0 73.749
757.0 73.768
758.0 73.765999
759.0 73.768999
760.0 73.768999
761.0 73.759
762.0 73.784
763.0 73.780999
764.0 73.798
765.0 73.831
766.0 73.833
767.0 73.857
768.0 73.855
769.0 73.851999
770.0 73.884
771.0 73.919
772.0 73.922
773.0 73.975
774.0 73.980999
775.0 74.043
776.0 74.060999
777.0 74.086
778.0 74.146
779.0 74.166
780.0 74.235
781.0 74.236999
782.0 74.285
783.0 74.29
784.0 74.307999
785.0 74.333
786.0 74.384
787.0 74.419
788.0 74.467
789.0 74.502
790.0 74.551999
791.0 74.607999
792.0 74.639
793.0 74.728
794.0 74.756
795.0 74.806
796.0 74.85
797.0 74.914999
798.0 74.968999
799.0 75.024999
800.0 75.08
801.0 75.129
802.0 75.185999
803.0 75.254
804.0 75.31
805.0 75.354
806.0 75.41
807.0 75.488
808.0 75.547
809.0 75.593999
810.0 75.658999
811.0 75.736
812.0 75.79
813.0 75.866999
814.0 75.936
815.0 75.994
816.0 76.063
817.0 76.124
818.0 76.185999
819.0 76.259
820.0 76.333
821.0 76.381
822.0 76.468999
823.0 76.536
824.0 76.613
825.0 76.669
826.0 76.736
827.0 76.818
828.0 76.89
829.0 76.927
830.0 77.044
831.0 77.098999
832.0 77.173999
833.0 77.239
834.0 77.314
835.0 77.377
836.0 77.447999
837.0 77.525
838.0 77.593
839.0 77.663
840.0 77.738
841.0 77.798
842.0 77.877
843.0 77.973
844.0 78.036
845.0 78.09
846.0 78.166
847.0 78.242
848.0 78.295999
849.0 78.372
850.0 78.446
851.0 78.530999
852.0 78.598
853.0 78.661999
854.0 78.738
855.0 78.808
856.0 78.856
857.0 78.935999
858.0 79.014
859.0 79.084
860.0 79.152999
861.0 79.222
862.0 79.268
863.0 79.349999
864.0 79.399
865.0 79.474
866.0 79.525
867.0 79.599
868.0 79.674
869.0 79.722
870.0 79.793
871.0 79.851
872.0 79.922
873.0 79.986
874.0 80.042
875.0 80.1
876.0 80.151
877.0 80.200999
878.0 80.271
879.0 80.325
880.0 80.382
881.0 80.442
882.0 80.493
883.0 80.565
884.0 80.626
885.0 80.645
886.0 80.723
887.0 80.791
888.0 80.817
889.0 80.898
890.0 80.931
891.0 80.983999
892.0 81.021
893.0 81.066
894.0 81.124
895.0 81.171
896.0 81.218
897.0 81.258
898.0 81.301999
899.0 81.340999
900.0 81.386
901.0 81.413
902.0 81.446
903.0 81.482
904.0 81.499
905.0 81.559
906.0 81.591
907.0 81.628999
908.0 81.65
909.0 81.664
910.0 81.688
911.0 81.715
912.0 81.737
913.0 81.779
914.0 81.791
915.0 81.809
916.0 81.852
917.0 81.866
918.0 81.911999
919.0 81.931
920.0 81.95
921.0 81.988
922.0 82.005
923.0 82.030999
924.0 82.045999
925.0 82.053
926.0 82.079
927.0 82.077
928.0 82.093
929.0 82.12
930.0 82.169
931.0 82.136
932.0 82.179
933.0 82.197
934.0 82.179999
935.0 82.193
936.0 82.214
937.0 82.211
938.0 82.213
939.0 82.247
940.0 82.235
941.0 82.255
942.0 82.245
943.0 82.25
944.0 82.256
945.0 82.265
946.0 82.23
947.0 82.221999
948.0 82.23
949.0 82.214
950.0 82.218999
951.0 82.21
952.0 82.198
953.0 82.197
954.0 82.178
955.0 82.206999
956.0 82.214
957.0 82.211999
958.0 82.226
959.0 82.179999
960.0 82.217
961.0 82.155
962.0 82.163
963.0 82.138
964.0 82.152
965.0 82.143999
966.0 82.095
967.0 82.093
968.0 82.069999
969.0 82.071
970.0 82.060999
971.0 82.021999
972.0 82.023
973.0 81.998
974.0 81.964
975.0 81.959
976.0 81.942
977.0 81.931
978.0 81.904
979.0 81.882
980.0 81.896999
981.0 81.896999
982.0 81.87
983.0 81.86
984.0 81.84
985.0 81.819
986.0 81.772
987.0 81.754
988.0 81.738999
989.0 81.699999
990.0 81.694
991.0 81.638
992.0 81.627
993.0 81.566
994.0 81.556
995.0 81.536
996.0 81.488
997.0 81.455999
998.0 81.445
999.0 81.407
1000.0 81.381
1001.0 81.345999
1002.0 81.343
1003.0 81.304
1004.0 81.273
1005.0 81.248
1006.0 81.230999
1007.0 81.202
1008.0 81.176999
1009.0 81.125
1010.0 81.086
1011.0 81.064
1012.0 81.028
1013.0 81.026
1014.0 80.978
1015.0 80.955
1016.0 80.908
1017.0 80.86
1018.0 80.848
1019.0 80.789999
1020.0 80.744
1021.0 80.713
1022.0 80.687
1023.0 80.652
1024.0 80.581
1025.0 80.554999
1026.0 80.528
1027.0 80.503
1028.0 80.525
1029.0 80.474
1030.0 80.429
1031.0 80.377
1032.0 80.34
1033.0 80.316
1034.0 80.310999
1035.0 80.273
1036.0 80.239
1037.0 80.21
1038.0 80.164
1039.0 80.115
1040.0 80.062999
1041.0 80.068
1042.0 80.05
1043.0 80.039
1044.0 79.903
1045.0 79.869999
1046.0 79.810999
1047.0 79.806
1048.0 79.833
1049.0 79.788
1050.0 79.732
1051.0 79.67
1052.0 79.631
1053.0 79.608999
1054.0 79.586
1055.0 79.615
1056.0 79.581999
1057.0 79.523
1058.0 79.440999
1059.0 79.415
1060.0 79.406
1061.0 79.387
1062.0 79.393999
1063.0 79.313
1064.0 79.227999
1065.0 79.154
1066.0 79.193
1067.0 79.193
1068.0 79.143
1069.0 79.124
1070.0 78.986999
1071.0 78.93
1072.0 78.958
1073.0 79.01
1074.0 78.986999
1075.0 79.012
1076.0 78.895
1077.0 78.774
1078.0 78.779
1079.0 78.817
1080.0 78.829
1081.0 78.816
1082.0 78.696999
1083.0 78.627
1084.0 78.586
1085.0 78.581999
1086.0 78.663
1087.0 78.581999
1088.0 78.539
1089.0 78.432
1090.0 78.393999
1091.0 78.456
1092.0 78.517
1093.0 78.435
1094.0 78.426
1095.0 78.203999
1096.0 78.217
1097.0 78.269
1098.0 78.352999
1099.0 78.226
1100.0 78.161999
