190.0 0.096
191.0 0.102
192.0 0.083
193.0 0.071
194.0 0.054
195.0 0.074
196.0 0.033
197.0 0.042
198.0 0.028
199.0 0.033
200.0 0.015
201.0 0.025
202.0 0.035
203.0 0.065
204.0 0.051
205.0 0.033
206.0 0.014
207.0 0.036
208.0 0.02
209.0 0.023
210.0 0.017
211.0 0.048
212.0 0.013
213.0 0.013
214.0 0.024
215.0 0.02
216.0 0.026
217.0 0.026
218.0 0.027
219.0 0.042
220.0 0.019
221.0 0.025
222.0 0.025
223.0 0.024
224.0 0.034
225.0 0.021
226.0 0.031
227.0 0.034
228.0 0.022
229.0 0.024
230.0 0.017
231.0 0.019
232.0 0.017
233.0 0.035
234.0 0.009
235.0 0.032
236.0 0.016
237.0 0.024
238.0 0.021
239.0 0.016
240.0 0.018
241.0 0.016
242.0 0.02
243.0 0.024
244.0 0.033
245.0 0.02
246.0 0.018
247.0 0.011
248.0 0.027
249.0 0.025
250.0 0.017
251.0 0.033
252.0 0.023
253.0 0.031
254.0 0.017
255.0 0.015
256.0 0.013
257.0 0.036
258.0 0.052
259.0 0.038
260.0 0.027
261.0 0.005
262.0 0.029
263.0 0.025
264.0 0.034
265.0 0.014
266.0 0.034
267.0 0.058
268.0 0.012
269.0 0.031
270.0 0.037
271.0 0.039
272.0 0.047
273.0 0.039
274.0 0.019
275.0 0.078
276.0 0.041
277.0 0.034
278.0 0.032
279.0 0.038
280.0 0.046
281.0 0.028
282.0 0.075
283.0 0.071
284.0 0.064
285.0 0.052
286.0 0.033
287.0 0.032
288.0 0.039
289.0 0.035
290.0 0.025
291.0 0.091
292.0 0.05
293.0 0.049
294.0 0.048
295.0 0.047
296.0 0.024
297.0 0.025
298.0 0.031
299.0 0.048
300.0 0.035
301.0 0.071
302.0 0.047
303.0 0.048
304.0 0.006
305.0 0.043
306.0 0.03
307.0 0.06
308.0 0.045
309.0 0.035
310.0 0.028
311.0 0.031
312.0 0.03
313.0 0.027
314.0 0.06
315.0 0.073
316.0 0.037
317.0 0.063
318.0 0.074
319.0 0.044
320.0 0.068999
321.0 0.08
322.0 0.063
323.0 0.098
324.0 0.059
325.0 0.046
326.0 0.086999
327.0 0.054
328.0 0.041
329.0 0.055999
330.0 0.064
331.0 0.076
332.0 0.041
333.0 0.043
334.0 0.073
335.0 0.05
336.0 0.05
337.0 0.032
338.0 0.04
339.0 0.059
340.0 0.039
341.0 0.03
342.0 0.024
343.0 0.043
344.0 0.041
345.0 0.034
346.0 0.033
347.0 0.049
348.0 0.025
349.0 0.015
350.0 0.034
351.0 0.035
352.0 0.025
353.0 0.016
354.0 0.036
355.0 0.041
356.0 0.037
357.0 0.039
358.0 0.062
359.0 0.080999
360.0 0.119
361.0 0.198
362.0 0.298
363.0 0.476
364.0 0.705
365.0 1.028
366.0 1.504
367.0 2.092
368.0 2.879
369.0 3.85
370.0 5.017
371.0 6.390999
372.0 7.956
373.0 9.725999
374.0 11.653
375.0 13.648
376.0 15.701
377.0 17.746
378.0 19.744
379.0 21.711
380.0 23.745
381.0 25.869
382.0 27.957
383.0 30.342
384.0 32.803
385.0 35.218
386.0 37.623
387.0 39.916
388.0 42.022
389.0 43.89
390.0 45.504
391.0 46.832
392.0 47.931
393.0 48.888
394.0 49.777
395.0 50.665
396.0 51.651
397.0 52.763
398.0 54.056
399.0 55.502
400.0 57.091
401.0 58.767
402.0 60.508
403.0 62.188
404.0 63.745
405.0 65.069999
406.0 66.155
407.0 66.932999
408.0 67.428
409.0 67.657
410.0 67.635
411.0 67.454
412.0 67.182
413.0 66.872
414.0 66.599
415.0 66.405999
416.0 66.358999
417.0 66.491999
418.0 66.771999
419.0 67.27
420.0 67.944
421.0 68.949
422.0 69.902
423.0 70.967
424.0 72.051
425.0 73.201
426.0 74.268
427.0 75.215
428.0 76.044
429.0 76.692
430.0 77.139
431.0 77.352
432.0 77.353
433.0 77.164999
434.0 76.797
435.0 76.334
436.0 75.719
437.0 75.095
438.0 74.463
439.0 73.866
440.0 73.303
441.0 72.851
442.0 72.514
443.0 72.292999
444.0 72.229
445.0 72.287
446.0 72.521
447.0 72.885
448.0 73.366
449.0 73.968999
450.0 74.666
451.0 75.436
452.0 76.243
453.0 77.078
454.0 77.917
455.0 78.708
456.0 79.47
457.0 80.128
458.0 80.679999
459.0 81.095
460.0 81.371
461.0 81.53
462.0 81.512
463.0 81.351
464.0 81.101999
465.0 80.693
466.0 80.232
467.0 79.669
468.0 79.076
469.0 78.45
470.0 77.833
471.0 77.222
472.0 76.633
473.0 76.125
474.0 75.681
475.0 75.319999
476.0 75.039
477.0 74.864
478.0 74.776
479.0 74.812
480.0 74.919
481.0 75.124
482.0 75.432
483.0 75.827999
484.0 76.312
485.0 76.833
486.0 77.422
487.0 78.085
488.0 78.730999
489.0 79.438
490.0 80.089999
491.0 80.812
492.0 81.411
493.0 82.041
494.0 82.564
495.0 83.026
496.0 83.38
497.0 83.678
498.0 83.842
499.0 83.950999
500.0 83.943
501.0 83.824
502.0 83.613
503.0 83.331999
504.0 82.994
505.0 82.562
506.0 82.084
507.0 81.593999
508.0 81.056
509.0 80.511
510.0 79.966
511.0 79.435999
512.0 78.939
513.0 78.437
514.0 77.999
515.0 77.586
516.0 77.247
517.0 76.94
518.0 76.699
519.0 76.529
520.0 76.441999
521.0 76.412
522.0 76.435
523.0 76.553
524.0 76.695
525.0 76.928
526.0 77.208
527.0 77.535
528.0 77.936
529.0 78.336
530.0 78.821
531.0 79.337999
532.0 79.875
533.0 80.415
534.0 80.983999
535.0 81.528
536.0 82.074
537.0 82.633
538.0 83.133
539.0 83.62
540.0 84.053
541.0 84.457
542.0 84.797
543.0 85.084999
544.0 85.307999
545.0 85.483
546.0 85.587
547.0 85.618
548.0 85.575
549.0 85.485999
550.0 85.349
551.0 85.104
552.0 84.858999
553.0 84.547
554.0 84.187
555.0 83.797
556.0 83.360999
557.0 82.931
558.0 82.477999
559.0 82.004
560.0 81.499
561.0 81.028
562.0 80.572
563.0 80.145
564.0 79.714
565.0 79.309
566.0 78.95
567.0 78.604
568.0 78.31
569.0 78.044
570.0 77.817
571.0 77.64
572.0 77.479
573.0 77.36
574.0 77.321
575.0 77.286
576.0 77.304
577.0 77.376
578.0 77.486999
579.0 77.619
580.0 77.819
581.0 78.038
582.0 78.313
583.0 78.592
584.0 78.896999
585.0 79.247999
586.0 79.622
587.0 80.023
588.0 80.435999
589.0 80.864
590.0 81.313
591.0 81.749
592.0 82.198
593.0 82.631
594.0 83.069999
595.0 83.496
596.0 83.883
597.0 84.277
598.0 84.626
599.0 84.958
600.0 85.25
601.0 85.503
602.0 85.748
603.0 85.934
604.0 86.094
605.0 86.197999
606.0 86.268999
607.0 86.292
608.0 86.268
609.0 86.218999
610.0 86.099
611.0 85.956999
612.0 85.794
613.0 85.582
614.0 85.331
615.0 85.045999
616.0 84.757
617.0 84.434
618.0 84.096999
619.0 83.742
620.0 83.366
621.0 82.97
622.0 82.581
623.0 82.181
624.0 81.799
625.0 81.403
626.0 81.018
627.0 80.639
628.0 80.27
629.0 79.919
630.0 79.588
631.0 79.285
632.0 78.974
633.0 78.696
634.0 78.439
635.0 78.2
636.0 77.98
637.0 77.789
638.0 77.627
639.0 77.476
640.0 77.385
641.0 77.305
642.0 77.235
643.0 77.208
644.0 77.209
645.0 77.239
646.0 77.278
647.0 77.358
648.0 77.464
649.0 77.577
650.0 77.72
651.0 77.907
652.0 78.086
653.0 78.298999
654.0 78.534
655.0 78.777
656.0 79.026
657.0 79.313999
658.0 79.593
659.0 79.899
660.0 80.211
661.0 80.53
662.0 80.84
663.0 81.185
664.0 81.508
665.0 81.843
666.0 82.178
667.0 82.509
668.0 82.815
669.0 83.145
670.0 83.450999
671.0 83.741
672.0 84.044
673.0 84.308
674.0 84.556
675.0 84.775
676.0 85.004
677.0 85.18
678.0 85.346999
679.0 85.516
680.0 85.631999
681.0 85.733999
682.0 85.803
683.0 85.872
684.0 85.897
685.0 85.89
686.0 85.858
687.0 85.822
688.0 85.747
689.0 85.651
690.0 85.54
691.0 85.390999
692.0 85.233
693.0 85.065
694.0 84.867999
695.0 84.655
696.0 84.426
697.0 84.155999
698.0 83.906
699.0 83.628999
700.0 83.352999
701.0 83.05
702.0 82.767
703.0 82.47
704.0 82.159
705.0 81.869
706.0 81.553
707.0 81.255
708.0 80.93
709.0 80.636
710.0 80.317
711.0 80.023
712.0 79.742999
713.0 79.456999
714.0 79.195
715.0 78.929
716.0 78.681
717.0 78.427
718.0 78.194
719.0 77.97
720.0 77.769
721.0 77.573
722.0 77.366999
723.0 77.215999
724.0 77.072
725.0 76.928
726.0 76.787
727.0 76.679
728.0 76.595
729.0 76.508
730.0 76.447
731.0 76.396
732.0 76.369
733.0 76.357
734.0 76.361
735.0 76.354
736.0 76.387
737.0 76.423
738.0 76.476999
739.0 76.534
740.0 76.628
741.0 76.726
742.0 76.836
743.0 76.95
744.0 77.087999
745.0 77.235
746.0 77.384
747.0 77.545
748.0 77.71
749.0 77.905
750.0 78.108999
751.0 78.298
752.0 78.498
753.0 78.705
754.0 78.924
755.0 79.17
756.0 79.392
757.0 79.627
758.0 79.849
759.0 80.093
760.0 80.32
761.0 80.559
762.0 80.818
763.0 81.039
764.0 81.268
765.0 81.504
766.0 81.732
767.0 81.969
768.0 82.19
769.0 82.386
770.0 82.599
771.0 82.777
772.0 82.962999
773.0 83.157
774.0 83.331
775.0 83.489999
776.0 83.626
777.0 83.771
778.0 83.896
779.0 84.033999
780.0 84.129
781.0 84.208
782.0 84.285
783.0 84.313999
784.0 84.371
785.0 84.383
786.0 84.411
787.0 84.434
788.0 84.392
789.0 84.397
790.0 84.385
791.0 84.336999
792.0 84.294
793.0 84.214
794.0 84.149
795.0 84.068
796.0 83.945
797.0 83.827
798.0 83.706999
799.0 83.581
800.0 83.434
801.0 83.274
802.0 83.093999
803.0 82.925
804.0 82.754
805.0 82.571
806.0 82.371
807.0 82.166
808.0 81.953
809.0 81.768
810.0 81.556
811.0 81.343
812.0 81.119
813.0 80.864
814.0 80.651
815.0 80.439
816.0 80.206999
817.0 79.974999
818.0 79.757
819.0 79.532
820.0 79.317
821.0 79.090999
822.0 78.903
823.0 78.671
824.0 78.45
825.0 78.224
826.0 78.048
827.0 77.841
828.0 77.648
829.0 77.443
830.0 77.283
831.0 77.098999
832.0 76.929999
833.0 76.762
834.0 76.596
835.0 76.431
836.0 76.292
837.0 76.175
838.0 76.022
839.0 75.899
840.0 75.785
841.0 75.673
842.0 75.589
843.0 75.492
844.0 75.367999
845.0 75.318
846.0 75.242
847.0 75.199
848.0 75.128
849.0 75.098
850.0 75.044
851.0 75.022
852.0 74.985
853.0 74.972
854.0 74.972
855.0 74.989999
856.0 74.988
857.0 75.005
858.0 75.029
859.0 75.044
860.0 75.095
861.0 75.141
862.0 75.188
863.0 75.233
864.0 75.314
865.0 75.388
866.0 75.473
867.0 75.563
868.0 75.64
869.0 75.731
870.0 75.864
871.0 75.961999
872.0 76.062
873.0 76.184
874.0 76.298999
875.0 76.422
876.0 76.539
877.0 76.676
878.0 76.803
879.0 76.956999
880.0 77.104
881.0 77.249
882.0 77.39
883.0 77.554999
884.0 77.712999
885.0 77.858999
886.0 78.054999
887.0 78.21
888.0 78.367
889.0 78.561
890.0 78.686
891.0 78.876
892.0 79.046
893.0 79.211
894.0 79.361
895.0 79.533
896.0 79.659
897.0 79.852999
898.0 79.986
899.0 80.157
900.0 80.308
901.0 80.469
902.0 80.595
903.0 80.733999
904.0 80.843
905.0 81.018
906.0 81.135
907.0 81.279
908.0 81.393
909.0 81.508
910.0 81.619
911.0 81.71
912.0 81.823
913.0 81.908
914.0 81.993
915.0 82.088
916.0 82.177
917.0 82.238
918.0 82.309
919.0 82.367999
920.0 82.426999
921.0 82.461
922.0 82.536
923.0 82.563
924.0 82.598
925.0 82.616999
926.0 82.626
927.0 82.628999
928.0 82.64
929.0 82.634
930.0 82.642
931.0 82.63
932.0 82.595
933.0 82.56
934.0 82.54
935.0 82.5
936.0 82.423999
937.0 82.411
938.0 82.332
939.0 82.26
940.0 82.198
941.0 82.12
942.0 82.047
943.0 81.94
944.0 81.855999
945.0 81.78
946.0 81.649
947.0 81.545
948.0 81.42
949.0 81.308
950.0 81.197
951.0 81.074
952.0 80.942
953.0 80.812
954.0 80.694999
955.0 80.589
956.0 80.464
957.0 80.317
958.0 80.178
959.0 80.015
960.0 79.889
961.0 79.739
962.0 79.605999
963.0 79.446
964.0 79.3
965.0 79.145
966.0 78.980999
967.0 78.851
968.0 78.698
969.0 78.551999
970.0 78.414
971.0 78.266
972.0 78.114999
973.0 77.956
974.0 77.810999
975.0 77.664
976.0 77.515999
977.0 77.372
978.0 77.235
979.0 77.063999
980.0 76.932
981.0 76.798999
982.0 76.667
983.0 76.526
984.0 76.39
985.0 76.259999
986.0 76.142
987.0 76.02
988.0 75.902
989.0 75.763
990.0 75.646
991.0 75.557
992.0 75.417
993.0 75.334999
994.0 75.226
995.0 75.105999
996.0 75.031
997.0 74.925
998.0 74.855999
999.0 74.744999
1000.0 74.668
1001.0 74.595999
1002.0 74.524
1003.0 74.461
1004.0 74.374
1005.0 74.314
1006.0 74.239999
1007.0 74.197999
1008.0 74.136
1009.0 74.075999
1010.0 74.048999
1011.0 73.975
1012.0 73.95
1013.0 73.91
1014.0 73.89
1015.0 73.854
1016.0 73.79
1017.0 73.79
1018.0 73.758
1019.0 73.732
1020.0 73.729999
1021.0 73.72
1022.0 73.711
1023.0 73.717999
1024.0 73.727
1025.0 73.739
1026.0 73.729
1027.0 73.729999
1028.0 73.768
1029.0 73.804999
1030.0 73.803
1031.0 73.823
1032.0 73.836
1033.0 73.863999
1034.0 73.919
1035.0 73.941999
1036.0 73.97
1037.0 74.017
1038.0 74.090999
1039.0 74.116
1040.0 74.153
1041.0 74.224999
1042.0 74.255
1043.0 74.313
1044.0 74.361999
1045.0 74.423
1046.0 74.482
1047.0 74.551999
1048.0 74.607
1049.0 74.719
1050.0 74.741
1051.0 74.854
1052.0 74.933
1053.0 75.008
1054.0 75.097
1055.0 75.179
1056.0 75.28
1057.0 75.334
1058.0 75.468
1059.0 75.543
1060.0 75.633
1061.0 75.717999
1062.0 75.787
1063.0 75.865
1064.0 76.004
1065.0 76.032
1066.0 76.148
1067.0 76.271
1068.0 76.333
1069.0 76.446
1070.0 76.596
1071.0 76.610999
1072.0 76.718
1073.0 76.783
1074.0 76.948
1075.0 77.068
1076.0 77.134
1077.0 77.220999
1078.0 77.305
1079.0 77.431
1080.0 77.554999
1081.0 77.64
1082.0 77.749
1083.0 77.786999
1084.0 77.920999
1085.0 77.939
1086.0 78.06
1087.0 78.149
1088.0 78.164
1089.0 78.324
1090.0 78.459999
1091.0 78.474
1092.0 78.623
1093.0 78.693
1094.0 78.703999
1095.0 78.861999
1096.0 78.872
1097.0 79.017
1098.0 79.046
1099.0 79.093999
1100.0 79.17
