190.0 0.111
191.0 0.167
192.0 0.058
193.0 0.103
194.0 0.049
195.0 0.094
196.0 0.049
197.0 0.033
198.0 0.032
199.0 0.038
200.0 0.041
201.0 0.03
202.0 0.051
203.0 0.055999
204.0 0.021
205.0 0.031
206.0 0.031
207.0 0.039
208.0 0.031
209.0 0.036
210.0 0.032
211.0 0.044
212.0 0.039
213.0 0.031
214.0 0.024
215.0 0.039
216.0 0.012
217.0 0.023
218.0 0.028
219.0 0.047
220.0 0.033
221.0 0.03
222.0 0.027
223.0 0.037
224.0 0.031
225.0 0.016
226.0 0.024
227.0 0.036
228.0 0.029
229.0 0.021
230.0 0.028
231.0 0.029
232.0 0.02
233.0 0.022
234.0 0.028
235.0 0.033
236.0 0.027
237.0 0.018
238.0 0.019
239.0 0.027
240.0 0.02
241.0 0.023
242.0 0.032
243.0 0.027
244.0 0.03
245.0 0.006999
246.0 0.031
247.0 0.023
248.0 0.019
249.0 0.017
250.0 0.026
251.0 0.049
252.0 0.024
253.0 0.002
254.0 0.028
255.0 0.012
256.0 0.032
257.0 0.021
258.0 0.025
259.0 0.044
260.0 0.024
261.0 0.031
262.0 0.038
263.0 0.028
264.0 0.039
265.0 0.025
266.0 0.053
267.0 0.058
268.0 0.043
269.0 0.048
270.0 0.043
271.0 0.037
272.0 0.046
273.0 0.073
274.0 0.042
275.0 0.057
276.0 0.039
277.0 0.06
278.0 0.041
279.0 0.055999
280.0 0.057
281.0 0.047
282.0 0.063
283.0 0.083
284.0 0.05
285.0 0.049
286.0 0.068
287.0 0.049
288.0 0.069999
289.0 0.047
290.0 0.045
291.0 0.069999
292.0 0.046
293.0 0.061
294.0 0.053
295.0 0.067
296.0 0.072
297.0 0.042
298.0 0.039
299.0 0.052
300.0 0.018
301.0 0.051
302.0 0.023
303.0 0.052
304.0 0.044
305.0 0.017
306.0 0.038
307.0 0.084
308.0 0.06
309.0 0.042
310.0 0.051
311.0 0.057
312.0 0.072
313.0 0.036
314.0 0.053
315.0 0.071
316.0 0.073
317.0 0.062
318.0 0.042
319.0 0.057
320.0 0.096
321.0 0.035
322.0 0.1
323.0 0.082
324.0 0.071
325.0 0.061
326.0 0.014
327.0 0.368
328.0 0.338
329.0 0.344
330.0 0.337
331.0 0.334
332.0 0.294
333.0 0.303
334.0 0.275
335.0 0.267
336.0 0.264
337.0 0.264
338.0 0.258
339.0 0.25
340.0 0.234
341.0 0.232
342.0 0.219
343.0 0.214
344.0 0.201
345.0 0.212
346.0 0.197
347.0 0.194
348.0 0.185
349.0 0.188
350.0 0.189
351.0 0.197
352.0 0.205
353.0 0.206
354.0 0.21
355.0 0.244
356.0 0.262
357.0 0.308
358.0 0.388
359.0 0.483
360.0 0.624
361.0 0.839
362.0 1.123
363.0 1.542
364.0 2.066
365.0 2.763
366.0 3.647
367.0 4.755
368.0 6.078
369.0 7.582999
370.0 9.347999
371.0 11.304
372.0 13.4
373.0 15.629
374.0 17.975
375.0 20.341
376.0 22.748
377.0 25.161
378.0 27.582
379.0 29.948
380.0 32.315
381.0 34.635
382.0 36.857
383.0 38.902
384.0 40.794
385.0 42.62
386.0 44.33
387.0 45.942
388.0 47.475
389.0 48.948
390.0 50.391
391.0 51.812
392.0 53.208
393.0 54.612
394.0 56.01
395.0 57.395
396.0 58.736
397.0 60.084
398.0 61.383
399.0 62.638
400.0 63.814
401.0 64.902
402.0 65.935999
403.0 66.837999
404.0 67.648
405.0 68.336
406.0 68.913
407.0 69.415
408.0 69.819
409.0 70.13
410.0 70.374
411.0 70.555
412.0 70.723
413.0 70.819
414.0 70.931
415.0 71.031
416.0 71.149
417.0 71.309
418.0 71.462
419.0 71.667999
420.0 71.886
421.0 72.613
422.0 72.953
423.0 73.303
424.0 73.673999
425.0 74.111
426.0 74.556
427.0 75.012
428.0 75.494
429.0 75.976999
430.0 76.453
431.0 76.927
432.0 77.381
433.0 77.830999
434.0 78.217
435.0 78.605999
436.0 78.899
437.0 79.175
438.0 79.454
439.0 79.637
440.0 79.822999
441.0 79.944
442.0 80.01
443.0 80.028
444.0 80.002
445.0 79.971999
446.0 79.922
447.0 79.8
448.0 79.668
449.0 79.502
450.0 79.34
451.0 79.19
452.0 79.03
453.0 78.855
454.0 78.705
455.0 78.58
456.0 78.452999
457.0 78.373
458.0 78.283
459.0 78.258
460.0 78.239999
461.0 78.255
462.0 78.293
463.0 78.369
464.0 78.496
465.0 78.627
466.0 78.804
467.0 78.977
468.0 79.223
469.0 79.453
470.0 79.73
471.0 80.014
472.0 80.289999
473.0 80.605999
474.0 80.925
475.0 81.242999
476.0 81.565
477.0 81.904
478.0 82.215
479.0 82.545999
480.0 82.833
481.0 83.113
482.0 83.403
483.0 83.673
484.0 83.935
485.0 84.128
486.0 84.318
487.0 84.497
488.0 84.617
489.0 84.753
490.0 84.794
491.0 84.908
492.0 84.922
493.0 84.941
494.0 84.906
495.0 84.879
496.0 84.824999
497.0 84.73
498.0 84.616
499.0 84.519
500.0 84.382
501.0 84.238
502.0 84.101
503.0 83.923999
504.0 83.782
505.0 83.589
506.0 83.435
507.0 83.265999
508.0 83.122
509.0 82.994999
510.0 82.837
511.0 82.701
512.0 82.603
513.0 82.489
514.0 82.411999
515.0 82.340999
516.0 82.277999
517.0 82.236
518.0 82.214
519.0 82.221999
520.0 82.245
521.0 82.269
522.0 82.309
523.0 82.426
524.0 82.477
525.0 82.579
526.0 82.691
527.0 82.819
528.0 82.989999
529.0 83.131999
530.0 83.323
531.0 83.508
532.0 83.706
533.0 83.898
534.0 84.124
535.0 84.35
536.0 84.563999
537.0 84.807
538.0 85.017
539.0 85.257
540.0 85.509999
541.0 85.735
542.0 85.952
543.0 86.170999
544.0 86.382
545.0 86.604
546.0 86.791
547.0 86.983999
548.0 87.141
549.0 87.324
550.0 87.476
551.0 87.614
552.0 87.751
553.0 87.866
554.0 87.961999
555.0 88.059
556.0 88.131
557.0 88.175
558.0 88.221
559.0 88.221999
560.0 88.163
561.0 88.163
562.0 88.149
563.0 88.109
564.0 88.071999
565.0 87.980999
566.0 87.902999
567.0 87.804
568.0 87.714
569.0 87.578
570.0 87.437
571.0 87.33
572.0 87.152
573.0 86.982
574.0 86.843999
575.0 86.654
576.0 86.475
577.0 86.297
578.0 86.127
579.0 85.950999
580.0 85.77
581.0 85.590999
582.0 85.453999
583.0 85.292
584.0 85.146
585.0 85.014
586.0 84.887999
587.0 84.792
588.0 84.692
589.0 84.614
590.0 84.545999
591.0 84.477999
592.0 84.42
593.0 84.358
594.0 84.322
595.0 84.291
596.0 84.248
597.0 84.224
598.0 84.194
599.0 84.196
600.0 84.184
601.0 84.177
602.0 84.208
603.0 84.218999
604.0 84.241
605.0 84.288
606.0 84.331999
607.0 84.391
608.0 84.45
609.0 84.52
610.0 84.587999
611.0 84.670999
612.0 84.774
613.0 84.884
614.0 84.994
615.0 85.094
616.0 85.229999
617.0 85.355999
618.0 85.488
619.0 85.629
620.0 85.786
621.0 85.922
622.0 86.084
623.0 86.247
624.0 86.402999
625.0 86.578999
626.0 86.721999
627.0 86.893
628.0 87.063
629.0 87.224999
630.0 87.382
631.0 87.566
632.0 87.744
633.0 87.895
634.0 88.071999
635.0 88.221999
636.0 88.36
637.0 88.534
638.0 88.673999
639.0 88.818
640.0 88.974
641.0 89.105999
642.0 89.23
643.0 89.342
644.0 89.473
645.0 89.575
646.0 89.658
647.0 89.767
648.0 89.872
649.0 89.927
650.0 89.985
651.0 90.058
652.0 90.089
653.0 90.143
654.0 90.184
655.0 90.203
656.0 90.219
657.0 90.236
658.0 90.215
659.0 90.208
660.0 90.199
661.0 90.173999
662.0 90.129
663.0 90.072
664.0 90.03
665.0 89.959
666.0 89.875
667.0 89.807999
668.0 89.717
669.0 89.62
670.0 89.529
671.0 89.404
672.0 89.309
673.0 89.193999
674.0 89.066999
675.0 88.939
676.0 88.805
677.0 88.652
678.0 88.524999
679.0 88.387
680.0 88.239999
681.0 88.089
682.0 87.917999
683.0 87.767
684.0 87.548999
685.0 87.343
686.0 87.19
687.0 87.046
688.0 86.89
689.0 86.738
690.0 86.587
691.0 86.426999
692.0 86.278
693.0 86.137
694.0 85.997
695.0 85.863999
696.0 85.706999
697.0 85.566
698.0 85.443
699.0 85.304999
700.0 85.18
701.0 85.053
702.0 84.949
703.0 84.824999
704.0 84.727
705.0 84.628
706.0 84.526
707.0 84.448
708.0 84.331999
709.0 84.277
710.0 84.189
711.0 84.111
712.0 84.041
713.0 83.984
714.0 83.941
715.0 83.886
716.0 83.855999
717.0 83.819999
718.0 83.772
719.0 83.755
720.0 83.747
721.0 83.706
722.0 83.704
723.0 83.724
724.0 83.723
725.0 83.721
726.0 83.729
727.0 83.753999
728.0 83.789999
729.0 83.813999
730.0 83.857
731.0 83.892
732.0 83.941
733.0 83.997
734.0 84.072
735.0 84.096999
736.0 84.176
737.0 84.235
738.0 84.294
739.0 84.379
740.0 84.48
741.0 84.566
742.0 84.643999
743.0 84.738
744.0 84.831
745.0 84.932
746.0 85.027
747.0 85.146
748.0 85.236999
749.0 85.357
750.0 85.473
751.0 85.572
752.0 85.689
753.0 85.806
754.0 85.917
755.0 86.051999
756.0 86.178
757.0 86.286
758.0 86.422
759.0 86.544
760.0 86.661
761.0 86.795
762.0 86.914999
763.0 87.024
764.0 87.124
765.0 87.266
766.0 87.376
767.0 87.5
768.0 87.614
769.0 87.705
770.0 87.827999
771.0 87.919
772.0 88.024
773.0 88.185999
774.0 88.305
775.0 88.439
776.0 88.554
777.0 88.684
778.0 88.822
779.0 88.962
780.0 89.07
781.0 89.13
782.0 89.191
783.0 89.207
784.0 89.25
785.0 89.291
786.0 89.348
787.0 89.425
788.0 89.474
789.0 89.568
790.0 89.657
791.0 89.72
792.0 89.791
793.0 89.825999
794.0 89.907
795.0 89.928
796.0 89.986
797.0 90.02
798.0 90.077
799.0 90.102999
800.0 90.117
801.0 90.125
802.0 90.142
803.0 90.149999
804.0 90.169999
805.0 90.184
806.0 90.158
807.0 90.145
808.0 90.135
809.0 90.132
810.0 90.11
811.0 90.081999
812.0 90.072
813.0 90.008
814.0 89.992
815.0 89.959999
816.0 89.903
817.0 89.853
818.0 89.798
819.0 89.734
820.0 89.69
821.0 89.642
822.0 89.598
823.0 89.494
824.0 89.434
825.0 89.346
826.0 89.29
827.0 89.193
828.0 89.109
829.0 89.027
830.0 88.951
831.0 88.863
832.0 88.755
833.0 88.681
834.0 88.578999
835.0 88.487
836.0 88.387
837.0 88.292
838.0 88.181
839.0 88.097
840.0 87.968999
841.0 87.865
842.0 87.766
843.0 87.665
844.0 87.557
845.0 87.455
846.0 87.343
847.0 87.253
848.0 87.142
849.0 87.011
850.0 86.906
851.0 86.795999
852.0 86.691
853.0 86.567
854.0 86.487
855.0 86.374
856.0 86.264
857.0 86.149
858.0 86.042
859.0 85.955
860.0 85.821
861.0 85.736
862.0 85.63
863.0 85.518
864.0 85.436
865.0 85.334
866.0 85.239
867.0 85.169
868.0 85.031
869.0 84.958
870.0 84.894
871.0 84.779
872.0 84.682
873.0 84.592
874.0 84.515
875.0 84.441
876.0 84.336
877.0 84.289
878.0 84.182
879.0 84.118
880.0 84.053
881.0 83.968
882.0 83.929
883.0 83.895
884.0 83.866
885.0 83.835
886.0 83.831999
887.0 83.753999
888.0 83.726999
889.0 83.694999
890.0 83.627
891.0 83.625
892.0 83.572
893.0 83.556
894.0 83.532
895.0 83.498
896.0 83.464
897.0 83.462
898.0 83.414
899.0 83.391
900.0 83.357
901.0 83.348999
902.0 83.323
903.0 83.281
904.0 83.241
905.0 83.246
906.0 83.196
907.0 83.191999
908.0 83.166
909.0 83.124
910.0 83.13
911.0 83.095
912.0 83.092
913.0 83.076
914.0 83.084
915.0 83.087
916.0 83.098
917.0 83.128
918.0 83.143999
919.0 83.176
920.0 83.205
921.0 83.208
922.0 83.271
923.0 83.312
924.0 83.367
925.0 83.405
926.0 83.429
927.0 83.462999
928.0 83.519
929.0 83.56
930.0 83.633
931.0 83.684
932.0 83.721
933.0 83.765999
934.0 83.857
935.0 83.875
936.0 83.934
937.0 84.015
938.0 84.055
939.0 84.099999
940.0 84.192
941.0 84.256
942.0 84.336
943.0 84.386
944.0 84.450999
945.0 84.513
946.0 84.611
947.0 84.642
948.0 84.709999
949.0 84.783
950.0 84.857
951.0 84.936
952.0 85.009999
953.0 85.068
954.0 85.136
955.0 85.261
956.0 85.355
957.0 85.419
958.0 85.517
959.0 85.589
960.0 85.666
961.0 85.738
962.0 85.83
963.0 85.91
964.0 86.019
965.0 86.071
966.0 86.166
967.0 86.268
968.0 86.343
969.0 86.434
970.0 86.52
971.0 86.611999
972.0 86.691
973.0 86.789
974.0 86.896
975.0 86.967
976.0 87.038
977.0 87.148
978.0 87.209
979.0 87.317
980.0 87.402
981.0 87.521
982.0 87.59
983.0 87.693
984.0 87.77
985.0 87.861
986.0 87.923
987.0 88.018
988.0 88.102
989.0 88.188
990.0 88.268
991.0 88.352
992.0 88.413
993.0 88.52
994.0 88.589
995.0 88.646999
996.0 88.721
997.0 88.782
998.0 88.885
999.0 88.912
1000.0 88.994
1001.0 89.089
1002.0 89.16
1003.0 89.242999
1004.0 89.294
1005.0 89.374
1006.0 89.416
1007.0 89.5
1008.0 89.545
1009.0 89.613
1010.0 89.671
1011.0 89.720999
1012.0 89.78
1013.0 89.837
1014.0 89.898
1015.0 89.955
1016.0 89.98
1017.0 90.054999
1018.0 90.102999
1019.0 90.122
1020.0 90.181
1021.0 90.226
1022.0 90.283999
1023.0 90.309
1024.0 90.315
1025.0 90.369
1026.0 90.4
1027.0 90.405999
1028.0 90.501
1029.0 90.511
1030.0 90.522
1031.0 90.573
1032.0 90.585
1033.0 90.598
1034.0 90.645
1035.0 90.652999
1036.0 90.656
1037.0 90.682
1038.0 90.722
1039.0 90.699
1040.0 90.724
1041.0 90.726
1042.0 90.745
1043.0 90.730999
1044.0 90.745
1045.0 90.739999
1046.0 90.759
1047.0 90.746
1048.0 90.735
1049.0 90.745
1050.0 90.714
1051.0 90.717
1052.0 90.734
1053.0 90.697
1054.0 90.700999
1055.0 90.652999
1056.0 90.702
1057.0 90.661
1058.0 90.658
1059.0 90.612
1060.0 90.593999
1061.0 90.613999
1062.0 90.576
1063.0 90.489
1064.0 90.542
1065.0 90.480999
1066.0 90.45
1067.0 90.395
1068.0 90.366
1069.0 90.36
1070.0 90.349
1071.0 90.217
1072.0 90.229
1073.0 90.175
1074.0 90.198
1075.0 90.129
1076.0 90.063999
1077.0 90.081999
1078.0 89.997
1079.0 89.949
1080.0 89.951
1081.0 89.908999
1082.0 89.848
1083.0 89.79
1084.0 89.742
1085.0 89.658
1086.0 89.673
1087.0 89.616
1088.0 89.473
1089.0 89.486
1090.0 89.404
1091.0 89.346999
1092.0 89.317
1093.0 89.334
1094.0 89.199
1095.0 89.214
1096.0 89.063
1097.0 89.078
1098.0 88.922
1099.0 88.884
1100.0 88.836
