190.0 0.0
191.0 0.086999
192.0 0.01
193.0 0.077
194.0 0.029
195.0 0.047
196.0 0.021
197.0 0.022
198.0 0.016
199.0 0.038
200.0 0.008
201.0 0.013
202.0 0.032
203.0 0.037
204.0 0.012
205.0 0.006999
206.0 0.012
207.0 0.032
208.0 0.011
209.0 0.005
210.0 0.024
211.0 0.029
212.0 0.018
213.0 0.025
214.0 0.005
215.0 0.033
216.0 0.016
217.0 0.014
218.0 0.006999
219.0 0.025
220.0 0.019
221.0 0.014
222.0 0.012
223.0 0.006
224.0 0.011
225.0 0.023
226.0 0.017
227.0 0.017
228.0 0.014
229.0 0.008
230.0 0.022
231.0 0.017
232.0 0.017
233.0 0.011
234.0 0.017
235.0 0.015
236.0 0.017
237.0 0.003
238.0 0.006999
239.0 0.006999
240.0 0.01
241.0 0.006999
242.0 0.015
243.0 0.017
244.0 0.011
245.0 0.015
246.0 0.009
247.0 0.002
248.0 0.008
249.0 0.01
250.0 0.009
251.0 0.019
252.0 0.012
253.0 0.005
254.0 0.031
255.0 0.019
256.0 0.005
257.0 0.03
258.0 0.025
259.0 0.04
260.0 0.01
261.0 0.006999
262.0 0.021
263.0 0.041
264.0 0.013
265.0 0.012
266.0 0.024
267.0 0.025
268.0 0.045
269.0 0.037
270.0 0.029
271.0 0.008
272.0 0.005
273.0 0.042
274.0 0.018
275.0 0.036
276.0 0.025
277.0 0.054
278.0 0.005
279.0 0.012
280.0 0.045
281.0 0.024
282.0 0.029
283.0 0.043
284.0 0.023
285.0 0.018
286.0 0.003
287.0 0.03
288.0 0.011
289.0 0.013
290.0 0.054
291.0 0.043
292.0 0.029
293.0 0.051
294.0 0.011
295.0 0.029
296.0 0.04
297.0 0.027
298.0 0.016
299.0 0.034
300.0 0.019
301.0 0.032
302.0 0.018
303.0 0.043
304.0 0.031
305.0 0.016
306.0 0.038
307.0 0.064
308.0 0.014
309.0 0.041
310.0 0.043
311.0 0.024
312.0 0.029
313.0 0.008
314.0 0.038
315.0 0.049
316.0 0.046
317.0 0.037
318.0 0.012
319.0 0.038
320.0 0.019
321.0 0.038
322.0 0.058
323.0 0.075
324.0 0.038
325.0 0.027
326.0 -0.001
327.0 0.302
328.0 0.277
329.0 0.302
330.0 0.283
331.0 0.262
332.0 0.267
333.0 0.25
334.0 0.25
335.0 0.239
336.0 0.219
337.0 0.22
338.0 0.217
339.0 0.221
340.0 0.181
341.0 0.183
342.0 0.188
343.0 0.188
344.0 0.175
345.0 0.178
346.0 0.187
347.0 0.168
348.0 0.156
349.0 0.167
350.0 0.177
351.0 0.171
352.0 0.177
353.0 0.204
354.0 0.224
355.0 0.26
356.0 0.307
357.0 0.371
358.0 0.481
359.0 0.639
360.0 0.868
361.0 1.148
362.0 1.547
363.0 2.067
364.0 2.715
365.0 3.578
366.0 4.61
367.0 5.86
368.0 7.333
369.0 8.995
370.0 10.858
371.0 12.895
372.0 15.08
373.0 17.346
374.0 19.691
375.0 22.038
376.0 24.397
377.0 26.748
378.0 29.079
379.0 31.389
380.0 33.623
381.0 35.86
382.0 38.065
383.0 40.119
384.0 42.053
385.0 43.927
386.0 45.69
387.0 47.363
388.0 48.941
389.0 50.453
390.0 51.908
391.0 53.291
392.0 54.617
393.0 55.91
394.0 57.136
395.0 58.314
396.0 59.437
397.0 60.537
398.0 61.578
399.0 62.577
400.0 63.514
401.0 64.39
402.0 65.254
403.0 66.038
404.0 66.766
405.0 67.43
406.0 68.06
407.0 68.625
408.0 69.152
409.0 69.647
410.0 70.072
411.0 70.472
412.0 70.862
413.0 71.217
414.0 71.555
415.0 71.858
416.0 72.167999
417.0 72.453999
418.0 72.736
419.0 73.024999
420.0 73.265
421.0 73.849
422.0 74.095999
423.0 74.367
424.0 74.595
425.0 74.837
426.0 75.054
427.0 75.287
428.0 75.473
429.0 75.68
430.0 75.876
431.0 76.09
432.0 76.255
433.0 76.441999
434.0 76.613
435.0 76.765
436.0 76.893999
437.0 77.022
438.0 77.163
439.0 77.310999
440.0 77.407
441.0 77.548
442.0 77.654
443.0 77.768
444.0 77.864
445.0 77.964999
446.0 78.081999
447.0 78.191999
448.0 78.28
449.0 78.381999
450.0 78.486999
451.0 78.566999
452.0 78.686
453.0 78.758
454.0 78.869999
455.0 78.99
456.0 79.086
457.0 79.218
458.0 79.29
459.0 79.423
460.0 79.529
461.0 79.672
462.0 79.774999
463.0 79.884999
464.0 80.015
465.0 80.128999
466.0 80.255
467.0 80.361
468.0 80.479
469.0 80.596999
470.0 80.696
471.0 80.794
472.0 80.894
473.0 80.989
474.0 81.064
475.0 81.162
476.0 81.227
477.0 81.318
478.0 81.354
479.0 81.435999
480.0 81.467
481.0 81.523
482.0 81.555
483.0 81.591
484.0 81.633
485.0 81.649
486.0 81.658
487.0 81.672
488.0 81.697
489.0 81.721
490.0 81.699
491.0 81.718999
492.0 81.688
493.0 81.721999
494.0 81.709
495.0 81.711999
496.0 81.727
497.0 81.741
498.0 81.730999
499.0 81.750999
500.0 81.772
501.0 81.796
502.0 81.818
503.0 81.859
504.0 81.920999
505.0 81.953
506.0 82.021
507.0 82.086
508.0 82.164999
509.0 82.258
510.0 82.33
511.0 82.432
512.0 82.529
513.0 82.628
514.0 82.756
515.0 82.867
516.0 82.982999
517.0 83.11
518.0 83.232
519.0 83.369
520.0 83.509
521.0 83.628
522.0 83.745
523.0 83.917
524.0 84.008
525.0 84.157
526.0 84.256
527.0 84.384
528.0 84.512
529.0 84.614
530.0 84.708
531.0 84.831
532.0 84.941999
533.0 85.007
534.0 85.102
535.0 85.178
536.0 85.252
537.0 85.306
538.0 85.357
539.0 85.401
540.0 85.438999
541.0 85.48
542.0 85.512
543.0 85.542
544.0 85.526
545.0 85.524999
546.0 85.514
547.0 85.474
548.0 85.438999
549.0 85.42
550.0 85.384
551.0 85.321
552.0 85.289999
553.0 85.206
554.0 85.146
555.0 85.08
556.0 85.015
557.0 84.921
558.0 84.857
559.0 84.762
560.0 84.688
561.0 84.592999
562.0 84.494
563.0 84.404
564.0 84.325
565.0 84.230999
566.0 84.157
567.0 84.065
568.0 83.992999
569.0 83.898
570.0 83.819999
571.0 83.748
572.0 83.662
573.0 83.599
574.0 83.544
575.0 83.462
576.0 83.416
577.0 83.372
578.0 83.328
579.0 83.286
580.0 83.268
581.0 83.246
582.0 83.252
583.0 83.253999
584.0 83.277999
585.0 83.294
586.0 83.345
587.0 83.409
588.0 83.484
589.0 83.565
590.0 83.661
591.0 83.759
592.0 83.872
593.0 83.973
594.0 84.11
595.0 84.232
596.0 84.328999
597.0 84.47
598.0 84.580999
599.0 84.721
600.0 84.840999
601.0 84.96
602.0 85.102999
603.0 85.229
604.0 85.358999
605.0 85.489
606.0 85.619
607.0 85.739
608.0 85.869
609.0 85.997
610.0 86.107999
611.0 86.236999
612.0 86.355
613.0 86.497
614.0 86.595
615.0 86.693
616.0 86.81
617.0 86.909
618.0 87.000999
619.0 87.102
620.0 87.202
621.0 87.280999
622.0 87.371
623.0 87.451
624.0 87.523
625.0 87.583
626.0 87.646999
627.0 87.705
628.0 87.759
629.0 87.789
630.0 87.842
631.0 87.87
632.0 87.902
633.0 87.925
634.0 87.965
635.0 87.967
636.0 87.956
637.0 87.963
638.0 87.951
639.0 87.926999
640.0 87.924
641.0 87.894
642.0 87.857
643.0 87.826
644.0 87.777
645.0 87.736999
646.0 87.678
647.0 87.627
648.0 87.566999
649.0 87.475
650.0 87.399
651.0 87.338
652.0 87.254
653.0 87.158
654.0 87.073
655.0 86.968
656.0 86.878999
657.0 86.79
658.0 86.68
659.0 86.555
660.0 86.455
661.0 86.365
662.0 86.217
663.0 86.113
664.0 85.989
665.0 85.87
666.0 85.744
667.0 85.619999
668.0 85.501
669.0 85.375
670.0 85.276
671.0 85.122
672.0 85.023
673.0 84.924
674.0 84.791
675.0 84.693
676.0 84.57
677.0 84.441999
678.0 84.351
679.0 84.256
680.0 84.152
681.0 84.043
682.0 83.908
683.0 83.848
684.0 83.702
685.0 83.603
686.0 83.517
687.0 83.453
688.0 83.367999
689.0 83.301
690.0 83.244
691.0 83.189
692.0 83.146
693.0 83.084
694.0 83.053
695.0 83.028
696.0 82.992999
697.0 82.942
698.0 82.925
699.0 82.915
700.0 82.904
701.0 82.892
702.0 82.894
703.0 82.91
704.0 82.913
705.0 82.945
706.0 82.946
707.0 82.979
708.0 82.994999
709.0 83.039
710.0 83.065
711.0 83.116999
712.0 83.153
713.0 83.193
714.0 83.265
715.0 83.328
716.0 83.38
717.0 83.450999
718.0 83.509999
719.0 83.594
720.0 83.679999
721.0 83.735
722.0 83.818
723.0 83.907
724.0 83.996
725.0 84.089
726.0 84.165
727.0 84.26
728.0 84.362
729.0 84.461
730.0 84.565
731.0 84.663
732.0 84.765999
733.0 84.862
734.0 84.974
735.0 85.063999
736.0 85.18
737.0 85.268
738.0 85.369
739.0 85.462
740.0 85.584999
741.0 85.690999
742.0 85.777999
743.0 85.88
744.0 85.965999
745.0 86.089
746.0 86.17
747.0 86.277
748.0 86.361
749.0 86.465
750.0 86.56
751.0 86.629
752.0 86.723
753.0 86.795
754.0 86.872
755.0 86.961999
756.0 87.035
757.0 87.104
758.0 87.192
759.0 87.251
760.0 87.322
761.0 87.369
762.0 87.438999
763.0 87.480999
764.0 87.517
765.0 87.572
766.0 87.602999
767.0 87.64
768.0 87.66
769.0 87.687
770.0 87.729999
771.0 87.711
772.0 87.739
773.0 87.783
774.0 87.829
775.0 87.872
776.0 87.871
777.0 87.911
778.0 87.928
779.0 87.977
780.0 87.977
781.0 87.932999
782.0 87.889
783.0 87.827
784.0 87.778
785.0 87.717
786.0 87.677
787.0 87.643
788.0 87.597
789.0 87.575
790.0 87.551
791.0 87.515
792.0 87.483
793.0 87.417999
794.0 87.386
795.0 87.331999
796.0 87.256999
797.0 87.216
798.0 87.152
799.0 87.082
800.0 87.017
801.0 86.941999
802.0 86.873
803.0 86.798
804.0 86.711
805.0 86.646999
806.0 86.534
807.0 86.462
808.0 86.372
809.0 86.302
810.0 86.194
811.0 86.117
812.0 86.024
813.0 85.918
814.0 85.81
815.0 85.728
816.0 85.607999
817.0 85.519
818.0 85.408
819.0 85.307
820.0 85.236
821.0 85.124
822.0 85.03
823.0 84.922
824.0 84.816
825.0 84.709999
826.0 84.608999
827.0 84.5
828.0 84.409
829.0 84.306
830.0 84.224
831.0 84.104
832.0 84.012
833.0 83.906
834.0 83.819999
835.0 83.711
836.0 83.634
837.0 83.525
838.0 83.426999
839.0 83.348999
840.0 83.242999
841.0 83.166
842.0 83.075
843.0 83.006
844.0 82.903
845.0 82.836
846.0 82.75
847.0 82.687
848.0 82.595
849.0 82.52
850.0 82.464
851.0 82.387
852.0 82.312
853.0 82.233999
854.0 82.185
855.0 82.125
856.0 82.053
857.0 81.991
858.0 81.949
859.0 81.882
860.0 81.819
861.0 81.796
862.0 81.736
863.0 81.69
864.0 81.657
865.0 81.62
866.0 81.584
867.0 81.568
868.0 81.517
869.0 81.493
870.0 81.494999
871.0 81.455
872.0 81.432
873.0 81.399999
874.0 81.384999
875.0 81.378
876.0 81.349
877.0 81.352999
878.0 81.33
879.0 81.321
880.0 81.325999
881.0 81.324
882.0 81.325999
883.0 81.387
884.0 81.388
885.0 81.43
886.0 81.457
887.0 81.494
888.0 81.508
889.0 81.56
890.0 81.567
891.0 81.603
892.0 81.637
893.0 81.694999
894.0 81.727999
895.0 81.75
896.0 81.791
897.0 81.852
898.0 81.867999
899.0 81.915
900.0 81.97
901.0 82.033
902.0 82.033999
903.0 82.095
904.0 82.105999
905.0 82.191999
906.0 82.227999
907.0 82.285
908.0 82.289999
909.0 82.328999
910.0 82.389
911.0 82.434
912.0 82.486
913.0 82.517
914.0 82.576
915.0 82.636
916.0 82.712
917.0 82.776
918.0 82.858
919.0 82.92
920.0 82.996
921.0 83.062
922.0 83.163
923.0 83.233999
924.0 83.335
925.0 83.394
926.0 83.46
927.0 83.518
928.0 83.622
929.0 83.69
930.0 83.796
931.0 83.885
932.0 83.944
933.0 84.013
934.0 84.131
935.0 84.185
936.0 84.265999
937.0 84.357
938.0 84.419
939.0 84.504
940.0 84.618
941.0 84.670999
942.0 84.765
943.0 84.845
944.0 84.898
945.0 84.985999
946.0 85.067
947.0 85.138
948.0 85.181
949.0 85.26
950.0 85.351999
951.0 85.417
952.0 85.5
953.0 85.55
954.0 85.648
955.0 85.74
956.0 85.845
957.0 85.889
958.0 85.971
959.0 86.016
960.0 86.09
961.0 86.155
962.0 86.231
963.0 86.291
964.0 86.361
965.0 86.416
966.0 86.46
967.0 86.553
968.0 86.595
969.0 86.684
970.0 86.728
971.0 86.816999
972.0 86.86
973.0 86.908
974.0 86.967
975.0 87.038
976.0 87.065
977.0 87.129
978.0 87.187
979.0 87.227
980.0 87.286
981.0 87.348
982.0 87.37
983.0 87.435
984.0 87.456999
985.0 87.505
986.0 87.559
987.0 87.59
988.0 87.62
989.0 87.66
990.0 87.688
991.0 87.721999
992.0 87.746
993.0 87.79
994.0 87.814
995.0 87.807
996.0 87.839
997.0 87.839999
998.0 87.884
999.0 87.87
1000.0 87.899
1001.0 87.914
1002.0 87.931
1003.0 87.961
1004.0 87.968
1005.0 87.971
1006.0 87.977
1007.0 87.987
1008.0 87.983
1009.0 87.977999
1010.0 87.991
1011.0 87.979
1012.0 87.979
1013.0 87.968
1014.0 87.998
1015.0 87.951
1016.0 87.939
1017.0 87.956999
1018.0 87.939
1019.0 87.916
1020.0 87.901
1021.0 87.888
1022.0 87.876
1023.0 87.831
1024.0 87.807
1025.0 87.806
1026.0 87.768
1027.0 87.727
1028.0 87.733
1029.0 87.712
1030.0 87.673999
1031.0 87.645
1032.0 87.611
1033.0 87.551
1034.0 87.547
1035.0 87.507
1036.0 87.464
1037.0 87.425
1038.0 87.405
1039.0 87.337
1040.0 87.295999
1041.0 87.275
1042.0 87.216
1043.0 87.166
1044.0 87.13
1045.0 87.063999
1046.0 87.046
1047.0 86.944999
1048.0 86.902999
1049.0 86.923
1050.0 86.834
1051.0 86.776
1052.0 86.704
1053.0 86.692
1054.0 86.624
1055.0 86.533
1056.0 86.483
1057.0 86.45
1058.0 86.396
1059.0 86.35
1060.0 86.282
1061.0 86.239
1062.0 86.184
1063.0 86.067
1064.0 86.077
1065.0 85.974999
1066.0 85.925
1067.0 85.907
1068.0 85.787
1069.0 85.724999
1070.0 85.684
1071.0 85.516
1072.0 85.506
1073.0 85.438999
1074.0 85.459
1075.0 85.371
1076.0 85.291
1077.0 85.230999
1078.0 85.164
1079.0 85.141
1080.0 85.033
1081.0 84.986999
1082.0 84.926
1083.0 84.864999
1084.0 84.816
1085.0 84.712
1086.0 84.639
1087.0 84.657
1088.0 84.492999
1089.0 84.465999
1090.0 84.408
1091.0 84.319999
1092.0 84.269
1093.0 84.214
1094.0 84.101
1095.0 84.143999
1096.0 84.025
1097.0 84.02
1098.0 83.887
1099.0 83.73
1100.0 83.828
