190.0 0.032
191.0 0.106
192.0 0.011
193.0 0.05
194.0 0.032
195.0 0.071
196.0 0.019
197.0 0.031
198.0 0.037
199.0 0.016
200.0 0.009
201.0 0.02
202.0 0.017
203.0 0.032
204.0 0.014
205.0 0.035
206.0 0.006
207.0 0.011
208.0 0.022
209.0 0.023
210.0 0.028
211.0 0.039
212.0 0.031
213.0 0.016
214.0 0.016
215.0 0.03
216.0 0.019
217.0 0.022
218.0 0.027
219.0 0.02
220.0 0.022
221.0 0.017
222.0 0.02
223.0 0.025
224.0 0.02
225.0 0.015
226.0 0.028
227.0 0.032
228.0 0.006
229.0 0.017
230.0 0.01
231.0 0.013
232.0 0.017
233.0 0.024
234.0 0.018
235.0 0.025
236.0 0.016
237.0 0.01
238.0 0.012
239.0 0.013
240.0 0.012
241.0 0.018
242.0 0.012
243.0 0.02
244.0 0.002
245.0 0.008
246.0 0.022
247.0 0.003
248.0 0.014
249.0 0.011
250.0 0.021
251.0 0.031
252.0 0.014
253.0 0.019
254.0 0.009
255.0 0.011
256.0 0.021
257.0 0.011
258.0 0.021
259.0 0.034
260.0 0.019
261.0 0.021
262.0 0.019
263.0 0.018
264.0 -0.005
265.0 0.019
266.0 0.04
267.0 0.018
268.0 0.02
269.0 0.023
270.0 0.019
271.0 0.014
272.0 0.026
273.0 0.021
274.0 0.026
275.0 0.057
276.0 0.017
277.0 0.008
278.0 0.036
279.0 0.035
280.0 0.024
281.0 0.023
282.0 0.046
283.0 0.049
284.0 0.025
285.0 0.022
286.0 0.033
287.0 0.018
288.0 0.013
289.0 0.033
290.0 0.045
291.0 0.045
292.0 0.023
293.0 0.032
294.0 0.02
295.0 0.022
296.0 0.028
297.0 0.029
298.0 0.026
299.0 0.042
300.0 0.037
301.0 0.033
302.0 -0.013
303.0 0.019
304.0 0.02
305.0 0.02
306.0 0.038
307.0 0.06
308.0 -0.003
309.0 0.016
310.0 0.036
311.0 0.024
312.0 0.011
313.0 0.023
314.0 0.049
315.0 0.048
316.0 0.031
317.0 0.039
318.0 0.063
319.0 0.015
320.0 0.025
321.0 0.049
322.0 0.024
323.0 0.094
324.0 0.057
325.0 0.045
326.0 0.003
327.0 0.399
328.0 0.369
329.0 0.373
330.0 0.392
331.0 0.382
332.0 0.33
333.0 0.34
334.0 0.322
335.0 0.333
336.0 0.303
337.0 0.301
338.0 0.288
339.0 0.298
340.0 0.311
341.0 0.286
342.0 0.276
343.0 0.285
344.0 0.284
345.0 0.305
346.0 0.295
347.0 0.329
348.0 0.336
349.0 0.361
350.0 0.409
351.0 0.451
352.0 0.515
353.0 0.617
354.0 0.733
355.0 0.894
356.0 1.082
357.0 1.34
358.0 1.654
359.0 2.067
360.0 2.577
361.0 3.192
362.0 3.967
363.0 4.874
364.0 5.939
365.0 7.170999
366.0 8.541
367.0 10.063
368.0 11.724
369.0 13.477
370.0 15.328
371.0 17.255
372.0 19.255
373.0 21.271
374.0 23.322
375.0 25.375
376.0 27.425
377.0 29.477
378.0 31.511
379.0 33.597
380.0 35.61
381.0 37.703
382.0 39.741
383.0 41.676
384.0 43.415
385.0 45.086
386.0 46.614
387.0 48.0
388.0 49.233
389.0 50.310999
390.0 51.266
391.0 52.078
392.0 52.769
393.0 53.343
394.0 53.836
395.0 54.257
396.0 54.616
397.0 54.912
398.0 55.201
399.0 55.482
400.0 55.749
401.0 56.007
402.0 56.301
403.0 56.591
404.0 56.901999
405.0 57.246
406.0 57.616
407.0 58.001
408.0 58.438
409.0 58.897
410.0 59.396
411.0 59.941999
412.0 60.502999
413.0 61.074
414.0 61.677
415.0 62.299
416.0 62.938
417.0 63.592
418.0 64.248
419.0 64.902
420.0 65.577
421.0 66.309
422.0 66.956
423.0 67.587
424.0 68.183
425.0 68.777
426.0 69.354
427.0 69.852999
428.0 70.327
429.0 70.804999
430.0 71.204
431.0 71.579
432.0 71.911999
433.0 72.163
434.0 72.374
435.0 72.571
436.0 72.705
437.0 72.809
438.0 72.851
439.0 72.892
440.0 72.882
441.0 72.833
442.0 72.749
443.0 72.641
444.0 72.5
445.0 72.377
446.0 72.196
447.0 72.03
448.0 71.839
449.0 71.623
450.0 71.417
451.0 71.201
452.0 70.982
453.0 70.753
454.0 70.529
455.0 70.333
456.0 70.111999
457.0 69.938
458.0 69.749
459.0 69.541
460.0 69.396999
461.0 69.242999
462.0 69.115
463.0 68.983999
464.0 68.896999
465.0 68.813
466.0 68.739999
467.0 68.694
468.0 68.663
469.0 68.628
470.0 68.654
471.0 68.681
472.0 68.721
473.0 68.789
474.0 68.876
475.0 68.962
476.0 69.056
477.0 69.206
478.0 69.363
479.0 69.514
480.0 69.693
481.0 69.884999
482.0 70.084999
483.0 70.316
484.0 70.528
485.0 70.801
486.0 71.045999
487.0 71.3
488.0 71.587999
489.0 71.873
490.0 72.17
491.0 72.458
492.0 72.768
493.0 73.075999
494.0 73.378
495.0 73.692
496.0 74.011
497.0 74.341
498.0 74.654
499.0 74.977
500.0 75.283
501.0 75.608
502.0 75.907
503.0 76.195
504.0 76.482
505.0 76.8
506.0 77.063999
507.0 77.334999
508.0 77.583
509.0 77.849
510.0 78.08
511.0 78.302
512.0 78.529
513.0 78.722
514.0 78.939
515.0 79.096999
516.0 79.257
517.0 79.419
518.0 79.56
519.0 79.67
520.0 79.781
521.0 79.883
522.0 79.971
523.0 80.021
524.0 80.064
525.0 80.12
526.0 80.140999
527.0 80.146
528.0 80.155
529.0 80.125999
530.0 80.093999
531.0 80.078
532.0 80.018
533.0 79.964
534.0 79.896
535.0 79.813
536.0 79.708
537.0 79.605
538.0 79.488
539.0 79.393999
540.0 79.268
541.0 79.139
542.0 79.014
543.0 78.857999
544.0 78.715
545.0 78.556
546.0 78.405999
547.0 78.254
548.0 78.078999
549.0 77.922
550.0 77.764
551.0 77.613
552.0 77.429999
553.0 77.276
554.0 77.105999
555.0 76.941999
556.0 76.763
557.0 76.62
558.0 76.485
559.0 76.298999
560.0 76.168
561.0 76.009
562.0 75.877
563.0 75.727999
564.0 75.597
565.0 75.47
566.0 75.331999
567.0 75.212999
568.0 75.093
569.0 74.980999
570.0 74.873
571.0 74.763
572.0 74.663
573.0 74.568
574.0 74.499
575.0 74.399
576.0 74.334
577.0 74.244
578.0 74.197999
579.0 74.134999
580.0 74.083
581.0 74.045
582.0 74.015
583.0 73.989
584.0 73.965
585.0 73.968999
586.0 73.972
587.0 73.979
588.0 73.987
589.0 74.016
590.0 74.051
591.0 74.097
592.0 74.125
593.0 74.189
594.0 74.229
595.0 74.295999
596.0 74.349
597.0 74.423
598.0 74.477999
599.0 74.551
600.0 74.637
601.0 74.727
602.0 74.814
603.0 74.901
604.0 74.992
605.0 75.087
606.0 75.196
607.0 75.294
608.0 75.407
609.0 75.527999
610.0 75.646
611.0 75.76
612.0 75.905999
613.0 76.024
614.0 76.152
615.0 76.29
616.0 76.408
617.0 76.554999
618.0 76.700999
619.0 76.846999
620.0 76.987
621.0 77.134999
622.0 77.275
623.0 77.434
624.0 77.598999
625.0 77.75
626.0 77.895
627.0 78.056
628.0 78.212999
629.0 78.361
630.0 78.537
631.0 78.69
632.0 78.846
633.0 79.006
634.0 79.17
635.0 79.322999
636.0 79.473
637.0 79.629
638.0 79.786
639.0 79.947
640.0 80.096999
641.0 80.259999
642.0 80.402
643.0 80.563
644.0 80.693
645.0 80.836
646.0 80.966
647.0 81.12
648.0 81.262
649.0 81.387
650.0 81.518
651.0 81.642
652.0 81.78
653.0 81.915
654.0 82.021999
655.0 82.135
656.0 82.242999
657.0 82.348
658.0 82.465999
659.0 82.568
660.0 82.667
661.0 82.757
662.0 82.846
663.0 82.925
664.0 83.009
665.0 83.075
666.0 83.166
667.0 83.214999
668.0 83.289999
669.0 83.346
670.0 83.392
671.0 83.46
672.0 83.512
673.0 83.541
674.0 83.58
675.0 83.623
676.0 83.666
677.0 83.663
678.0 83.713
679.0 83.706999
680.0 83.747
681.0 83.757
682.0 83.752
683.0 83.746
684.0 83.742
685.0 83.726
686.0 83.717
687.0 83.7
688.0 83.682
689.0 83.674
690.0 83.637
691.0 83.599
692.0 83.575999
693.0 83.526
694.0 83.502
695.0 83.457
696.0 83.408
697.0 83.359
698.0 83.298
699.0 83.249
700.0 83.182999
701.0 83.127
702.0 83.047
703.0 82.989
704.0 82.921
705.0 82.842
706.0 82.765999
707.0 82.689
708.0 82.611999
709.0 82.521999
710.0 82.441
711.0 82.351
712.0 82.27
713.0 82.177
714.0 82.093999
715.0 81.994
716.0 81.908999
717.0 81.799
718.0 81.706
719.0 81.61
720.0 81.515
721.0 81.415
722.0 81.301
723.0 81.203
724.0 81.108
725.0 81.005
726.0 80.895
727.0 80.785
728.0 80.669
729.0 80.574
730.0 80.479
731.0 80.361999
732.0 80.262999
733.0 80.17
734.0 80.059
735.0 79.935
736.0 79.840999
737.0 79.734
738.0 79.629
739.0 79.52
740.0 79.416
741.0 79.322
742.0 79.227999
743.0 79.107
744.0 79.022
745.0 78.916
746.0 78.825
747.0 78.732
748.0 78.628
749.0 78.532
750.0 78.431
751.0 78.356
752.0 78.258
753.0 78.152999
754.0 78.078999
755.0 77.979
756.0 77.88
757.0 77.805
758.0 77.714
759.0 77.627
760.0 77.558
761.0 77.486999
762.0 77.395
763.0 77.313
764.0 77.25
765.0 77.158
766.0 77.08
767.0 77.0
768.0 76.913
769.0 76.857
770.0 76.78
771.0 76.73
772.0 76.649
773.0 76.608
774.0 76.551999
775.0 76.52
776.0 76.461
777.0 76.416
778.0 76.392
779.0 76.361
780.0 76.319
781.0 76.273
782.0 76.204
783.0 76.145
784.0 76.07
785.0 76.019
786.0 75.994
787.0 75.958
788.0 75.914999
789.0 75.887
790.0 75.87
791.0 75.837
792.0 75.819999
793.0 75.778
794.0 75.77
795.0 75.723
796.0 75.700999
797.0 75.700999
798.0 75.669
799.0 75.668
800.0 75.657
801.0 75.643
802.0 75.631
803.0 75.637
804.0 75.629
805.0 75.614
806.0 75.628
807.0 75.614999
808.0 75.619
809.0 75.616
810.0 75.627
811.0 75.628
812.0 75.649
813.0 75.665
814.0 75.669
815.0 75.677
816.0 75.688
817.0 75.709999
818.0 75.732999
819.0 75.753
820.0 75.756
821.0 75.782
822.0 75.798
823.0 75.843999
824.0 75.843999
825.0 75.9
826.0 75.897
827.0 75.939
828.0 75.976
829.0 75.987
830.0 76.032
831.0 76.078
832.0 76.089
833.0 76.146
834.0 76.166
835.0 76.218
836.0 76.238
837.0 76.298999
838.0 76.349
839.0 76.375
840.0 76.432
841.0 76.476
842.0 76.527
843.0 76.563
844.0 76.62
845.0 76.646
846.0 76.699
847.0 76.749
848.0 76.809
849.0 76.848
850.0 76.92
851.0 76.976999
852.0 77.021
853.0 77.08
854.0 77.13
855.0 77.197
856.0 77.256
857.0 77.312
858.0 77.366
859.0 77.419
860.0 77.480999
861.0 77.554
862.0 77.617
863.0 77.675
864.0 77.744
865.0 77.798999
866.0 77.868
867.0 77.911
868.0 78.003
869.0 78.06
870.0 78.122
871.0 78.206
872.0 78.262
873.0 78.310999
874.0 78.393999
875.0 78.456999
876.0 78.522
877.0 78.583
878.0 78.661999
879.0 78.738
880.0 78.805
881.0 78.86
882.0 78.954
883.0 79.039999
884.0 79.133
885.0 79.196
886.0 79.292
887.0 79.352999
888.0 79.444
889.0 79.499
890.0 79.581
891.0 79.666
892.0 79.733
893.0 79.804
894.0 79.876
895.0 79.954
896.0 80.048
897.0 80.105999
898.0 80.156
899.0 80.235
900.0 80.294
901.0 80.366
902.0 80.419
903.0 80.479
904.0 80.547
905.0 80.642
906.0 80.676999
907.0 80.735
908.0 80.777
909.0 80.828999
910.0 80.894
911.0 80.94
912.0 81.0
913.0 81.052
914.0 81.1
915.0 81.152
916.0 81.211999
917.0 81.262999
918.0 81.32
919.0 81.382
920.0 81.442
921.0 81.502
922.0 81.560999
923.0 81.602
924.0 81.659
925.0 81.741
926.0 81.777
927.0 81.833
928.0 81.878
929.0 81.953
930.0 82.015
931.0 82.068
932.0 82.127
933.0 82.164
934.0 82.23
935.0 82.279
936.0 82.337
937.0 82.395
938.0 82.442
939.0 82.484
940.0 82.547
941.0 82.587999
942.0 82.634
943.0 82.696
944.0 82.758
945.0 82.781
946.0 82.82
947.0 82.866
948.0 82.925
949.0 82.958
950.0 82.989999
951.0 83.033
952.0 83.069
953.0 83.092
954.0 83.149
955.0 83.164
956.0 83.208
957.0 83.265999
958.0 83.28
959.0 83.327
960.0 83.392
961.0 83.416
962.0 83.45
963.0 83.47
964.0 83.501
965.0 83.525
966.0 83.569
967.0 83.613
968.0 83.631
969.0 83.658
970.0 83.675
971.0 83.686
972.0 83.742999
973.0 83.730999
974.0 83.753
975.0 83.796
976.0 83.811
977.0 83.825999
978.0 83.875
979.0 83.887
980.0 83.911999
981.0 83.942
982.0 83.964
983.0 83.984
984.0 83.982999
985.0 83.992
986.0 84.032
987.0 84.045
988.0 84.05
989.0 84.045
990.0 84.053
991.0 84.072999
992.0 84.068
993.0 84.086
994.0 84.098
995.0 84.092999
996.0 84.094
997.0 84.09
998.0 84.072999
999.0 84.095
1000.0 84.080999
1001.0 84.087999
1002.0 84.095
1003.0 84.092
1004.0 84.104999
1005.0 84.111
1006.0 84.114
1007.0 84.106
1008.0 84.091
1009.0 84.096
1010.0 84.072999
1011.0 84.063
1012.0 84.087
1013.0 84.057999
1014.0 84.05
1015.0 84.051
1016.0 84.027
1017.0 84.032
1018.0 84.009
1019.0 84.012
1020.0 83.980999
1021.0 83.985
1022.0 83.962
1023.0 83.977999
1024.0 83.891
1025.0 83.89
1026.0 83.852
1027.0 83.891
1028.0 83.845
1029.0 83.864999
1030.0 83.806
1031.0 83.81
1032.0 83.777
1033.0 83.765
1034.0 83.723
1035.0 83.736999
1036.0 83.704
1037.0 83.709999
1038.0 83.627
1039.0 83.624
1040.0 83.586
1041.0 83.594
1042.0 83.548999
1043.0 83.569
1044.0 83.517
1045.0 83.502
1046.0 83.441
1047.0 83.403
1048.0 83.347
1049.0 83.340999
1050.0 83.363
1051.0 83.340999
1052.0 83.27
1053.0 83.2
1054.0 83.179
1055.0 83.2
1056.0 83.176
1057.0 83.175
1058.0 83.149
1059.0 83.089
1060.0 83.025
1061.0 82.973
1062.0 82.941
1063.0 83.013
1064.0 82.93
1065.0 82.925
1066.0 82.848999
1067.0 82.797
1068.0 82.773
1069.0 82.77
1070.0 82.735
1071.0 82.647
1072.0 82.673
1073.0 82.581
1074.0 82.562
1075.0 82.473
1076.0 82.518
1077.0 82.521
1078.0 82.461
1079.0 82.431
1080.0 82.303
1081.0 82.288
1082.0 82.306
1083.0 82.267
1084.0 82.274
1085.0 82.23
1086.0 82.115
1087.0 82.091
1088.0 82.024
1089.0 82.127
1090.0 82.038
1091.0 82.004
1092.0 81.891
1093.0 81.806
1094.0 81.839
1095.0 81.774
1096.0 81.816
1097.0 81.75
1098.0 81.679999
1099.0 81.628
1100.0 81.625
