190.0 0.106
191.0 0.154
192.0 0.086999
193.0 0.076
194.0 0.071
195.0 0.077
196.0 0.057
197.0 0.035
198.0 0.044
199.0 0.046
200.0 0.029
201.0 0.04
202.0 0.048
203.0 0.044
204.0 0.047
205.0 0.023
206.0 0.034
207.0 0.019
208.0 0.026
209.0 0.027
210.0 0.025
211.0 0.037
212.0 0.013
213.0 0.036
214.0 0.025
215.0 0.017
216.0 0.036
217.0 0.029
218.0 0.029
219.0 0.045
220.0 0.003
221.0 0.02
222.0 0.035
223.0 0.032
224.0 0.034
225.0 0.016
226.0 0.023
227.0 0.036
228.0 0.026
229.0 0.024
230.0 0.025
231.0 0.023
232.0 0.021
233.0 0.022
234.0 0.02
235.0 0.032
236.0 0.006
237.0 0.02
238.0 0.027
239.0 0.015
240.0 0.02
241.0 0.013
242.0 0.026
243.0 0.035
244.0 0.011
245.0 0.033
246.0 0.01
247.0 0.027
248.0 0.019
249.0 0.024
250.0 0.019
251.0 0.045
252.0 0.015
253.0 0.036
254.0 0.02
255.0 0.015
256.0 0.024
257.0 0.03
258.0 0.019
259.0 0.057
260.0 0.023
261.0 0.026
262.0 0.046
263.0 0.031
264.0 0.022
265.0 0.023
266.0 0.037
267.0 0.039
268.0 0.027
269.0 0.045
270.0 0.015
271.0 0.032
272.0 0.033
273.0 0.036
274.0 0.034
275.0 0.06
276.0 0.049
277.0 0.041
278.0 0.034
279.0 0.055999
280.0 0.036
281.0 0.045
282.0 0.036
283.0 0.071
284.0 0.053
285.0 0.019
286.0 0.039
287.0 0.041
288.0 0.057
289.0 0.026
290.0 0.048
291.0 0.066
292.0 0.017
293.0 0.033
294.0 0.038
295.0 0.041
296.0 0.045
297.0 0.03
298.0 0.045
299.0 0.071
300.0 0.03
301.0 0.052
302.0 0.041
303.0 0.055
304.0 0.053
305.0 0.032
306.0 0.05
307.0 0.09
308.0 0.028
309.0 0.033
310.0 0.039
311.0 0.045
312.0 0.045
313.0 0.014
314.0 0.076
315.0 0.091
316.0 0.055999
317.0 0.075
318.0 0.063
319.0 0.042
320.0 0.058
321.0 0.026
322.0 0.024
323.0 0.093
324.0 0.048
325.0 0.069999
326.0 0.022
327.0 0.333
328.0 0.337
329.0 0.326
330.0 0.346
331.0 0.34
332.0 0.315
333.0 0.289
334.0 0.287
335.0 0.291
336.0 0.264
337.0 0.248
338.0 0.244
339.0 0.287
340.0 0.234
341.0 0.224
342.0 0.215
343.0 0.234
344.0 0.214
345.0 0.218
346.0 0.209
347.0 0.221
348.0 0.199
349.0 0.177
350.0 0.174
351.0 0.179
352.0 0.177
353.0 0.176
354.0 0.181
355.0 0.189
356.0 0.195
357.0 0.225
358.0 0.257
359.0 0.303
360.0 0.38
361.0 0.505
362.0 0.698
363.0 0.964
364.0 1.313
365.0 1.819
366.0 2.504
367.0 3.37
368.0 4.458
369.0 5.776
370.0 7.324
371.0 9.117
372.0 11.115
373.0 13.264
374.0 15.551
375.0 17.891
376.0 20.227
377.0 22.575
378.0 24.881
379.0 27.202
380.0 29.455
381.0 31.725
382.0 34.018
383.0 36.213
384.0 38.394
385.0 40.562
386.0 42.656
387.0 44.668
388.0 46.565
389.0 48.334
390.0 49.997
391.0 51.49
392.0 52.864999
393.0 54.111
394.0 55.252
395.0 56.303
396.0 57.259
397.0 58.191
398.0 59.085
399.0 60.002
400.0 60.917
401.0 61.852
402.0 62.826
403.0 63.816
404.0 64.809
405.0 65.776
406.0 66.709
407.0 67.601999
408.0 68.42
409.0 69.182999
410.0 69.84
411.0 70.41
412.0 70.899999
413.0 71.252
414.0 71.539
415.0 71.730999
416.0 71.858
417.0 71.936
418.0 71.945
419.0 71.952
420.0 71.921
421.0 72.24
422.0 72.257
423.0 72.327
424.0 72.426999
425.0 72.592999
426.0 72.803
427.0 73.068
428.0 73.39
429.0 73.806
430.0 74.243
431.0 74.697
432.0 75.185
433.0 75.679
434.0 76.197999
435.0 76.673
436.0 77.075
437.0 77.492999
438.0 77.864
439.0 78.198
440.0 78.444999
441.0 78.669
442.0 78.808
443.0 78.876
444.0 78.873
445.0 78.861999
446.0 78.762
447.0 78.621
448.0 78.429
449.0 78.246
450.0 78.017
451.0 77.77
452.0 77.556
453.0 77.302
454.0 77.102
455.0 76.937999
456.0 76.797
457.0 76.697
458.0 76.639
459.0 76.641
460.0 76.69
461.0 76.785
462.0 76.948
463.0 77.131
464.0 77.401
465.0 77.673
466.0 78.024
467.0 78.364999
468.0 78.736999
469.0 79.128
470.0 79.542
471.0 79.944
472.0 80.318
473.0 80.705
474.0 81.057999
475.0 81.399
476.0 81.682999
477.0 81.945
478.0 82.158
479.0 82.352999
480.0 82.476
481.0 82.554
482.0 82.611
483.0 82.604999
484.0 82.587999
485.0 82.503
486.0 82.361999
487.0 82.230999
488.0 82.024
489.0 81.808
490.0 81.559
491.0 81.332
492.0 81.04
493.0 80.798999
494.0 80.524
495.0 80.281
496.0 80.037
497.0 79.810999
498.0 79.574999
499.0 79.408999
500.0 79.258
501.0 79.122
502.0 79.01
503.0 78.961
504.0 78.976
505.0 78.977
506.0 79.027
507.0 79.139
508.0 79.256
509.0 79.453
510.0 79.634
511.0 79.867
512.0 80.112
513.0 80.401
514.0 80.71
515.0 81.004
516.0 81.358
517.0 81.701
518.0 82.04
519.0 82.394
520.0 82.73
521.0 83.060999
522.0 83.372
523.0 83.687
524.0 83.965
525.0 84.258
526.0 84.456
527.0 84.670999
528.0 84.866
529.0 85.008
530.0 85.111999
531.0 85.211
532.0 85.267
533.0 85.286
534.0 85.275
535.0 85.233
536.0 85.146
537.0 85.045
538.0 84.92
539.0 84.759
540.0 84.563999
541.0 84.366
542.0 84.16
543.0 83.923
544.0 83.666
545.0 83.409
546.0 83.131
547.0 82.854
548.0 82.593
549.0 82.32
550.0 82.053
551.0 81.793
552.0 81.557
553.0 81.313999
554.0 81.101
555.0 80.911999
556.0 80.735999
557.0 80.545
558.0 80.434
559.0 80.321
560.0 80.27
561.0 80.208
562.0 80.167
563.0 80.156
564.0 80.183
565.0 80.217
566.0 80.297
567.0 80.386
568.0 80.515
569.0 80.656
570.0 80.801999
571.0 80.979999
572.0 81.187
573.0 81.398
574.0 81.652
575.0 81.882
576.0 82.15
577.0 82.399
578.0 82.696
579.0 82.959999
580.0 83.253999
581.0 83.523
582.0 83.818
583.0 84.099
584.0 84.382
585.0 84.643999
586.0 84.936
587.0 85.178
588.0 85.431
589.0 85.670999
590.0 85.890999
591.0 86.102
592.0 86.294
593.0 86.46
594.0 86.616
595.0 86.739999
596.0 86.838
597.0 86.917999
598.0 86.97
599.0 87.004
600.0 87.011
601.0 86.989999
602.0 86.972
603.0 86.904
604.0 86.819
605.0 86.709
606.0 86.602
607.0 86.45
608.0 86.295
609.0 86.124
610.0 85.926
611.0 85.709
612.0 85.509
613.0 85.273
614.0 85.03
615.0 84.801
616.0 84.555
617.0 84.307
618.0 84.056
619.0 83.811
620.0 83.557999
621.0 83.288
622.0 83.06
623.0 82.811
624.0 82.578
625.0 82.355999
626.0 82.124
627.0 81.916
628.0 81.72
629.0 81.545999
630.0 81.352999
631.0 81.206
632.0 81.057
633.0 80.928
634.0 80.818
635.0 80.721
636.0 80.613999
637.0 80.547
638.0 80.497
639.0 80.458
640.0 80.452
641.0 80.462
642.0 80.447
643.0 80.488
644.0 80.538
645.0 80.601
646.0 80.675
647.0 80.767
648.0 80.889
649.0 80.981
650.0 81.12
651.0 81.274999
652.0 81.432999
653.0 81.607
654.0 81.789
655.0 81.966
656.0 82.176
657.0 82.367
658.0 82.568
659.0 82.798
660.0 83.006999
661.0 83.225
662.0 83.465999
663.0 83.688
664.0 83.922
665.0 84.138
666.0 84.358999
667.0 84.595
668.0 84.8
669.0 85.024
670.0 85.259
671.0 85.445
672.0 85.643999
673.0 85.840999
674.0 86.021999
675.0 86.201
676.0 86.355
677.0 86.494
678.0 86.653
679.0 86.788
680.0 86.897
681.0 87.003
682.0 87.078999
683.0 87.179
684.0 87.152
685.0 87.179
686.0 87.207
687.0 87.247
688.0 87.254
689.0 87.243
690.0 87.226
691.0 87.172
692.0 87.136
693.0 87.082
694.0 87.009
695.0 86.922
696.0 86.831
697.0 86.705
698.0 86.583
699.0 86.441
700.0 86.301
701.0 86.15
702.0 85.992999
703.0 85.819
704.0 85.639
705.0 85.468999
706.0 85.268999
707.0 85.086
708.0 84.857
709.0 84.67
710.0 84.444
711.0 84.232
712.0 84.019
713.0 83.789999
714.0 83.589
715.0 83.364
716.0 83.15
717.0 82.93
718.0 82.721
719.0 82.489
720.0 82.291
721.0 82.068
722.0 81.871
723.0 81.676999
724.0 81.491
725.0 81.294
726.0 81.107
727.0 80.923999
728.0 80.766
729.0 80.603
730.0 80.434
731.0 80.303
732.0 80.172
733.0 80.036
734.0 79.928999
735.0 79.806999
736.0 79.696
737.0 79.590999
738.0 79.503999
739.0 79.427
740.0 79.373
741.0 79.306
742.0 79.27
743.0 79.227999
744.0 79.188999
745.0 79.188
746.0 79.174
747.0 79.176
748.0 79.173
749.0 79.198
750.0 79.235999
751.0 79.27
752.0 79.310999
753.0 79.355
754.0 79.419
755.0 79.506
756.0 79.564
757.0 79.651
758.0 79.742
759.0 79.843
760.0 79.947
761.0 80.071
762.0 80.19
763.0 80.308
764.0 80.434
765.0 80.577
766.0 80.725
767.0 80.891
768.0 81.054
769.0 81.179999
770.0 81.349999
771.0 81.496
772.0 81.644
773.0 81.816999
774.0 81.982
775.0 82.158
776.0 82.299
777.0 82.477999
778.0 82.661
779.0 82.825999
780.0 83.006
781.0 83.14
782.0 83.289
783.0 83.438
784.0 83.611
785.0 83.753999
786.0 83.885
787.0 84.053
788.0 84.179
789.0 84.339
790.0 84.497999
791.0 84.636
792.0 84.78
793.0 84.909
794.0 85.075
795.0 85.201
796.0 85.311
797.0 85.429
798.0 85.547
799.0 85.646999
800.0 85.721
801.0 85.79
802.0 85.885
803.0 85.961
804.0 86.012
805.0 86.083
806.0 86.107999
807.0 86.154
808.0 86.173
809.0 86.22
810.0 86.228
811.0 86.235
812.0 86.248
813.0 86.232
814.0 86.221999
815.0 86.233
816.0 86.177
817.0 86.146
818.0 86.113
819.0 86.048
820.0 86.017
821.0 85.961
822.0 85.904
823.0 85.815
824.0 85.715
825.0 85.626
826.0 85.541
827.0 85.443
828.0 85.331999
829.0 85.221999
830.0 85.142
831.0 85.021
832.0 84.887
833.0 84.763
834.0 84.63
835.0 84.486999
836.0 84.374
837.0 84.226
838.0 84.092
839.0 83.933
840.0 83.776
841.0 83.635
842.0 83.497
843.0 83.336
844.0 83.167999
845.0 83.024
846.0 82.855999
847.0 82.705
848.0 82.528
849.0 82.378
850.0 82.217
851.0 82.063
852.0 81.899
853.0 81.742999
854.0 81.595
855.0 81.44
856.0 81.274
857.0 81.117999
858.0 80.974
859.0 80.819
860.0 80.676
861.0 80.539
862.0 80.405
863.0 80.250999
864.0 80.127
865.0 79.995
866.0 79.874
867.0 79.758
868.0 79.601
869.0 79.488
870.0 79.377
871.0 79.276
872.0 79.17
873.0 79.035
874.0 78.943
875.0 78.836
876.0 78.751
877.0 78.67
878.0 78.586999
879.0 78.5
880.0 78.432999
881.0 78.342999
882.0 78.297
883.0 78.265
884.0 78.188
885.0 78.128
886.0 78.141
887.0 78.081
888.0 78.033
889.0 78.037
890.0 77.988
891.0 77.976999
892.0 77.939
893.0 77.95
894.0 77.917999
895.0 77.920999
896.0 77.9
897.0 77.917
898.0 77.917999
899.0 77.929999
900.0 77.944
901.0 77.967
902.0 77.954
903.0 77.997
904.0 77.994
905.0 78.054999
906.0 78.073
907.0 78.134
908.0 78.181
909.0 78.214
910.0 78.262
911.0 78.315
912.0 78.378
913.0 78.452999
914.0 78.524
915.0 78.592
916.0 78.691
917.0 78.756
918.0 78.839
919.0 78.938
920.0 79.006
921.0 79.112
922.0 79.224999
923.0 79.309
924.0 79.401
925.0 79.493
926.0 79.605
927.0 79.696
928.0 79.804
929.0 79.911
930.0 80.03
931.0 80.139
932.0 80.242
933.0 80.354
934.0 80.483
935.0 80.565
936.0 80.691999
937.0 80.81
938.0 80.918
939.0 81.018
940.0 81.175
941.0 81.26
942.0 81.377
943.0 81.499
944.0 81.613
945.0 81.736
946.0 81.821999
947.0 81.923
948.0 82.037
949.0 82.146
950.0 82.253
951.0 82.364
952.0 82.459999
953.0 82.571
954.0 82.677
955.0 82.811
956.0 82.937
957.0 83.021999
958.0 83.135
959.0 83.214999
960.0 83.299
961.0 83.417
962.0 83.502
963.0 83.584
964.0 83.694
965.0 83.767
966.0 83.854
967.0 83.928
968.0 84.011
969.0 84.065
970.0 84.143
971.0 84.253
972.0 84.295
973.0 84.363999
974.0 84.435
975.0 84.497
976.0 84.54
977.0 84.572
978.0 84.621
979.0 84.706
980.0 84.701
981.0 84.730999
982.0 84.765
983.0 84.809
984.0 84.822
985.0 84.848999
986.0 84.887999
987.0 84.897
988.0 84.911
989.0 84.929
990.0 84.957
991.0 84.968
992.0 84.965
993.0 84.965999
994.0 84.96
995.0 84.928
996.0 84.926999
997.0 84.91
998.0 84.91
999.0 84.855999
1000.0 84.85
1001.0 84.826
1002.0 84.804999
1003.0 84.788
1004.0 84.741
1005.0 84.692
1006.0 84.663
1007.0 84.611999
1008.0 84.555
1009.0 84.513
1010.0 84.477999
1011.0 84.402999
1012.0 84.351
1013.0 84.294
1014.0 84.245
1015.0 84.175
1016.0 84.069
1017.0 84.051
1018.0 83.955
1019.0 83.889
1020.0 83.809
1021.0 83.733999
1022.0 83.634
1023.0 83.568
1024.0 83.458
1025.0 83.375999
1026.0 83.309
1027.0 83.203
1028.0 83.131
1029.0 83.051
1030.0 82.929
1031.0 82.867
1032.0 82.759
1033.0 82.655999
1034.0 82.563
1035.0 82.462
1036.0 82.363
1037.0 82.249
1038.0 82.182999
1039.0 82.072999
1040.0 81.942
1041.0 81.901
1042.0 81.758
1043.0 81.636
1044.0 81.548
1045.0 81.423
1046.0 81.298
1047.0 81.226
1048.0 81.095
1049.0 81.054999
1050.0 80.947999
1051.0 80.828999
1052.0 80.711
1053.0 80.622
1054.0 80.528
1055.0 80.406
1056.0 80.313999
1057.0 80.182
1058.0 80.108
1059.0 80.015999
1060.0 79.904
1061.0 79.883
1062.0 79.734
1063.0 79.631
1064.0 79.574999
1065.0 79.462
1066.0 79.374
1067.0 79.267
1068.0 79.128
1069.0 79.09
1070.0 78.998
1071.0 78.875
1072.0 78.808
1073.0 78.730999
1074.0 78.688999
1075.0 78.608
1076.0 78.522
1077.0 78.459
1078.0 78.351
1079.0 78.236999
1080.0 78.200999
1081.0 78.131
1082.0 78.078
1083.0 77.986
1084.0 77.952
1085.0 77.86
1086.0 77.78
1087.0 77.807999
1088.0 77.616
1089.0 77.629
1090.0 77.569
1091.0 77.434
1092.0 77.372
1093.0 77.393
1094.0 77.344
1095.0 77.309
1096.0 77.191
1097.0 77.229
1098.0 77.171
1099.0 77.125
1100.0 77.062
