190.0 0.023
191.0 0.105
192.0 0.028
193.0 0.045
194.0 0.006999
195.0 0.06
196.0 -0.002
197.0 0.036
198.0 0.004
199.0 0.035
200.0 0.036
201.0 0.012
202.0 0.028
203.0 0.032
204.0 0.008
205.0 0.015
206.0 0.015
207.0 0.02
208.0 0.013
209.0 0.008
210.0 0.012
211.0 0.033
212.0 0.009
213.0 0.019
214.0 0.005
215.0 0.02
216.0 0.018
217.0 0.013
218.0 0.028
219.0 0.022
220.0 0.01
221.0 0.002
222.0 0.014
223.0 0.013
224.0 0.022
225.0 0.01
226.0 0.009
227.0 0.041
228.0 0.006
229.0 0.001
230.0 0.009
231.0 0.011
232.0 0.006
233.0 0.006
234.0 0.013
235.0 0.017
236.0 0.005
237.0 0.018
238.0 -0.001
239.0 -0.003
240.0 0.015
241.0 0.011
242.0 0.018
243.0 0.036
244.0 0.017
245.0 0.009
246.0 0.012
247.0 0.001
248.0 0.021
249.0 0.009
250.0 0.022
251.0 0.037
252.0 0.014
253.0 0.008
254.0 0.016
255.0 0.0
256.0 0.012
257.0 0.027
258.0 0.01
259.0 0.037
260.0 0.008
261.0 0.021
262.0 0.002
263.0 0.001
264.0 0.008
265.0 0.016
266.0 0.013
267.0 0.03
268.0 0.02
269.0 0.02
270.0 0.03
271.0 0.026
272.0 0.003
273.0 0.016
274.0 0.03
275.0 0.046
276.0 0.006
277.0 0.044
278.0 0.023
279.0 0.027
280.0 0.01
281.0 0.029
282.0 0.009
283.0 0.055999
284.0 0.017
285.0 0.006999
286.0 0.029
287.0 0.009
288.0 0.039
289.0 0.018
290.0 0.029
291.0 0.041
292.0 0.028
293.0 0.014
294.0 0.012
295.0 0.018
296.0 0.036
297.0 0.024
298.0 0.062
299.0 0.021
300.0 0.047
301.0 0.021
302.0 0.019
303.0 0.006999
304.0 0.033
305.0 0.019
306.0 0.041
307.0 0.065
308.0 0.03
309.0 0.006
310.0 0.047
311.0 0.033
312.0 0.026
313.0 0.03
314.0 0.039
315.0 0.06
316.0 0.032
317.0 0.032
318.0 0.041
319.0 0.03
320.0 0.029
321.0 0.035
322.0 0.073
323.0 0.063
324.0 0.038
325.0 0.04
326.0 0.027
327.0 0.064
328.0 0.093
329.0 0.078
330.0 0.078
331.0 0.097
332.0 0.079
333.0 0.063
334.0 0.08
335.0 0.076
336.0 0.065
337.0 0.068
338.0 0.061
339.0 0.06
340.0 0.055
341.0 0.067
342.0 0.044
343.0 0.06
344.0 0.06
345.0 0.05
346.0 0.078
347.0 0.063
348.0 0.064
349.0 0.048
350.0 0.062
351.0 0.073
352.0 0.088
353.0 0.109
354.0 0.149
355.0 0.222
356.0 0.279
357.0 0.418
358.0 0.586
359.0 0.845
360.0 1.175
361.0 1.674
362.0 2.316
363.0 3.163
364.0 4.225
365.0 5.585
366.0 7.221
367.0 9.138
368.0 11.357
369.0 13.79
370.0 16.359
371.0 19.067
372.0 21.841
373.0 24.635
374.0 27.45
375.0 30.182
376.0 32.859
377.0 35.507
378.0 38.049
379.0 40.505
380.0 42.853
381.0 45.058
382.0 47.191
383.0 49.18
384.0 50.936
385.0 52.414
386.0 53.723
387.0 54.889
388.0 55.976
389.0 57.042
390.0 58.097
391.0 59.167
392.0 60.279
393.0 61.413
394.0 62.619
395.0 63.800999
396.0 64.964
397.0 66.135
398.0 67.230999
399.0 68.265
400.0 69.191999
401.0 70.02
402.0 70.726999
403.0 71.292
404.0 71.714999
405.0 71.992
406.0 72.174
407.0 72.291
408.0 72.324999
409.0 72.336999
410.0 72.334
411.0 72.287
412.0 72.352
413.0 72.426
414.0 72.589
415.0 72.835
416.0 73.126
417.0 73.484
418.0 73.890999
419.0 74.385
420.0 74.901
421.0 75.426
422.0 76.014
423.0 76.55
424.0 77.11
425.0 77.637
426.0 78.095
427.0 78.551999
428.0 78.875
429.0 79.193
430.0 79.418
431.0 79.552
432.0 79.669
433.0 79.646
434.0 79.556
435.0 79.431
436.0 79.265
437.0 79.032
438.0 78.816
439.0 78.562
440.0 78.329
441.0 78.097
442.0 77.912
443.0 77.753
444.0 77.654
445.0 77.622
446.0 77.614999
447.0 77.682
448.0 77.794
449.0 77.952
450.0 78.172
451.0 78.432
452.0 78.747999
453.0 79.06
454.0 79.393
455.0 79.797
456.0 80.162
457.0 80.559
458.0 80.95
459.0 81.315
460.0 81.718999
461.0 82.021999
462.0 82.327
463.0 82.625
464.0 82.857
465.0 83.045999
466.0 83.191999
467.0 83.303
468.0 83.3
469.0 83.313
470.0 83.267
471.0 83.187
472.0 83.044
473.0 82.871
474.0 82.687999
475.0 82.464
476.0 82.221999
477.0 81.962
478.0 81.706999
479.0 81.47
480.0 81.215
481.0 80.998
482.0 80.774
483.0 80.596999
484.0 80.444
485.0 80.321
486.0 80.247
487.0 80.196
488.0 80.188999
489.0 80.235999
490.0 80.322
491.0 80.425
492.0 80.569
493.0 80.756
494.0 80.959999
495.0 81.191
496.0 81.449
497.0 81.762999
498.0 82.068
499.0 82.361999
500.0 82.67
501.0 83.014
502.0 83.36
503.0 83.689
504.0 84.04
505.0 84.36
506.0 84.702
507.0 85.024
508.0 85.282
509.0 85.543
510.0 85.78
511.0 85.941
512.0 86.114
513.0 86.25
514.0 86.346
515.0 86.425
516.0 86.435
517.0 86.434
518.0 86.369
519.0 86.322
520.0 86.194
521.0 86.067
522.0 85.887999
523.0 85.670999
524.0 85.476
525.0 85.223
526.0 84.983
527.0 84.724
528.0 84.46
529.0 84.189
530.0 83.941
531.0 83.709
532.0 83.419
533.0 83.209
534.0 82.981
535.0 82.78
536.0 82.598
537.0 82.423999
538.0 82.289
539.0 82.196
540.0 82.084
541.0 82.033
542.0 82.018
543.0 81.982
544.0 82.008
545.0 82.035
546.0 82.083
547.0 82.182999
548.0 82.304
549.0 82.438999
550.0 82.61
551.0 82.793
552.0 82.985
553.0 83.206
554.0 83.453
555.0 83.685
556.0 84.005
557.0 84.262
558.0 84.543
559.0 84.824999
560.0 85.066
561.0 85.37
562.0 85.693
563.0 85.945
564.0 86.244
565.0 86.5
566.0 86.745
567.0 87.006
568.0 87.228
569.0 87.426
570.0 87.636
571.0 87.805
572.0 87.953
573.0 88.097
574.0 88.209
575.0 88.289
576.0 88.353
577.0 88.411
578.0 88.414999
579.0 88.411
580.0 88.367999
581.0 88.327999
582.0 88.255
583.0 88.176
584.0 88.051999
585.0 87.943
586.0 87.787
587.0 87.632
588.0 87.433
589.0 87.238
590.0 87.058
591.0 86.846999
592.0 86.634999
593.0 86.396
594.0 86.143
595.0 85.917
596.0 85.673999
597.0 85.435
598.0 85.175
599.0 84.93
600.0 84.7
601.0 84.453
602.0 84.233999
603.0 84.014
604.0 83.803
605.0 83.592999
606.0 83.411
607.0 83.246
608.0 83.092
609.0 82.953
610.0 82.831999
611.0 82.717
612.0 82.613
613.0 82.556
614.0 82.514
615.0 82.462
616.0 82.44
617.0 82.447999
618.0 82.455999
619.0 82.503
620.0 82.541
621.0 82.616999
622.0 82.713
623.0 82.796
624.0 82.915
625.0 83.037
626.0 83.178
627.0 83.336
628.0 83.504
629.0 83.657
630.0 83.843
631.0 84.025
632.0 84.221
633.0 84.447
634.0 84.67
635.0 84.867999
636.0 85.099
637.0 85.307999
638.0 85.539
639.0 85.771
640.0 85.988
641.0 86.224999
642.0 86.444
643.0 86.658999
644.0 86.874
645.0 87.077
646.0 87.27
647.0 87.463
648.0 87.66
649.0 87.822
650.0 87.992999
651.0 88.166
652.0 88.317
653.0 88.449999
654.0 88.565
655.0 88.663
656.0 88.776
657.0 88.855999
658.0 88.922
659.0 88.98
660.0 89.019
661.0 89.053
662.0 89.044
663.0 89.054
664.0 89.039
665.0 88.994
666.0 88.946
667.0 88.905999
668.0 88.834
669.0 88.723
670.0 88.622
671.0 88.512999
672.0 88.366
673.0 88.239
674.0 88.085
675.0 87.897
676.0 87.739999
677.0 87.595
678.0 87.367999
679.0 87.175
680.0 86.976
681.0 86.741999
682.0 86.542
683.0 86.357
684.0 86.113
685.0 85.909
686.0 85.672
687.0 85.450999
688.0 85.247
689.0 85.019
690.0 84.785
691.0 84.58
692.0 84.366
693.0 84.166
694.0 83.965999
695.0 83.756
696.0 83.571
697.0 83.386
698.0 83.198
699.0 83.042
700.0 82.857
701.0 82.708
702.0 82.55
703.0 82.433
704.0 82.273
705.0 82.171
706.0 82.055
707.0 81.955
708.0 81.877
709.0 81.785
710.0 81.727
711.0 81.648
712.0 81.598
713.0 81.557
714.0 81.533
715.0 81.514
716.0 81.525
717.0 81.508
718.0 81.518999
719.0 81.532
720.0 81.586
721.0 81.596
722.0 81.663
723.0 81.705
724.0 81.768
725.0 81.849999
726.0 81.93
727.0 82.011
728.0 82.123
729.0 82.215999
730.0 82.33
731.0 82.431
732.0 82.559
733.0 82.694
734.0 82.831
735.0 82.962
736.0 83.099999
737.0 83.265999
738.0 83.404
739.0 83.557
740.0 83.718999
741.0 83.899
742.0 84.033999
743.0 84.205
744.0 84.346
745.0 84.514
746.0 84.676
747.0 84.846999
748.0 85.003
749.0 85.184
750.0 85.316
751.0 85.488
752.0 85.643999
753.0 85.802
754.0 85.956999
755.0 86.107
756.0 86.253
757.0 86.405
758.0 86.529
759.0 86.658999
760.0 86.785
761.0 86.904
762.0 87.01
763.0 87.145
764.0 87.212
765.0 87.317
766.0 87.397
767.0 87.487
768.0 87.539999
769.0 87.607
770.0 87.66
771.0 87.707
772.0 87.785
773.0 87.802
774.0 87.849
775.0 87.873
776.0 87.887
777.0 87.904
778.0 87.922
779.0 87.939
780.0 87.931
781.0 87.914999
782.0 87.852
783.0 87.778
784.0 87.716
785.0 87.638
786.0 87.566999
787.0 87.51
788.0 87.417
789.0 87.339999
790.0 87.244999
791.0 87.161999
792.0 87.044
793.0 86.922
794.0 86.841
795.0 86.673
796.0 86.559
797.0 86.407
798.0 86.275
799.0 86.146999
800.0 86.0
801.0 85.834
802.0 85.684
803.0 85.55
804.0 85.379
805.0 85.206999
806.0 85.036
807.0 84.891
808.0 84.681
809.0 84.542
810.0 84.364999
811.0 84.209999
812.0 84.012
813.0 83.851
814.0 83.657
815.0 83.507
816.0 83.347
817.0 83.155999
818.0 82.986999
819.0 82.837
820.0 82.659
821.0 82.479
822.0 82.33
823.0 82.162
824.0 81.994
825.0 81.851
826.0 81.687
827.0 81.532
828.0 81.405
829.0 81.249
830.0 81.093999
831.0 80.974
832.0 80.825
833.0 80.721
834.0 80.586
835.0 80.459999
836.0 80.376
837.0 80.239
838.0 80.147
839.0 80.052
840.0 79.942
841.0 79.849999
842.0 79.747
843.0 79.675
844.0 79.601
845.0 79.545999
846.0 79.462999
847.0 79.399
848.0 79.346
849.0 79.3
850.0 79.244
851.0 79.19
852.0 79.173
853.0 79.164
854.0 79.096
855.0 79.083
856.0 79.078999
857.0 79.074999
858.0 79.063
859.0 79.057
860.0 79.054
861.0 79.081
862.0 79.081
863.0 79.1
864.0 79.115
865.0 79.154
866.0 79.174
867.0 79.226
868.0 79.254
869.0 79.316
870.0 79.349
871.0 79.392
872.0 79.447
873.0 79.459999
874.0 79.566
875.0 79.63
876.0 79.672
877.0 79.754
878.0 79.818
879.0 79.907
880.0 79.991999
881.0 80.081999
882.0 80.157
883.0 80.218
884.0 80.312
885.0 80.416
886.0 80.54
887.0 80.637
888.0 80.750999
889.0 80.854
890.0 80.962999
891.0 81.068
892.0 81.218999
893.0 81.293
894.0 81.427
895.0 81.504
896.0 81.628
897.0 81.739999
898.0 81.866
899.0 81.955999
900.0 82.086
901.0 82.179
902.0 82.308
903.0 82.407
904.0 82.518999
905.0 82.583
906.0 82.718999
907.0 82.831999
908.0 82.957
909.0 83.063
910.0 83.161
911.0 83.273
912.0 83.381
913.0 83.484
914.0 83.577
915.0 83.691999
916.0 83.77
917.0 83.911
918.0 83.979
919.0 84.078
920.0 84.185
921.0 84.276
922.0 84.340999
923.0 84.443
924.0 84.502
925.0 84.589
926.0 84.649
927.0 84.755
928.0 84.811
929.0 84.874
930.0 84.946
931.0 84.996
932.0 85.05
933.0 85.104
934.0 85.162
935.0 85.178
936.0 85.253999
937.0 85.255
938.0 85.284
939.0 85.312
940.0 85.335
941.0 85.362
942.0 85.375999
943.0 85.367999
944.0 85.369
945.0 85.367999
946.0 85.367999
947.0 85.358999
948.0 85.365
949.0 85.384
950.0 85.385
951.0 85.331999
952.0 85.34
953.0 85.289999
954.0 85.307999
955.0 85.244
956.0 85.213
957.0 85.204
958.0 85.136
959.0 85.096
960.0 85.047
961.0 85.021
962.0 84.93
963.0 84.914
964.0 84.824999
965.0 84.769
966.0 84.726
967.0 84.626
968.0 84.56
969.0 84.477
970.0 84.429
971.0 84.367
972.0 84.255
973.0 84.164
974.0 84.091
975.0 84.002
976.0 83.89
977.0 83.792999
978.0 83.709
979.0 83.614
980.0 83.536999
981.0 83.492
982.0 83.394
983.0 83.311
984.0 83.203
985.0 83.103
986.0 82.970999
987.0 82.848999
988.0 82.732
989.0 82.662
990.0 82.555
991.0 82.462999
992.0 82.321999
993.0 82.230999
994.0 82.117999
995.0 82.014
996.0 81.911
997.0 81.808
998.0 81.672
999.0 81.589999
1000.0 81.467999
1001.0 81.36
1002.0 81.247
1003.0 81.128999
1004.0 81.006
1005.0 80.931
1006.0 80.794
1007.0 80.715
1008.0 80.587
1009.0 80.488
1010.0 80.394
1011.0 80.259
1012.0 80.172
1013.0 80.071
1014.0 79.944
1015.0 79.831
1016.0 79.737
1017.0 79.619
1018.0 79.547
1019.0 79.453
1020.0 79.352999
1021.0 79.256
1022.0 79.182
1023.0 79.101999
1024.0 79.015999
1025.0 78.92
1026.0 78.834
1027.0 78.768
1028.0 78.661
1029.0 78.604
1030.0 78.534
1031.0 78.426
1032.0 78.383
1033.0 78.306
1034.0 78.208
1035.0 78.14
1036.0 78.071
1037.0 78.015
1038.0 77.939
1039.0 77.832
1040.0 77.783999
1041.0 77.739
1042.0 77.682
1043.0 77.627
1044.0 77.578999
1045.0 77.511
1046.0 77.474
1047.0 77.476
1048.0 77.386
1049.0 77.325999
1050.0 77.312
1051.0 77.268
1052.0 77.235
1053.0 77.212999
1054.0 77.185
1055.0 77.122999
1056.0 77.085
1057.0 77.101
1058.0 77.039999
1059.0 77.012
1060.0 76.963
1061.0 76.982
1062.0 76.976
1063.0 76.94
1064.0 76.937999
1065.0 76.889
1066.0 76.881
1067.0 76.881
1068.0 76.881999
1069.0 76.915
1070.0 76.856
1071.0 76.858999
1072.0 76.887
1073.0 76.858
1074.0 76.919
1075.0 76.917999
1076.0 76.903
1077.0 76.858
1078.0 76.878999
1079.0 76.929
1080.0 76.917
1081.0 76.946
1082.0 76.964999
1083.0 77.003
1084.0 76.925
1085.0 76.975
1086.0 77.011
1087.0 77.014
1088.0 77.024
1089.0 77.063
1090.0 77.122
1091.0 77.142
1092.0 77.157
1093.0 77.212999
1094.0 77.302
1095.0 77.279
1096.0 77.291
1097.0 77.361999
1098.0 77.336
1099.0 77.468
1100.0 77.486999
