190.0 0.063
191.0 0.013
192.0 0.024
193.0 0.022
194.0 0.041
195.0 0.029
196.0 0.023
197.0 0.019
198.0 0.011
199.0 0.015
200.0 0.014
201.0 0.008
202.0 0.009
203.0 0.03
204.0 0.01
205.0 0.015
206.0 0.016
207.0 0.01
208.0 0.011
209.0 0.017
210.0 0.012
211.0 0.024
212.0 0.006999
213.0 0.01
214.0 0.008
215.0 0.009
216.0 0.011
217.0 0.013
218.0 0.004
219.0 0.022
220.0 0.008
221.0 0.004
222.0 0.012
223.0 0.006
224.0 0.011
225.0 0.015
226.0 0.009
227.0 0.022
228.0 0.005
229.0 0.01
230.0 0.003
231.0 0.012
232.0 0.006999
233.0 0.006999
234.0 0.01
235.0 0.017
236.0 0.006999
237.0 0.009
238.0 0.006
239.0 0.006999
240.0 0.008
241.0 0.012
242.0 0.011
243.0 0.016
244.0 0.006
245.0 0.009
246.0 0.011
247.0 0.006999
248.0 0.006999
249.0 0.013
250.0 0.011
251.0 0.023
252.0 0.016
253.0 0.006999
254.0 0.006999
255.0 0.019
256.0 0.015
257.0 0.006999
258.0 0.009
259.0 0.03
260.0 0.012
261.0 0.011
262.0 0.003
263.0 0.011
264.0 0.015
265.0 0.011
266.0 0.012
267.0 0.028
268.0 0.023
269.0 0.009
270.0 0.015
271.0 0.0
272.0 0.016
273.0 0.02
274.0 0.004
275.0 0.041
276.0 0.017
277.0 0.018
278.0 0.017
279.0 0.016
280.0 0.009
281.0 0.018
282.0 0.022
283.0 0.026
284.0 0.012
285.0 0.026
286.0 0.02
287.0 0.021
288.0 0.014
289.0 0.018
290.0 0.031
291.0 0.033
292.0 0.014
293.0 0.01
294.0 0.013
295.0 0.009
296.0 0.015
297.0 0.008
298.0 0.019
299.0 0.039
300.0 0.026
301.0 0.014
302.0 0.025
303.0 0.011
304.0 0.015
305.0 0.019
306.0 0.02
307.0 0.041
308.0 0.015
309.0 0.016
310.0 0.015
311.0 0.017
312.0 0.026
313.0 0.013
314.0 0.024
315.0 0.046
316.0 0.011
317.0 0.027
318.0 0.013
319.0 0.025
320.0 0.013
321.0 0.02
322.0 0.037
323.0 0.053
324.0 0.025
325.0 0.034
326.0 0.01
327.0 0.063
328.0 0.065
329.0 0.071
330.0 0.058
331.0 0.073
332.0 0.059
333.0 0.05
334.0 0.049
335.0 0.051
336.0 0.051
337.0 0.049
338.0 0.046
339.0 0.054
340.0 0.041
341.0 0.049
342.0 0.039
343.0 0.043
344.0 0.042
345.0 0.043
346.0 0.033
347.0 0.045
348.0 0.03
349.0 0.034
350.0 0.032
351.0 0.025
352.0 0.03
353.0 0.032
354.0 0.036
355.0 0.037
356.0 0.024
357.0 0.03
358.0 0.027
359.0 0.028
360.0 0.026
361.0 0.028
362.0 0.03
363.0 0.039
364.0 0.025
365.0 0.039
366.0 0.04
367.0 0.05
368.0 0.055999
369.0 0.084
370.0 0.139
371.0 0.225
372.0 0.362
373.0 0.593
374.0 0.959
375.0 1.478
376.0 2.174
377.0 3.079
378.0 4.213
379.0 5.558
380.0 7.1
381.0 8.851
382.0 10.735
383.0 12.958
384.0 15.353
385.0 17.657
386.0 20.01
387.0 22.395
388.0 24.799
389.0 27.213
390.0 29.585
391.0 31.888
392.0 34.108
393.0 36.237
394.0 38.255
395.0 40.154
396.0 41.942
397.0 43.654
398.0 45.276
399.0 46.857
400.0 48.401
401.0 49.892
402.0 51.375
403.0 52.817
404.0 54.242999
405.0 55.618
406.0 56.96
407.0 58.208
408.0 59.39
409.0 60.509
410.0 61.528
411.0 62.495
412.0 63.349
413.0 64.101
414.0 64.785
415.0 65.369
416.0 65.889
417.0 66.369
418.0 66.762999
419.0 67.155
420.0 67.498
421.0 67.84
422.0 68.15
423.0 68.489999
424.0 68.840999
425.0 69.178
426.0 69.579
427.0 69.979
428.0 70.417
429.0 70.867999
430.0 71.333
431.0 71.83
432.0 72.304
433.0 72.794
434.0 73.263
435.0 73.717
436.0 74.16
437.0 74.544
438.0 74.914999
439.0 75.247
440.0 75.557
441.0 75.809
442.0 76.036
443.0 76.22
444.0 76.339
445.0 76.431
446.0 76.483999
447.0 76.53
448.0 76.561
449.0 76.524
450.0 76.5
451.0 76.456999
452.0 76.401
453.0 76.339
454.0 76.297
455.0 76.273
456.0 76.236
457.0 76.221999
458.0 76.234
459.0 76.28
460.0 76.328
461.0 76.41
462.0 76.536
463.0 76.668
464.0 76.837999
465.0 77.018
466.0 77.242
467.0 77.471999
468.0 77.708
469.0 77.963
470.0 78.242999
471.0 78.515
472.0 78.767
473.0 79.027999
474.0 79.274
475.0 79.506
476.0 79.735
477.0 79.928999
478.0 80.105999
479.0 80.253
480.0 80.378
481.0 80.469
482.0 80.538
483.0 80.564
484.0 80.574
485.0 80.566999
486.0 80.51
487.0 80.454
488.0 80.359
489.0 80.235
490.0 80.124
491.0 79.991
492.0 79.824
493.0 79.679
494.0 79.5
495.0 79.342
496.0 79.184
497.0 79.022
498.0 78.869
499.0 78.715
500.0 78.595
501.0 78.486
502.0 78.384
503.0 78.316
504.0 78.282
505.0 78.253
506.0 78.245
507.0 78.263
508.0 78.304
509.0 78.377
510.0 78.464
511.0 78.583
512.0 78.718
513.0 78.878
514.0 79.045
515.0 79.239
516.0 79.443
517.0 79.673
518.0 79.9
519.0 80.128
520.0 80.345999
521.0 80.579
522.0 80.828
523.0 81.062
524.0 81.271
525.0 81.476
526.0 81.666
527.0 81.855999
528.0 82.012
529.0 82.162
530.0 82.287
531.0 82.411
532.0 82.482999
533.0 82.547
534.0 82.596
535.0 82.584999
536.0 82.599
537.0 82.559
538.0 82.521999
539.0 82.476
540.0 82.369
541.0 82.274
542.0 82.146
543.0 82.013
544.0 81.857
545.0 81.71
546.0 81.536
547.0 81.337999
548.0 81.15
549.0 80.965
550.0 80.766
551.0 80.58
552.0 80.4
553.0 80.202
554.0 79.999
555.0 79.827
556.0 79.634
557.0 79.495
558.0 79.337
559.0 79.198
560.0 79.090999
561.0 78.961
562.0 78.881
563.0 78.813999
564.0 78.739999
565.0 78.705
566.0 78.683
567.0 78.691
568.0 78.693
569.0 78.726
570.0 78.783
571.0 78.857
572.0 78.958
573.0 79.059
574.0 79.185
575.0 79.316
576.0 79.479999
577.0 79.637
578.0 79.816
579.0 80.011
580.0 80.215999
581.0 80.413
582.0 80.634
583.0 80.849999
584.0 81.064
585.0 81.288
586.0 81.515
587.0 81.733
588.0 81.965
589.0 82.17
590.0 82.378
591.0 82.572999
592.0 82.777
593.0 82.952
594.0 83.134
595.0 83.289999
596.0 83.435
597.0 83.554
598.0 83.674
599.0 83.759
600.0 83.836999
601.0 83.902
602.0 83.956
603.0 83.974
604.0 83.984
605.0 83.982
606.0 83.972
607.0 83.916
608.0 83.864999
609.0 83.806
610.0 83.712
611.0 83.599
612.0 83.499
613.0 83.362
614.0 83.226999
615.0 83.072999
616.0 82.92
617.0 82.762
618.0 82.587
619.0 82.395
620.0 82.208
621.0 82.013
622.0 81.821999
623.0 81.623
624.0 81.423999
625.0 81.206999
626.0 81.006
627.0 80.809
628.0 80.628
629.0 80.411999
630.0 80.235
631.0 80.038
632.0 79.856
633.0 79.684
634.0 79.526
635.0 79.336
636.0 79.208
637.0 79.061
638.0 78.940999
639.0 78.818999
640.0 78.698
641.0 78.613
642.0 78.522
643.0 78.456999
644.0 78.401
645.0 78.36
646.0 78.325
647.0 78.298
648.0 78.297
649.0 78.307
650.0 78.322
651.0 78.345
652.0 78.403
653.0 78.466
654.0 78.527999
655.0 78.617999
656.0 78.708999
657.0 78.815
658.0 78.932
659.0 79.076
660.0 79.182
661.0 79.351
662.0 79.491
663.0 79.649
664.0 79.806999
665.0 79.973
666.0 80.148
667.0 80.327
668.0 80.514
669.0 80.703999
670.0 80.867
671.0 81.072
672.0 81.232
673.0 81.423999
674.0 81.617999
675.0 81.795
676.0 81.961
677.0 82.137
678.0 82.312
679.0 82.462999
680.0 82.611999
681.0 82.758
682.0 82.926
683.0 83.055
684.0 83.199
685.0 83.311
686.0 83.426
687.0 83.539
688.0 83.623
689.0 83.711
690.0 83.787
691.0 83.84
692.0 83.875999
693.0 83.928
694.0 83.952
695.0 83.974999
696.0 83.989
697.0 83.986
698.0 83.972
699.0 83.94
700.0 83.909
701.0 83.864999
702.0 83.792999
703.0 83.736
704.0 83.657
705.0 83.565
706.0 83.486
707.0 83.360999
708.0 83.257
709.0 83.137
710.0 82.992
711.0 82.866
712.0 82.728
713.0 82.581999
714.0 82.419
715.0 82.259
716.0 82.093
717.0 81.92
718.0 81.742
719.0 81.560999
720.0 81.379
721.0 81.191
722.0 81.012
723.0 80.818
724.0 80.63
725.0 80.442
726.0 80.237
727.0 80.051
728.0 79.863
729.0 79.649
730.0 79.473
731.0 79.286
732.0 79.117
733.0 78.929
734.0 78.745
735.0 78.566999
736.0 78.41
737.0 78.239999
738.0 78.078999
739.0 77.92
740.0 77.769
741.0 77.622999
742.0 77.502
743.0 77.368
744.0 77.244
745.0 77.114999
746.0 77.009
747.0 76.915
748.0 76.806
749.0 76.727
750.0 76.641
751.0 76.57
752.0 76.504
753.0 76.432999
754.0 76.395
755.0 76.351
756.0 76.319
757.0 76.3
758.0 76.279
759.0 76.254
760.0 76.279
761.0 76.278
762.0 76.277
763.0 76.301
764.0 76.33
765.0 76.387
766.0 76.420999
767.0 76.476999
768.0 76.519
769.0 76.590999
770.0 76.666
771.0 76.734
772.0 76.825
773.0 76.903
774.0 77.019
775.0 77.14
776.0 77.217
777.0 77.345
778.0 77.456999
779.0 77.563
780.0 77.692
781.0 77.798
782.0 77.935
783.0 78.05
784.0 78.18
785.0 78.321
786.0 78.444
787.0 78.593999
788.0 78.745
789.0 78.867
790.0 79.018999
791.0 79.176999
792.0 79.334
793.0 79.464
794.0 79.64
795.0 79.789
796.0 79.928
797.0 80.092
798.0 80.230999
799.0 80.373
800.0 80.515
801.0 80.647
802.0 80.792
803.0 80.918
804.0 81.042
805.0 81.174
806.0 81.301
807.0 81.408999
808.0 81.525
809.0 81.631
810.0 81.742999
811.0 81.832
812.0 81.932
813.0 82.018999
814.0 82.111
815.0 82.197
816.0 82.267
817.0 82.331
818.0 82.396
819.0 82.446
820.0 82.512
821.0 82.533999
822.0 82.591
823.0 82.608999
824.0 82.648
825.0 82.672
826.0 82.674
827.0 82.702
828.0 82.701
829.0 82.691999
830.0 82.687999
831.0 82.662
832.0 82.648
833.0 82.628999
834.0 82.59
835.0 82.538
836.0 82.496
837.0 82.455
838.0 82.389
839.0 82.331
840.0 82.27
841.0 82.186
842.0 82.117999
843.0 82.013
844.0 81.938999
845.0 81.852999
846.0 81.73
847.0 81.642
848.0 81.537
849.0 81.435999
850.0 81.313999
851.0 81.205
852.0 81.069999
853.0 80.944999
854.0 80.807
855.0 80.685
856.0 80.554999
857.0 80.417
858.0 80.301999
859.0 80.138
860.0 80.008
861.0 79.864
862.0 79.715999
863.0 79.577
864.0 79.422
865.0 79.278
866.0 79.123
867.0 78.971999
868.0 78.828
869.0 78.68
870.0 78.523
871.0 78.387
872.0 78.232
873.0 78.066
874.0 77.929999
875.0 77.79
876.0 77.642
877.0 77.488999
878.0 77.366
879.0 77.21
880.0 77.069
881.0 76.924
882.0 76.793
883.0 76.637
884.0 76.517
885.0 76.366
886.0 76.232
887.0 76.122999
888.0 75.983
889.0 75.875
890.0 75.774
891.0 75.668
892.0 75.553
893.0 75.435
894.0 75.334
895.0 75.236
896.0 75.146
897.0 75.042
898.0 74.964
899.0 74.881
900.0 74.799
901.0 74.732
902.0 74.645
903.0 74.582
904.0 74.508
905.0 74.468
906.0 74.401
907.0 74.353
908.0 74.325
909.0 74.295999
910.0 74.241999
911.0 74.227
912.0 74.182999
913.0 74.166
914.0 74.151
915.0 74.134999
916.0 74.129
917.0 74.111
918.0 74.099
919.0 74.093
920.0 74.090999
921.0 74.078
922.0 74.102999
923.0 74.102
924.0 74.119999
925.0 74.17
926.0 74.173999
927.0 74.189
928.0 74.229
929.0 74.283999
930.0 74.307
931.0 74.35
932.0 74.404
933.0 74.453
934.0 74.502
935.0 74.555
936.0 74.626
937.0 74.673999
938.0 74.723
939.0 74.806
940.0 74.858999
941.0 74.934
942.0 75.029
943.0 75.094
944.0 75.191
945.0 75.258
946.0 75.354
947.0 75.426
948.0 75.518
949.0 75.619
950.0 75.709
951.0 75.810999
952.0 75.911
953.0 76.021
954.0 76.113
955.0 76.226
956.0 76.339
957.0 76.449
958.0 76.554
959.0 76.659
960.0 76.77
961.0 76.89
962.0 76.992999
963.0 77.124
964.0 77.227
965.0 77.354
966.0 77.453
967.0 77.588
968.0 77.693
969.0 77.810999
970.0 77.936
971.0 78.05
972.0 78.176
973.0 78.295999
974.0 78.419
975.0 78.530999
976.0 78.645
977.0 78.759
978.0 78.867
979.0 78.952
980.0 79.090999
981.0 79.2
982.0 79.301
983.0 79.435
984.0 79.544
985.0 79.647
986.0 79.765
987.0 79.855
988.0 79.967999
989.0 80.06
990.0 80.152
991.0 80.259999
992.0 80.364999
993.0 80.435999
994.0 80.541
995.0 80.646
996.0 80.723999
997.0 80.810999
998.0 80.907
999.0 80.989
1000.0 81.069
1001.0 81.140999
1002.0 81.21
1003.0 81.292
1004.0 81.367999
1005.0 81.407
1006.0 81.486999
1007.0 81.532
1008.0 81.605999
1009.0 81.655999
1010.0 81.715
1011.0 81.752
1012.0 81.8
1013.0 81.852999
1014.0 81.892
1015.0 81.938
1016.0 81.950999
1017.0 81.988
1018.0 82.018
1019.0 82.056
1020.0 82.053
1021.0 82.075
1022.0 82.084
1023.0 82.116999
1024.0 82.115
1025.0 82.125
1026.0 82.158
1027.0 82.138
1028.0 82.151
1029.0 82.142
1030.0 82.142
1031.0 82.128
1032.0 82.108999
1033.0 82.122
1034.0 82.093999
1035.0 82.051
1036.0 82.038
1037.0 82.024
1038.0 81.974999
1039.0 81.966
1040.0 81.915
1041.0 81.896999
1042.0 81.839
1043.0 81.774
1044.0 81.745
1045.0 81.681
1046.0 81.626
1047.0 81.576
1048.0 81.530999
1049.0 81.477999
1050.0 81.443
1051.0 81.39
1052.0 81.333999
1053.0 81.264
1054.0 81.198
1055.0 81.12
1056.0 81.051
1057.0 80.982
1058.0 80.902
1059.0 80.843
1060.0 80.774
1061.0 80.667999
1062.0 80.599
1063.0 80.517
1064.0 80.45
1065.0 80.313999
1066.0 80.246
1067.0 80.151
1068.0 80.056
1069.0 79.966
1070.0 79.869
1071.0 79.784
1072.0 79.718
1073.0 79.64
1074.0 79.542
1075.0 79.468999
1076.0 79.367
1077.0 79.288
1078.0 79.193
1079.0 79.096
1080.0 78.988
1081.0 78.885
1082.0 78.834
1083.0 78.718
1084.0 78.602
1085.0 78.519
1086.0 78.422
1087.0 78.301
1088.0 78.194
1089.0 78.088
1090.0 78.038
1091.0 77.905999
1092.0 77.846
1093.0 77.724999
1094.0 77.678
1095.0 77.562
1096.0 77.496
1097.0 77.36
1098.0 77.322999
1099.0 77.211
1100.0 77.089
