190.0 0.032
191.0 0.035
192.0 0.017
193.0 0.017
194.0 0.012
195.0 0.032
196.0 0.016
197.0 0.014
198.0 0.023
199.0 0.005
200.0 0.024
201.0 0.015
202.0 0.006999
203.0 0.017
204.0 0.012
205.0 0.01
206.0 0.008
207.0 0.013
208.0 0.01
209.0 0.009
210.0 0.016
211.0 0.018
212.0 0.002
213.0 0.004
214.0 0.008
215.0 0.006
216.0 0.009
217.0 0.005
218.0 0.012
219.0 0.016
220.0 0.009
221.0 0.01
222.0 0.006
223.0 0.009
224.0 0.01
225.0 0.014
226.0 0.011
227.0 0.022
228.0 0.006
229.0 0.006
230.0 0.004
231.0 0.008
232.0 0.013
233.0 0.006999
234.0 0.009
235.0 0.019
236.0 0.006
237.0 0.001
238.0 0.004
239.0 0.009
240.0 0.009
241.0 0.006
242.0 0.006
243.0 0.021
244.0 0.014
245.0 0.006
246.0 0.008
247.0 0.006999
248.0 0.013
249.0 0.005
250.0 0.018
251.0 0.024
252.0 0.004
253.0 0.008
254.0 0.009
255.0 0.009
256.0 0.012
257.0 0.01
258.0 0.013
259.0 0.022
260.0 0.01
261.0 0.009
262.0 0.009
263.0 0.011
264.0 0.011
265.0 0.008
266.0 0.014
267.0 0.023
268.0 0.014
269.0 0.02
270.0 0.019
271.0 0.014
272.0 0.01
273.0 0.025
274.0 0.009
275.0 0.041
276.0 0.005
277.0 0.011
278.0 0.022
279.0 0.016
280.0 0.015
281.0 0.01
282.0 0.023
283.0 0.037
284.0 0.019
285.0 0.015
286.0 0.004
287.0 0.02
288.0 0.011
289.0 0.012
290.0 0.028
291.0 0.039
292.0 0.0
293.0 0.02
294.0 0.025
295.0 0.012
296.0 0.026
297.0 0.02
298.0 0.018
299.0 0.043
300.0 0.01
301.0 0.012
302.0 0.018
303.0 0.012
304.0 0.013
305.0 0.016
306.0 0.031
307.0 0.036
308.0 0.014
309.0 0.016
310.0 0.025
311.0 0.015
312.0 0.009
313.0 0.014
314.0 0.004
315.0 0.049
316.0 0.026
317.0 0.026
318.0 0.016
319.0 0.025
320.0 0.025
321.0 0.015
322.0 0.03
323.0 0.051
324.0 0.022
325.0 0.02
326.0 0.017
327.0 0.059
328.0 0.045
329.0 0.054
330.0 0.049
331.0 0.065
332.0 0.05
333.0 0.038
334.0 0.039
335.0 0.038
336.0 0.05
337.0 0.032
338.0 0.036
339.0 0.047
340.0 0.039
341.0 0.026
342.0 0.026
343.0 0.027
344.0 0.024
345.0 0.032
346.0 0.026
347.0 0.041
348.0 0.029
349.0 0.03
350.0 0.026
351.0 0.033
352.0 0.043
353.0 0.046
354.0 0.066
355.0 0.086999
356.0 0.106
357.0 0.153
358.0 0.223
359.0 0.325
360.0 0.479
361.0 0.694
362.0 0.989
363.0 1.394
364.0 1.919
365.0 2.605
366.0 3.479
367.0 4.559
368.0 5.839
369.0 7.318
370.0 8.99
371.0 10.821
372.0 12.777
373.0 14.843
374.0 16.98
375.0 19.126
376.0 21.3
377.0 23.447
378.0 25.541
379.0 27.64
380.0 29.657
381.0 31.614
382.0 33.507
383.0 35.535
384.0 37.536
385.0 39.276
386.0 40.945
387.0 42.507
388.0 43.993
389.0 45.393
390.0 46.726
391.0 47.982
392.0 49.184
393.0 50.346
394.0 51.466
395.0 52.554999
396.0 53.59
397.0 54.566
398.0 55.479
399.0 56.361
400.0 57.198
401.0 57.954
402.0 58.658
403.0 59.292
404.0 59.846
405.0 60.373
406.0 60.846
407.0 61.279
408.0 61.675999
409.0 62.029
410.0 62.398
411.0 62.739999
412.0 63.089
413.0 63.431
414.0 63.782
415.0 64.139
416.0 64.486
417.0 64.861
418.0 65.223
419.0 65.566
420.0 65.896
421.0 66.179
422.0 66.468999
423.0 66.742
424.0 66.977
425.0 67.212999
426.0 67.398
427.0 67.551
428.0 67.684
429.0 67.779
430.0 67.859
431.0 67.931
432.0 67.971
433.0 68.027
434.0 68.066999
435.0 68.111
436.0 68.16
437.0 68.223
438.0 68.325
439.0 68.399
440.0 68.523
441.0 68.655
442.0 68.81
443.0 68.974999
444.0 69.135
445.0 69.33
446.0 69.518
447.0 69.698
448.0 69.889
449.0 70.052
450.0 70.247
451.0 70.411999
452.0 70.553999
453.0 70.699
454.0 70.812
455.0 70.913
456.0 70.986999
457.0 71.069
458.0 71.121
459.0 71.146
460.0 71.167999
461.0 71.197999
462.0 71.196
463.0 71.197999
464.0 71.170999
465.0 71.167999
466.0 71.16
467.0 71.153
468.0 71.158
469.0 71.164
470.0 71.185
471.0 71.201
472.0 71.229
473.0 71.262
474.0 71.325
475.0 71.389
476.0 71.45
477.0 71.564
478.0 71.661
479.0 71.745
480.0 71.842
481.0 71.935
482.0 72.048999
483.0 72.161
484.0 72.241999
485.0 72.358
486.0 72.426
487.0 72.496
488.0 72.582
489.0 72.66
490.0 72.729
491.0 72.771
492.0 72.816999
493.0 72.842
494.0 72.875999
495.0 72.896
496.0 72.893
497.0 72.889
498.0 72.879
499.0 72.896
500.0 72.865
501.0 72.833
502.0 72.816999
503.0 72.782
504.0 72.755
505.0 72.733999
506.0 72.711
507.0 72.697999
508.0 72.666
509.0 72.66
510.0 72.651
511.0 72.642
512.0 72.628
513.0 72.651
514.0 72.658999
515.0 72.7
516.0 72.726
517.0 72.762
518.0 72.788
519.0 72.827
520.0 72.882
521.0 72.92
522.0 72.983
523.0 73.048999
524.0 73.099
525.0 73.157
526.0 73.253999
527.0 73.303
528.0 73.363999
529.0 73.441
530.0 73.52
531.0 73.586
532.0 73.654
533.0 73.708
534.0 73.77
535.0 73.816999
536.0 73.878
537.0 73.924
538.0 73.976
539.0 74.016
540.0 74.048
541.0 74.083
542.0 74.109
543.0 74.131
544.0 74.152
545.0 74.157
546.0 74.175
547.0 74.185999
548.0 74.2
549.0 74.165
550.0 74.156
551.0 74.149
552.0 74.134
553.0 74.132
554.0 74.102999
555.0 74.093
556.0 74.065
557.0 74.05
558.0 74.029
559.0 73.994
560.0 73.971
561.0 73.950999
562.0 73.938
563.0 73.947
564.0 73.916
565.0 73.911
566.0 73.893
567.0 73.882
568.0 73.882
569.0 73.878999
570.0 73.898
571.0 73.888
572.0 73.901
573.0 73.909
574.0 73.950999
575.0 73.964
576.0 74.012
577.0 74.029
578.0 74.07
579.0 74.114999
580.0 74.158
581.0 74.206999
582.0 74.261
583.0 74.302
584.0 74.345
585.0 74.382
586.0 74.424
587.0 74.461999
588.0 74.502
589.0 74.544999
590.0 74.582
591.0 74.617
592.0 74.658
593.0 74.707
594.0 74.749
595.0 74.776
596.0 74.827999
597.0 74.864
598.0 74.908
599.0 74.943
600.0 74.98
601.0 75.011
602.0 75.048
603.0 75.066
604.0 75.093
605.0 75.109
606.0 75.12
607.0 75.134999
608.0 75.131
609.0 75.133
610.0 75.13
611.0 75.111999
612.0 75.095
613.0 75.074
614.0 75.036999
615.0 75.012
616.0 74.985999
617.0 74.937
618.0 74.892
619.0 74.843
620.0 74.779
621.0 74.743
622.0 74.669
623.0 74.62
624.0 74.551
625.0 74.500999
626.0 74.434
627.0 74.35
628.0 74.299
629.0 74.241999
630.0 74.169
631.0 74.107
632.0 74.048
633.0 73.988
634.0 73.929
635.0 73.878
636.0 73.831999
637.0 73.775
638.0 73.746
639.0 73.717
640.0 73.675
641.0 73.652
642.0 73.637
643.0 73.604
644.0 73.589
645.0 73.582
646.0 73.587
647.0 73.589
648.0 73.595999
649.0 73.614
650.0 73.64
651.0 73.648
652.0 73.7
653.0 73.727
654.0 73.765
655.0 73.819
656.0 73.878999
657.0 73.926999
658.0 73.973
659.0 74.028
660.0 74.087999
661.0 74.143
662.0 74.224999
663.0 74.282
664.0 74.354
665.0 74.426999
666.0 74.487
667.0 74.563
668.0 74.61
669.0 74.693
670.0 74.755
671.0 74.807999
672.0 74.886
673.0 74.914
674.0 74.963
675.0 75.012
676.0 75.063999
677.0 75.095
678.0 75.136
679.0 75.16
680.0 75.212
681.0 75.239
682.0 75.248
683.0 75.248
684.0 75.306
685.0 75.322
686.0 75.316
687.0 75.292
688.0 75.29
689.0 75.248
690.0 75.223
691.0 75.191
692.0 75.155
693.0 75.101
694.0 75.036999
695.0 74.982
696.0 74.922
697.0 74.846999
698.0 74.777
699.0 74.711
700.0 74.628
701.0 74.535
702.0 74.455
703.0 74.351999
704.0 74.263
705.0 74.17
706.0 74.069
707.0 73.965999
708.0 73.867
709.0 73.759
710.0 73.658999
711.0 73.55
712.0 73.449
713.0 73.334999
714.0 73.218999
715.0 73.126
716.0 73.021999
717.0 72.929999
718.0 72.828
719.0 72.729999
720.0 72.635
721.0 72.54
722.0 72.438
723.0 72.363
724.0 72.285
725.0 72.214
726.0 72.137
727.0 72.056
728.0 71.996
729.0 71.941999
730.0 71.882
731.0 71.83
732.0 71.792
733.0 71.752
734.0 71.708
735.0 71.673
736.0 71.658999
737.0 71.631
738.0 71.627
739.0 71.606
740.0 71.596999
741.0 71.603
742.0 71.622
743.0 71.623
744.0 71.637
745.0 71.673
746.0 71.684
747.0 71.732
748.0 71.753
749.0 71.792
750.0 71.833
751.0 71.884
752.0 71.935
753.0 71.989999
754.0 72.045999
755.0 72.092999
756.0 72.149
757.0 72.224
758.0 72.291
759.0 72.35
760.0 72.406
761.0 72.462999
762.0 72.539
763.0 72.619
764.0 72.679
765.0 72.751
766.0 72.828999
767.0 72.892
768.0 72.953
769.0 73.02
770.0 73.079
771.0 73.128
772.0 73.178
773.0 73.216
774.0 73.249
775.0 73.285
776.0 73.345
777.0 73.366
778.0 73.367
779.0 73.399
780.0 73.42
781.0 73.449
782.0 73.473999
783.0 73.485999
784.0 73.521
785.0 73.529
786.0 73.521999
787.0 73.506
788.0 73.505
789.0 73.477999
790.0 73.448
791.0 73.434999
792.0 73.395
793.0 73.36
794.0 73.307999
795.0 73.301
796.0 73.233
797.0 73.188
798.0 73.131999
799.0 73.063
800.0 73.011
801.0 72.925
802.0 72.863999
803.0 72.8
804.0 72.714
805.0 72.628
806.0 72.547
807.0 72.458
808.0 72.367999
809.0 72.262
810.0 72.176
811.0 72.071
812.0 71.974999
813.0 71.879
814.0 71.777
815.0 71.666
816.0 71.555
817.0 71.453999
818.0 71.336
819.0 71.24
820.0 71.124
821.0 71.009999
822.0 70.916
823.0 70.794
824.0 70.696
825.0 70.581999
826.0 70.486
827.0 70.359
828.0 70.271
829.0 70.165
830.0 70.065
831.0 69.967
832.0 69.861999
833.0 69.779
834.0 69.687
835.0 69.592
836.0 69.505
837.0 69.415
838.0 69.351
839.0 69.256
840.0 69.187
841.0 69.128
842.0 69.038
843.0 68.976
844.0 68.92
845.0 68.848
846.0 68.786999
847.0 68.744
848.0 68.691
849.0 68.66
850.0 68.616
851.0 68.568
852.0 68.536
853.0 68.516
854.0 68.489
855.0 68.462
856.0 68.44
857.0 68.425
858.0 68.423999
859.0 68.407
860.0 68.427
861.0 68.42
862.0 68.426
863.0 68.429
864.0 68.447999
865.0 68.457
866.0 68.457
867.0 68.476
868.0 68.521
869.0 68.528
870.0 68.576
871.0 68.596999
872.0 68.63
873.0 68.655
874.0 68.702
875.0 68.747
876.0 68.783
877.0 68.833999
878.0 68.879
879.0 68.937
880.0 68.979999
881.0 69.033
882.0 69.089
883.0 69.128999
884.0 69.166
885.0 69.209
886.0 69.255
887.0 69.32
888.0 69.364999
889.0 69.427
890.0 69.471
891.0 69.517
892.0 69.589
893.0 69.634
894.0 69.696
895.0 69.742
896.0 69.801
897.0 69.847
898.0 69.894
899.0 69.950999
900.0 69.986999
901.0 70.04
902.0 70.056
903.0 70.119
904.0 70.19
905.0 70.230999
906.0 70.249
907.0 70.309999
908.0 70.372999
909.0 70.399
910.0 70.435
911.0 70.482
912.0 70.499
913.0 70.528
914.0 70.529
915.0 70.551
916.0 70.551
917.0 70.572999
918.0 70.571
919.0 70.56
920.0 70.564
921.0 70.553999
922.0 70.512
923.0 70.506999
924.0 70.494
925.0 70.497
926.0 70.462999
927.0 70.445
928.0 70.401
929.0 70.416
930.0 70.379
931.0 70.364
932.0 70.33
933.0 70.287
934.0 70.257
935.0 70.230999
936.0 70.193
937.0 70.147
938.0 70.101
939.0 70.052
940.0 70.006
941.0 69.941
942.0 69.883
943.0 69.83
944.0 69.779
945.0 69.72
946.0 69.649
947.0 69.587
948.0 69.52
949.0 69.462
950.0 69.399999
951.0 69.325999
952.0 69.268
953.0 69.188
954.0 69.122
955.0 69.045
956.0 68.966
957.0 68.899999
958.0 68.825
959.0 68.742
960.0 68.648
961.0 68.589
962.0 68.501
963.0 68.427
964.0 68.34
965.0 68.274
966.0 68.187
967.0 68.11
968.0 68.023
969.0 67.955
970.0 67.863
971.0 67.789999
972.0 67.693
973.0 67.615
974.0 67.533
975.0 67.455
976.0 67.381
977.0 67.306
978.0 67.224999
979.0 67.146
980.0 67.083
981.0 67.006
982.0 66.922
983.0 66.81
984.0 66.746
985.0 66.674
986.0 66.596999
987.0 66.542
988.0 66.474999
989.0 66.415
990.0 66.339
991.0 66.305
992.0 66.23
993.0 66.212
994.0 66.139
995.0 66.09
996.0 66.054
997.0 65.966
998.0 65.935999
999.0 65.886
1000.0 65.861
1001.0 65.824
1002.0 65.778
1003.0 65.736999
1004.0 65.691999
1005.0 65.666
1006.0 65.635
1007.0 65.612
1008.0 65.573
1009.0 65.547
1010.0 65.518
1011.0 65.497
1012.0 65.482
1013.0 65.463
1014.0 65.432999
1015.0 65.423
1016.0 65.392
1017.0 65.383
1018.0 65.369999
1019.0 65.372
1020.0 65.354
1021.0 65.36
1022.0 65.356
1023.0 65.345
1024.0 65.337
1025.0 65.352
1026.0 65.334999
1027.0 65.344
1028.0 65.364
1029.0 65.376
1030.0 65.371
1031.0 65.389
1032.0 65.398
1033.0 65.413
1034.0 65.422
1035.0 65.436
1036.0 65.444999
1037.0 65.471999
1038.0 65.48
1039.0 65.494
1040.0 65.507
1041.0 65.524
1042.0 65.542999
1043.0 65.559
1044.0 65.590999
1045.0 65.623
1046.0 65.652
1047.0 65.664999
1048.0 65.705
1049.0 65.730999
1050.0 65.733
1051.0 65.779
1052.0 65.809
1053.0 65.845
1054.0 65.845
1055.0 65.879
1056.0 65.915
1057.0 65.95
1058.0 65.968999
1059.0 65.994
1060.0 66.003999
1061.0 66.033
1062.0 66.042
1063.0 66.056
1064.0 66.098999
1065.0 66.111
1066.0 66.152
1067.0 66.174
1068.0 66.200999
1069.0 66.22
1070.0 66.257
1071.0 66.278
1072.0 66.288
1073.0 66.298
1074.0 66.334999
1075.0 66.364
1076.0 66.381999
1077.0 66.43
1078.0 66.387
1079.0 66.447
1080.0 66.442
1081.0 66.463
1082.0 66.459999
1083.0 66.491999
1084.0 66.503999
1085.0 66.499
1086.0 66.499
1087.0 66.533
1088.0 66.526
1089.0 66.535
1090.0 66.518999
1091.0 66.547
1092.0 66.542
1093.0 66.538
1094.0 66.568
1095.0 66.584
1096.0 66.552
1097.0 66.539
1098.0 66.553
1099.0 66.55
1100.0 66.502
