190.0 0.019
191.0 0.02
192.0 0.006
193.0 0.006999
194.0 0.02
195.0 0.025
196.0 0.011
197.0 0.016
198.0 0.006
199.0 0.01
200.0 0.014
201.0 0.013
202.0 0.018
203.0 0.019
204.0 0.018
205.0 0.008
206.0 0.01
207.0 0.008
208.0 0.006999
209.0 0.013
210.0 0.003
211.0 0.023
212.0 0.013
213.0 0.002
214.0 0.004
215.0 0.011
216.0 0.014
217.0 0.015
218.0 0.002
219.0 0.015
220.0 0.006999
221.0 0.008
222.0 0.013
223.0 0.006999
224.0 0.004
225.0 0.004
226.0 0.01
227.0 0.012
228.0 0.0
229.0 0.006999
230.0 0.001
231.0 0.009
232.0 0.01
233.0 0.006999
234.0 0.004
235.0 0.017
236.0 0.005
237.0 0.005
238.0 0.009
239.0 0.004
240.0 0.009
241.0 0.009
242.0 0.002
243.0 0.014
244.0 0.011
245.0 0.005
246.0 0.006
247.0 0.003
248.0 0.006999
249.0 0.009
250.0 0.006999
251.0 0.019
252.0 0.005
253.0 0.009
254.0 0.009
255.0 0.006999
256.0 0.004
257.0 0.012
258.0 0.009
259.0 0.024
260.0 0.012
261.0 0.006
262.0 0.005
263.0 0.011
264.0 0.012
265.0 0.012
266.0 0.016
267.0 0.03
268.0 0.018
269.0 0.013
270.0 0.014
271.0 0.017
272.0 0.002
273.0 0.016
274.0 0.025
275.0 0.033
276.0 0.01
277.0 0.011
278.0 0.017
279.0 0.029
280.0 0.016
281.0 0.009
282.0 0.015
283.0 0.031
284.0 0.013
285.0 0.016
286.0 0.002
287.0 0.015
288.0 0.02
289.0 0.008
290.0 0.028
291.0 0.03
292.0 0.006
293.0 0.01
294.0 0.019
295.0 0.004
296.0 0.014
297.0 0.014
298.0 0.017
299.0 0.031
300.0 0.01
301.0 0.014
302.0 0.023
303.0 0.018
304.0 0.012
305.0 0.009
306.0 0.019
307.0 0.032
308.0 0.024
309.0 0.013
310.0 0.014
311.0 0.02
312.0 0.029
313.0 0.01
314.0 0.025
315.0 0.047
316.0 0.009
317.0 0.02
318.0 0.008
319.0 0.028
320.0 0.019
321.0 0.014
322.0 0.027
323.0 0.043
324.0 0.035
325.0 0.019
326.0 0.008
327.0 0.052
328.0 0.041
329.0 0.04
330.0 0.055999
331.0 0.061
332.0 0.042
333.0 0.045
334.0 0.036
335.0 0.049
336.0 0.044
337.0 0.039
338.0 0.042
339.0 0.046
340.0 0.031
341.0 0.034
342.0 0.038
343.0 0.026
344.0 0.027
345.0 0.029
346.0 0.03
347.0 0.04
348.0 0.031
349.0 0.038
350.0 0.039
351.0 0.043
352.0 0.061
353.0 0.078
354.0 0.105
355.0 0.152
356.0 0.204
357.0 0.295
358.0 0.415
359.0 0.6
360.0 0.845
361.0 1.174
362.0 1.617
363.0 2.18
364.0 2.906
365.0 3.814
366.0 4.912
367.0 6.241
368.0 7.774
369.0 9.494
370.0 11.391
371.0 13.418
372.0 15.552
373.0 17.773
374.0 20.046
375.0 22.301
376.0 24.564
377.0 26.803
378.0 28.963
379.0 31.086
380.0 33.098
381.0 35.029
382.0 36.863
383.0 38.735
384.0 40.537
385.0 42.123
386.0 43.627
387.0 45.053
388.0 46.419
389.0 47.745
390.0 49.029
391.0 50.28
392.0 51.487
393.0 52.689
394.0 53.829
395.0 54.945
396.0 55.988
397.0 56.949
398.0 57.82
399.0 58.636
400.0 59.355999
401.0 59.995
402.0 60.561
403.0 61.046
404.0 61.428
405.0 61.813
406.0 62.159
407.0 62.479
408.0 62.794
409.0 63.112
410.0 63.442
411.0 63.79
412.0 64.16
413.0 64.554999
414.0 64.956999
415.0 65.381999
416.0 65.816
417.0 66.262
418.0 66.664
419.0 67.054
420.0 67.417
421.0 67.732
422.0 68.035
423.0 68.28
424.0 68.496
425.0 68.679999
426.0 68.812
427.0 68.893
428.0 68.943
429.0 68.962
430.0 68.950999
431.0 68.922
432.0 68.881
433.0 68.855999
434.0 68.825
435.0 68.794
436.0 68.782
437.0 68.808
438.0 68.883
439.0 68.944
440.0 69.054
441.0 69.194999
442.0 69.366
443.0 69.565
444.0 69.783
445.0 70.029
446.0 70.284
447.0 70.544
448.0 70.806
449.0 71.063
450.0 71.325999
451.0 71.560999
452.0 71.780999
453.0 71.996
454.0 72.163
455.0 72.31
456.0 72.452
457.0 72.568999
458.0 72.631999
459.0 72.663
460.0 72.681
461.0 72.692
462.0 72.651
463.0 72.611999
464.0 72.541
465.0 72.465
466.0 72.387
467.0 72.311
468.0 72.214999
469.0 72.154
470.0 72.089
471.0 72.024999
472.0 71.958999
473.0 71.933
474.0 71.941
475.0 71.956
476.0 71.972
477.0 72.059
478.0 72.137
479.0 72.223
480.0 72.336
481.0 72.446
482.0 72.594
483.0 72.75
484.0 72.893
485.0 73.043
486.0 73.18
487.0 73.346
488.0 73.506
489.0 73.665
490.0 73.816999
491.0 73.953999
492.0 74.078
493.0 74.181
494.0 74.286
495.0 74.373
496.0 74.434
497.0 74.461999
498.0 74.506
499.0 74.528
500.0 74.517
501.0 74.487
502.0 74.452
503.0 74.402
504.0 74.339
505.0 74.3
506.0 74.212
507.0 74.132
508.0 74.022
509.0 73.933
510.0 73.839
511.0 73.733
512.0 73.644
513.0 73.567
514.0 73.484
515.0 73.422
516.0 73.383
517.0 73.327
518.0 73.307
519.0 73.267
520.0 73.292999
521.0 73.289
522.0 73.316999
523.0 73.36
524.0 73.409
525.0 73.464
526.0 73.584
527.0 73.657
528.0 73.76
529.0 73.88
530.0 73.985999
531.0 74.131
532.0 74.241
533.0 74.367999
534.0 74.509
535.0 74.627
536.0 74.77
537.0 74.881
538.0 75.024
539.0 75.139
540.0 75.255
541.0 75.349
542.0 75.444
543.0 75.538
544.0 75.604
545.0 75.682
546.0 75.726
547.0 75.782
548.0 75.815999
549.0 75.846
550.0 75.836
551.0 75.854999
552.0 75.822
553.0 75.81
554.0 75.724999
555.0 75.697999
556.0 75.619
557.0 75.575
558.0 75.494
559.0 75.414999
560.0 75.322
561.0 75.265
562.0 75.188999
563.0 75.094
564.0 74.994
565.0 74.921
566.0 74.825
567.0 74.729
568.0 74.668
569.0 74.582
570.0 74.524
571.0 74.456999
572.0 74.392
573.0 74.369
574.0 74.333
575.0 74.325
576.0 74.3
577.0 74.304
578.0 74.295
579.0 74.325
580.0 74.357
581.0 74.386
582.0 74.408
583.0 74.463
584.0 74.511
585.0 74.566
586.0 74.609
587.0 74.673
588.0 74.739999
589.0 74.81
590.0 74.890999
591.0 74.963
592.0 75.048
593.0 75.145
594.0 75.226
595.0 75.334999
596.0 75.429999
597.0 75.523
598.0 75.632
599.0 75.72
600.0 75.825
601.0 75.917
602.0 76.015
603.0 76.097
604.0 76.188999
605.0 76.264
606.0 76.337999
607.0 76.408
608.0 76.459999
609.0 76.504
610.0 76.553
611.0 76.589
612.0 76.619
613.0 76.629
614.0 76.634999
615.0 76.646999
616.0 76.63
617.0 76.608
618.0 76.577
619.0 76.543
620.0 76.48
621.0 76.437
622.0 76.374
623.0 76.306
624.0 76.232
625.0 76.144
626.0 76.057
627.0 75.953999
628.0 75.857
629.0 75.766
630.0 75.646
631.0 75.541
632.0 75.438
633.0 75.324
634.0 75.205999
635.0 75.092
636.0 74.976
637.0 74.863
638.0 74.76
639.0 74.665
640.0 74.563999
641.0 74.45
642.0 74.369
643.0 74.277
644.0 74.203
645.0 74.116
646.0 74.05
647.0 73.985999
648.0 73.914
649.0 73.875
650.0 73.824
651.0 73.794
652.0 73.772
653.0 73.741
654.0 73.741999
655.0 73.735
656.0 73.736999
657.0 73.753
658.0 73.771
659.0 73.794
660.0 73.83
661.0 73.866
662.0 73.926
663.0 73.959
664.0 74.024
665.0 74.092
666.0 74.16
667.0 74.239
668.0 74.298
669.0 74.397
670.0 74.477999
671.0 74.568
672.0 74.65
673.0 74.746
674.0 74.804
675.0 74.905999
676.0 75.014
677.0 75.090999
678.0 75.184
679.0 75.273
680.0 75.37
681.0 75.5
682.0 75.598
683.0 75.66
684.0 75.809
685.0 75.905999
686.0 75.97
687.0 76.048
688.0 76.122
689.0 76.183
690.0 76.238
691.0 76.286
692.0 76.339
693.0 76.384
694.0 76.424
695.0 76.444
696.0 76.471999
697.0 76.485
698.0 76.507
699.0 76.503
700.0 76.502
701.0 76.486
702.0 76.479
703.0 76.451
704.0 76.423
705.0 76.396
706.0 76.334
707.0 76.287
708.0 76.236999
709.0 76.157
710.0 76.086
711.0 76.015999
712.0 75.941
713.0 75.845
714.0 75.754
715.0 75.656
716.0 75.556
717.0 75.449999
718.0 75.341
719.0 75.221999
720.0 75.104
721.0 74.985
722.0 74.846999
723.0 74.732
724.0 74.599
725.0 74.473999
726.0 74.343999
727.0 74.206999
728.0 74.074
729.0 73.945
730.0 73.801
731.0 73.685999
732.0 73.539
733.0 73.401
734.0 73.289
735.0 73.158999
736.0 73.042
737.0 72.902
738.0 72.786
739.0 72.662
740.0 72.545999
741.0 72.438999
742.0 72.354
743.0 72.246
744.0 72.155
745.0 72.072999
746.0 71.983
747.0 71.901
748.0 71.812
749.0 71.748
750.0 71.673
751.0 71.614
752.0 71.56
753.0 71.509
754.0 71.468
755.0 71.423
756.0 71.385
757.0 71.364
758.0 71.351
759.0 71.319999
760.0 71.304999
761.0 71.301999
762.0 71.295
763.0 71.316999
764.0 71.328999
765.0 71.352
766.0 71.382
767.0 71.394
768.0 71.438999
769.0 71.474
770.0 71.513
771.0 71.552
772.0 71.575999
773.0 71.607
774.0 71.629
775.0 71.65
776.0 71.699
777.0 71.721999
778.0 71.759
779.0 71.801
780.0 71.87
781.0 71.947
782.0 72.036999
783.0 72.107
784.0 72.224
785.0 72.304
786.0 72.364999
787.0 72.44
788.0 72.506
789.0 72.566
790.0 72.619
791.0 72.708
792.0 72.764
793.0 72.828
794.0 72.882
795.0 73.002
796.0 73.042
797.0 73.119999
798.0 73.18
799.0 73.226
800.0 73.311
801.0 73.343
802.0 73.405
803.0 73.453999
804.0 73.502
805.0 73.548
806.0 73.593
807.0 73.64
808.0 73.68
809.0 73.702
810.0 73.738
811.0 73.756999
812.0 73.79
813.0 73.812
814.0 73.83
815.0 73.843
816.0 73.843
817.0 73.863999
818.0 73.858
819.0 73.866
820.0 73.851
821.0 73.825
822.0 73.839
823.0 73.812
824.0 73.797
825.0 73.765
826.0 73.727
827.0 73.685999
828.0 73.658999
829.0 73.613
830.0 73.563
831.0 73.529
832.0 73.465
833.0 73.418
834.0 73.357
835.0 73.283
836.0 73.211
837.0 73.162
838.0 73.089
839.0 73.009
840.0 72.922
841.0 72.865
842.0 72.765999
843.0 72.663
844.0 72.592999
845.0 72.48
846.0 72.39
847.0 72.31
848.0 72.212
849.0 72.116
850.0 72.002
851.0 71.917
852.0 71.788
853.0 71.702
854.0 71.594
855.0 71.482
856.0 71.387999
857.0 71.269
858.0 71.155999
859.0 71.048999
860.0 70.97
861.0 70.845
862.0 70.737
863.0 70.638
864.0 70.518
865.0 70.419
866.0 70.309
867.0 70.221
868.0 70.11
869.0 70.006999
870.0 69.908999
871.0 69.807
872.0 69.717
873.0 69.614
874.0 69.523
875.0 69.419
876.0 69.321
877.0 69.236
878.0 69.16
879.0 69.081999
880.0 68.991
881.0 68.926
882.0 68.839
883.0 68.764
884.0 68.681
885.0 68.599
886.0 68.524
887.0 68.454
888.0 68.389
889.0 68.327
890.0 68.273
891.0 68.197
892.0 68.173
893.0 68.119
894.0 68.079
895.0 68.028
896.0 67.986999
897.0 67.94
898.0 67.906
899.0 67.879
900.0 67.859
901.0 67.819
902.0 67.789
903.0 67.781
904.0 67.788
905.0 67.771
906.0 67.758
907.0 67.750999
908.0 67.801
909.0 67.808
910.0 67.82
911.0 67.852999
912.0 67.871
913.0 67.889
914.0 67.888
915.0 67.915
916.0 67.925
917.0 67.959
918.0 67.971
919.0 68.008
920.0 68.01
921.0 68.013
922.0 68.013
923.0 68.057
924.0 68.084999
925.0 68.146
926.0 68.158
927.0 68.197
928.0 68.206
929.0 68.294
930.0 68.328
931.0 68.371
932.0 68.418
933.0 68.458
934.0 68.509
935.0 68.553
936.0 68.605999
937.0 68.66
938.0 68.691999
939.0 68.762
940.0 68.789999
941.0 68.844
942.0 68.895
943.0 68.944
944.0 69.015
945.0 69.066
946.0 69.111999
947.0 69.163
948.0 69.203
949.0 69.271
950.0 69.331
951.0 69.378
952.0 69.446
953.0 69.499
954.0 69.545999
955.0 69.604999
956.0 69.65
957.0 69.706999
958.0 69.767
959.0 69.794
960.0 69.839
961.0 69.899999
962.0 69.945
963.0 69.974
964.0 70.039
965.0 70.076
966.0 70.113
967.0 70.15
968.0 70.198
969.0 70.242
970.0 70.273
971.0 70.297
972.0 70.328
973.0 70.367999
974.0 70.389
975.0 70.393
976.0 70.419
977.0 70.425
978.0 70.477
979.0 70.468
980.0 70.509
981.0 70.515
982.0 70.53
983.0 70.533999
984.0 70.532
985.0 70.535
986.0 70.523
987.0 70.545999
988.0 70.544
989.0 70.544
990.0 70.519
991.0 70.545
992.0 70.524
993.0 70.555
994.0 70.547
995.0 70.53
996.0 70.536
997.0 70.482999
998.0 70.474
999.0 70.461
1000.0 70.450999
1001.0 70.44
1002.0 70.408
1003.0 70.386
1004.0 70.345
1005.0 70.325999
1006.0 70.277
1007.0 70.262
1008.0 70.228
1009.0 70.185
1010.0 70.146
1011.0 70.116999
1012.0 70.078
1013.0 70.036
1014.0 69.968
1015.0 69.926
1016.0 69.851
1017.0 69.821999
1018.0 69.773
1019.0 69.730999
1020.0 69.65
1021.0 69.605999
1022.0 69.545
1023.0 69.483999
1024.0 69.420999
1025.0 69.376
1026.0 69.31
1027.0 69.26
1028.0 69.196
1029.0 69.15
1030.0 69.069
1031.0 69.003
1032.0 68.938
1033.0 68.874
1034.0 68.801
1035.0 68.750999
1036.0 68.679999
1037.0 68.601
1038.0 68.545999
1039.0 68.474
1040.0 68.377
1041.0 68.293
1042.0 68.223999
1043.0 68.146
1044.0 68.069999
1045.0 68.012
1046.0 67.941
1047.0 67.869
1048.0 67.8
1049.0 67.755
1050.0 67.676
1051.0 67.592
1052.0 67.524
1053.0 67.459999
1054.0 67.372
1055.0 67.285
1056.0 67.221
1057.0 67.146
1058.0 67.088
1059.0 67.01
1060.0 66.942
1061.0 66.915
1062.0 66.834
1063.0 66.762
1064.0 66.696
1065.0 66.613
1066.0 66.557
1067.0 66.473
1068.0 66.415
1069.0 66.346
1070.0 66.282
1071.0 66.208
1072.0 66.149
1073.0 66.083
1074.0 66.047
1075.0 65.99
1076.0 65.946
1077.0 65.905999
1078.0 65.816
1079.0 65.789
1080.0 65.695
1081.0 65.631
1082.0 65.563999
1083.0 65.5
1084.0 65.466
1085.0 65.387
1086.0 65.346999
1087.0 65.321
1088.0 65.27
1089.0 65.222
1090.0 65.154
1091.0 65.155
1092.0 65.114
1093.0 65.056
1094.0 65.056
1095.0 65.048
1096.0 64.964999
1097.0 64.922
1098.0 64.898
1099.0 64.83
1100.0 64.807
