190.0 0.068
191.0 0.096
192.0 0.014
193.0 0.079
194.0 0.006999
195.0 0.079
196.0 0.037
197.0 0.035
198.0 0.036
199.0 0.016
200.0 0.03
201.0 0.042
202.0 0.035
203.0 0.045
204.0 0.038
205.0 0.025
206.0 0.017
207.0 0.036
208.0 0.021
209.0 0.016
210.0 0.026
211.0 0.048
212.0 0.015
213.0 0.012
214.0 0.034
215.0 0.012
216.0 0.024
217.0 0.035
218.0 0.023
219.0 0.033
220.0 0.01
221.0 0.021
222.0 0.021
223.0 0.029
224.0 0.023
225.0 0.012
226.0 0.026
227.0 0.032
228.0 0.013
229.0 0.019
230.0 0.01
231.0 0.019
232.0 0.017
233.0 0.012
234.0 0.013
235.0 0.024
236.0 0.017
237.0 0.015
238.0 0.02
239.0 0.025
240.0 0.019
241.0 0.006
242.0 0.027
243.0 0.032
244.0 0.019
245.0 0.022
246.0 0.009
247.0 0.003
248.0 0.025
249.0 0.015
250.0 0.015
251.0 0.028
252.0 0.022
253.0 0.021
254.0 0.024
255.0 0.016
256.0 0.019
257.0 0.016
258.0 0.013
259.0 0.047
260.0 0.006999
261.0 0.017
262.0 0.034
263.0 0.035
264.0 0.033
265.0 0.016
266.0 0.022
267.0 0.055999
268.0 0.027
269.0 0.021
270.0 0.047
271.0 0.043
272.0 0.043
273.0 0.028
274.0 0.025
275.0 0.066
276.0 0.034
277.0 0.03
278.0 0.041
279.0 0.022
280.0 0.045
281.0 0.046
282.0 0.03
283.0 0.069999
284.0 0.03
285.0 0.034
286.0 0.06
287.0 0.041
288.0 0.066
289.0 0.039
290.0 0.033
291.0 0.051
292.0 0.043
293.0 0.033
294.0 0.014
295.0 0.022
296.0 0.033
297.0 0.051
298.0 0.055
299.0 0.062
300.0 0.042
301.0 0.032
302.0 0.034
303.0 0.023
304.0 0.054
305.0 0.022
306.0 0.032
307.0 0.088
308.0 0.009
309.0 0.055999
310.0 0.034
311.0 0.028
312.0 0.041
313.0 0.031
314.0 0.031
315.0 0.074
316.0 0.043
317.0 0.026
318.0 0.029
319.0 0.055
320.0 0.039
321.0 0.041
322.0 0.052
323.0 0.091
324.0 0.069999
325.0 0.062
326.0 0.04
327.0 0.075
328.0 0.077
329.0 0.074
330.0 0.065
331.0 0.09
332.0 0.06
333.0 0.05
334.0 0.053
335.0 0.054
336.0 0.063
337.0 0.052
338.0 0.045
339.0 0.074
340.0 0.04
341.0 0.041
342.0 0.033
343.0 0.039
344.0 0.04
345.0 0.044
346.0 0.044
347.0 0.062
348.0 0.033
349.0 0.052
350.0 0.051
351.0 0.047
352.0 0.041
353.0 0.062
354.0 0.092
355.0 0.129
356.0 0.158
357.0 0.239
358.0 0.353
359.0 0.512
360.0 0.748
361.0 1.082
362.0 1.545
363.0 2.178
364.0 2.959
365.0 3.954
366.0 5.17
367.0 6.611
368.0 8.278
369.0 10.154
370.0 12.197
371.0 14.464
372.0 16.824
373.0 19.28
374.0 21.712
375.0 24.108
376.0 26.333
377.0 28.394
378.0 30.378
379.0 32.265
380.0 34.0
381.0 35.798
382.0 37.6
383.0 39.516
384.0 41.493
385.0 43.378
386.0 45.282
387.0 47.114
388.0 48.89
389.0 50.515
390.0 52.008
391.0 53.283
392.0 54.374999
393.0 55.256
394.0 55.94
395.0 56.476
396.0 56.883
397.0 57.243
398.0 57.555
399.0 57.909
400.0 58.315
401.0 58.831
402.0 59.426
403.0 60.148
404.0 60.944
405.0 61.874
406.0 62.822
407.0 63.821
408.0 64.810999
409.0 65.762
410.0 66.666
411.0 67.462
412.0 68.161
413.0 68.703
414.0 69.140999
415.0 69.383
416.0 69.518999
417.0 69.544
418.0 69.441
419.0 69.235
420.0 68.986999
421.0 68.774
422.0 68.494999
423.0 68.227
424.0 68.001
425.0 67.844
426.0 67.755
427.0 67.723999
428.0 67.828
429.0 67.998
430.0 68.301
431.0 68.679
432.0 69.174
433.0 69.681
434.0 70.274
435.0 70.887
436.0 71.509
437.0 72.152
438.0 72.782
439.0 73.393
440.0 73.949
441.0 74.433
442.0 74.86
443.0 75.155
444.0 75.397
445.0 75.529
446.0 75.602
447.0 75.551
448.0 75.425
449.0 75.263
450.0 74.988
451.0 74.668
452.0 74.328
453.0 73.95
454.0 73.575
455.0 73.212999
456.0 72.826
457.0 72.511
458.0 72.214
459.0 71.958999
460.0 71.792999
461.0 71.641
462.0 71.623
463.0 71.625
464.0 71.709999
465.0 71.863999
466.0 72.075999
467.0 72.374
468.0 72.72
469.0 73.116
470.0 73.558
471.0 74.035
472.0 74.541
473.0 75.05
474.0 75.57
475.0 76.105
476.0 76.61
477.0 77.125999
478.0 77.593
479.0 77.998
480.0 78.387
481.0 78.723
482.0 79.007
483.0 79.227999
484.0 79.379
485.0 79.462
486.0 79.514
487.0 79.480999
488.0 79.408999
489.0 79.258
490.0 79.088
491.0 78.833
492.0 78.563
493.0 78.285
494.0 77.956999
495.0 77.607
496.0 77.266
497.0 76.909
498.0 76.58
499.0 76.254
500.0 75.951
501.0 75.645
502.0 75.414
503.0 75.194
504.0 74.980999
505.0 74.851999
506.0 74.739
507.0 74.707
508.0 74.676
509.0 74.711
510.0 74.77
511.0 74.905
512.0 75.042
513.0 75.256
514.0 75.499
515.0 75.767
516.0 76.074
517.0 76.444
518.0 76.788
519.0 77.188
520.0 77.581999
521.0 77.991999
522.0 78.408999
523.0 78.837
524.0 79.286999
525.0 79.663
526.0 80.075
527.0 80.452
528.0 80.813999
529.0 81.152
530.0 81.461
531.0 81.736
532.0 81.945
533.0 82.152
534.0 82.301
535.0 82.437
536.0 82.497
537.0 82.531
538.0 82.514
539.0 82.461
540.0 82.399
541.0 82.273
542.0 82.13
543.0 81.908
544.0 81.698
545.0 81.459999
546.0 81.176999
547.0 80.893
548.0 80.596999
549.0 80.282
550.0 79.966
551.0 79.661
552.0 79.33
553.0 79.008
554.0 78.707
555.0 78.419
556.0 78.136
557.0 77.832
558.0 77.584
559.0 77.373
560.0 77.255
561.0 77.065
562.0 76.904
563.0 76.783
564.0 76.673
565.0 76.593
566.0 76.551999
567.0 76.518
568.0 76.545
569.0 76.581
570.0 76.641
571.0 76.732
572.0 76.841
573.0 76.991
574.0 77.173
575.0 77.364
576.0 77.578
577.0 77.830999
578.0 78.068
579.0 78.348
580.0 78.642
581.0 78.944999
582.0 79.266
583.0 79.592
584.0 79.937
585.0 80.303
586.0 80.663
587.0 81.018
588.0 81.382
589.0 81.75
590.0 82.092
591.0 82.442
592.0 82.768
593.0 83.081999
594.0 83.358
595.0 83.631999
596.0 83.88
597.0 84.082
598.0 84.289999
599.0 84.447
600.0 84.602999
601.0 84.697
602.0 84.792999
603.0 84.858
604.0 84.892
605.0 84.884
606.0 84.858
607.0 84.799
608.0 84.726
609.0 84.629
610.0 84.497999
611.0 84.367999
612.0 84.194999
613.0 84.003
614.0 83.794
615.0 83.584
616.0 83.354
617.0 83.122
618.0 82.867999
619.0 82.604999
620.0 82.340999
621.0 82.055
622.0 81.792
623.0 81.506999
624.0 81.249
625.0 80.959999
626.0 80.706
627.0 80.454
628.0 80.186
629.0 79.937
630.0 79.7
631.0 79.466
632.0 79.259999
633.0 79.047
634.0 78.858999
635.0 78.684
636.0 78.521
637.0 78.378
638.0 78.238
639.0 78.137
640.0 78.041
641.0 77.959
642.0 77.889
643.0 77.849999
644.0 77.837
645.0 77.825999
646.0 77.812
647.0 77.873
648.0 77.905
649.0 77.962
650.0 78.039999
651.0 78.132
652.0 78.230999
653.0 78.384
654.0 78.513
655.0 78.648
656.0 78.821
657.0 79.001
658.0 79.172
659.0 79.402
660.0 79.599
661.0 79.84
662.0 80.068
663.0 80.289
664.0 80.527
665.0 80.779
666.0 81.022
667.0 81.265
668.0 81.533
669.0 81.801
670.0 82.045
671.0 82.32
672.0 82.55
673.0 82.822
674.0 83.057999
675.0 83.316
676.0 83.528
677.0 83.730999
678.0 83.98
679.0 84.186
680.0 84.394
681.0 84.542
682.0 84.758
683.0 84.911
684.0 85.018
685.0 85.145
686.0 85.265999
687.0 85.38
688.0 85.474999
689.0 85.545
690.0 85.625
691.0 85.68
692.0 85.717
693.0 85.751
694.0 85.757
695.0 85.736
696.0 85.714
697.0 85.68
698.0 85.619999
699.0 85.555
700.0 85.468999
701.0 85.377
702.0 85.277999
703.0 85.151
704.0 85.019
705.0 84.884
706.0 84.718
707.0 84.562
708.0 84.39
709.0 84.216
710.0 84.008
711.0 83.815
712.0 83.614999
713.0 83.411
714.0 83.206
715.0 82.986
716.0 82.789
717.0 82.568
718.0 82.352999
719.0 82.124
720.0 81.907
721.0 81.679
722.0 81.477
723.0 81.257
724.0 81.032
725.0 80.836
726.0 80.622
727.0 80.407
728.0 80.202
729.0 80.032
730.0 79.84
731.0 79.655
732.0 79.482
733.0 79.316
734.0 79.167
735.0 78.998
736.0 78.869
737.0 78.707
738.0 78.608
739.0 78.480999
740.0 78.369999
741.0 78.27
742.0 78.176
743.0 78.090999
744.0 78.02
745.0 77.964999
746.0 77.892
747.0 77.854
748.0 77.841
749.0 77.804
750.0 77.771999
751.0 77.786999
752.0 77.768
753.0 77.792
754.0 77.817
755.0 77.841
756.0 77.873
757.0 77.922
758.0 77.989
759.0 78.037
760.0 78.127
761.0 78.188999
762.0 78.283
763.0 78.375
764.0 78.492999
765.0 78.596
766.0 78.696
767.0 78.822999
768.0 78.956999
769.0 79.083
770.0 79.239
771.0 79.36
772.0 79.523
773.0 79.679
774.0 79.843
775.0 80.006999
776.0 80.194
777.0 80.372
778.0 80.545999
779.0 80.746
780.0 80.937
781.0 81.069999
782.0 81.237
783.0 81.375
784.0 81.518999
785.0 81.636
786.0 81.784
787.0 81.974
788.0 82.152
789.0 82.337999
790.0 82.525
791.0 82.682
792.0 82.863
793.0 83.015
794.0 83.187
795.0 83.345
796.0 83.485
797.0 83.648
798.0 83.783
799.0 83.902
800.0 84.06
801.0 84.187
802.0 84.296
803.0 84.418
804.0 84.515
805.0 84.619999
806.0 84.714999
807.0 84.798
808.0 84.901
809.0 84.945
810.0 85.004
811.0 85.057
812.0 85.096999
813.0 85.152
814.0 85.181
815.0 85.22
816.0 85.239
817.0 85.244
818.0 85.232
819.0 85.227
820.0 85.211
821.0 85.214
822.0 85.176
823.0 85.128
824.0 85.066
825.0 85.031
826.0 84.972
827.0 84.901
828.0 84.840999
829.0 84.773
830.0 84.673
831.0 84.586
832.0 84.489999
833.0 84.387999
834.0 84.279
835.0 84.166
836.0 84.063
837.0 83.933
838.0 83.813
839.0 83.687
840.0 83.532
841.0 83.409
842.0 83.273
843.0 83.115
844.0 82.98
845.0 82.816
846.0 82.682
847.0 82.53
848.0 82.366
849.0 82.223
850.0 82.069
851.0 81.901
852.0 81.769
853.0 81.591
854.0 81.426
855.0 81.28
856.0 81.127
857.0 80.977
858.0 80.807
859.0 80.633
860.0 80.491999
861.0 80.352
862.0 80.212
863.0 80.051
864.0 79.919
865.0 79.771
866.0 79.634
867.0 79.51
868.0 79.393
869.0 79.241
870.0 79.11
871.0 78.965
872.0 78.867
873.0 78.754
874.0 78.636
875.0 78.492999
876.0 78.42
877.0 78.29
878.0 78.211
879.0 78.134
880.0 78.027999
881.0 77.941
882.0 77.854
883.0 77.824
884.0 77.761
885.0 77.753
886.0 77.702
887.0 77.658
888.0 77.617999
889.0 77.595
890.0 77.537
891.0 77.498
892.0 77.462
893.0 77.441999
894.0 77.417999
895.0 77.404
896.0 77.358999
897.0 77.358
898.0 77.354999
899.0 77.327
900.0 77.337
901.0 77.309
902.0 77.334
903.0 77.307999
904.0 77.314
905.0 77.31
906.0 77.317
907.0 77.318
908.0 77.33
909.0 77.327
910.0 77.333
911.0 77.349999
912.0 77.372
913.0 77.411
914.0 77.428
915.0 77.461
916.0 77.503
917.0 77.548
918.0 77.592
919.0 77.669999
920.0 77.722
921.0 77.812
922.0 77.872
923.0 77.976
924.0 77.997
925.0 78.090999
926.0 78.185
927.0 78.278
928.0 78.383
929.0 78.483
930.0 78.573
931.0 78.691999
932.0 78.783
933.0 78.905999
934.0 79.006
935.0 79.125999
936.0 79.239
937.0 79.33
938.0 79.459
939.0 79.587
940.0 79.669
941.0 79.818
942.0 79.925
943.0 80.048
944.0 80.164
945.0 80.279
946.0 80.395
947.0 80.483
948.0 80.607
949.0 80.711
950.0 80.84
951.0 80.983
952.0 81.074
953.0 81.198
954.0 81.295
955.0 81.429
956.0 81.536
957.0 81.673
958.0 81.798
959.0 81.891
960.0 81.996
961.0 82.12
962.0 82.241
963.0 82.334
964.0 82.417
965.0 82.544
966.0 82.632
967.0 82.742999
968.0 82.815
969.0 82.904
970.0 83.025
971.0 83.08
972.0 83.189
973.0 83.273
974.0 83.328999
975.0 83.403
976.0 83.477999
977.0 83.528
978.0 83.614999
979.0 83.702
980.0 83.756
981.0 83.807
982.0 83.914
983.0 84.062
984.0 84.098
985.0 84.154
986.0 84.179999
987.0 84.23
988.0 84.274
989.0 84.312
990.0 84.328
991.0 84.357
992.0 84.383
993.0 84.389
994.0 84.393
995.0 84.425
996.0 84.392
997.0 84.436
998.0 84.418
999.0 84.431
1000.0 84.417
1001.0 84.434
1002.0 84.41
1003.0 84.411999
1004.0 84.364999
1005.0 84.369
1006.0 84.327
1007.0 84.298
1008.0 84.272
1009.0 84.230999
1010.0 84.214999
1011.0 84.174
1012.0 84.122
1013.0 84.087999
1014.0 84.047
1015.0 83.986
1016.0 83.926999
1017.0 83.899
1018.0 83.831999
1019.0 83.742999
1020.0 83.699
1021.0 83.638
1022.0 83.523
1023.0 83.461
1024.0 83.375999
1025.0 83.323
1026.0 83.224
1027.0 83.133
1028.0 83.092
1029.0 83.011
1030.0 82.958
1031.0 82.840999
1032.0 82.756
1033.0 82.702
1034.0 82.602
1035.0 82.501
1036.0 82.437
1037.0 82.311
1038.0 82.237
1039.0 82.14
1040.0 82.076
1041.0 81.959999
1042.0 81.855999
1043.0 81.748
1044.0 81.664999
1045.0 81.562
1046.0 81.44
1047.0 81.354
1048.0 81.246
1049.0 81.148
1050.0 81.05
1051.0 80.962999
1052.0 80.872
1053.0 80.784
1054.0 80.69
1055.0 80.61
1056.0 80.532
1057.0 80.411999
1058.0 80.3
1059.0 80.223999
1060.0 80.103
1061.0 79.967
1062.0 79.905
1063.0 79.806999
1064.0 79.758
1065.0 79.62
1066.0 79.552
1067.0 79.399
1068.0 79.339
1069.0 79.255
1070.0 79.107
1071.0 79.045
1072.0 79.0
1073.0 78.887
1074.0 78.856
1075.0 78.812
1076.0 78.645
1077.0 78.598999
1078.0 78.518
1079.0 78.446
1080.0 78.369999
1081.0 78.301
1082.0 78.235
1083.0 78.155
1084.0 78.063
1085.0 78.033
1086.0 77.975
1087.0 77.881
1088.0 77.814
1089.0 77.673
1090.0 77.671
1091.0 77.654
1092.0 77.547
1093.0 77.478
1094.0 77.509
1095.0 77.509
1096.0 77.420999
1097.0 77.275
1098.0 77.369
1099.0 77.239
1100.0 77.075999
