190.0 0.077
191.0 0.102
192.0 0.058
193.0 0.084
194.0 0.039
195.0 0.064
196.0 0.022
197.0 0.034
198.0 0.031
199.0 0.043
200.0 0.029
201.0 0.025
202.0 0.052
203.0 0.044
204.0 0.038
205.0 0.028
206.0 0.024
207.0 0.009
208.0 0.028
209.0 0.019
210.0 0.036
211.0 0.042
212.0 0.025
213.0 0.025
214.0 0.004
215.0 0.017
216.0 0.016
217.0 0.012
218.0 0.025
219.0 0.021
220.0 0.024
221.0 0.016
222.0 0.02
223.0 0.017
224.0 0.017
225.0 0.001
226.0 0.025
227.0 0.024
228.0 0.025
229.0 0.019
230.0 0.017
231.0 0.011
232.0 0.03
233.0 0.015
234.0 0.022
235.0 0.032
236.0 0.021
237.0 0.016
238.0 0.012
239.0 0.014
240.0 0.013
241.0 0.016
242.0 0.023
243.0 0.026
244.0 0.005
245.0 0.008
246.0 0.015
247.0 0.01
248.0 0.013
249.0 0.03
250.0 0.024
251.0 0.024
252.0 0.016
253.0 0.022
254.0 0.013
255.0 0.019
256.0 0.03
257.0 0.025
258.0 0.025
259.0 0.028
260.0 0.019
261.0 0.024
262.0 0.015
263.0 0.045
264.0 0.022
265.0 0.019
266.0 0.036
267.0 0.051
268.0 0.016
269.0 0.027
270.0 0.022
271.0 0.039
272.0 0.031
273.0 0.01
274.0 0.048
275.0 0.047
276.0 0.033
277.0 0.006999
278.0 0.026
279.0 0.024
280.0 0.033
281.0 0.016
282.0 0.032
283.0 0.063
284.0 0.037
285.0 0.03
286.0 0.01
287.0 0.039
288.0 0.023
289.0 0.027
290.0 0.03
291.0 0.041
292.0 0.021
293.0 0.038
294.0 0.04
295.0 0.024
296.0 0.031
297.0 0.047
298.0 0.047
299.0 0.069999
300.0 0.017
301.0 0.02
302.0 0.028
303.0 0.034
304.0 0.025
305.0 0.039
306.0 0.045
307.0 0.083
308.0 0.041
309.0 0.069999
310.0 0.038
311.0 0.041
312.0 0.065
313.0 0.027
314.0 0.084
315.0 0.052
316.0 0.04
317.0 0.044
318.0 0.047
319.0 0.03
320.0 0.04
321.0 0.029
322.0 0.033
323.0 0.101
324.0 0.028
325.0 0.080999
326.0 0.042
327.0 0.084999
328.0 0.078
329.0 0.069999
330.0 0.059
331.0 0.094
332.0 0.057
333.0 0.049
334.0 0.053
335.0 0.058
336.0 0.064
337.0 0.062
338.0 0.044
339.0 0.066
340.0 0.037
341.0 0.044
342.0 0.034
343.0 0.039
344.0 0.05
345.0 0.042
346.0 0.047
347.0 0.048
348.0 0.038
349.0 0.038
350.0 0.042
351.0 0.05
352.0 0.059
353.0 0.072
354.0 0.092
355.0 0.133
356.0 0.166
357.0 0.236
358.0 0.348
359.0 0.493
360.0 0.708
361.0 1.006
362.0 1.425
363.0 2.0
364.0 2.721
365.0 3.632
366.0 4.779
367.0 6.159
368.0 7.731
369.0 9.531
370.0 11.494
371.0 13.664
372.0 15.949
373.0 18.374
374.0 20.921
375.0 23.539
376.0 26.156
377.0 28.76
378.0 31.326
379.0 33.738
380.0 35.916
381.0 37.901
382.0 39.713
383.0 41.481
384.0 42.977
385.0 44.336
386.0 45.689
387.0 47.065
388.0 48.518
389.0 50.101
390.0 51.797
391.0 53.562
392.0 55.401
393.0 57.281
394.0 59.056
395.0 60.738
396.0 62.27
397.0 63.622
398.0 64.739
399.0 65.605999
400.0 66.185
401.0 66.539999
402.0 66.666
403.0 66.63
404.0 66.488
405.0 66.322
406.0 66.145
407.0 66.048
408.0 66.015999
409.0 66.11
410.0 66.337
411.0 66.706
412.0 67.247
413.0 67.907
414.0 68.699
415.0 69.592
416.0 70.533999
417.0 71.536999
418.0 72.538
419.0 73.529
420.0 74.495
421.0 75.422
422.0 76.211
423.0 76.863
424.0 77.387
425.0 77.759
426.0 77.959
427.0 78.012
428.0 77.883
429.0 77.625
430.0 77.249
431.0 76.786
432.0 76.247
433.0 75.670999
434.0 75.116
435.0 74.524
436.0 74.011
437.0 73.568999
438.0 73.192
439.0 72.932
440.0 72.764
441.0 72.684
442.0 72.729
443.0 72.846
444.0 73.109
445.0 73.472
446.0 73.884
447.0 74.461999
448.0 75.016
449.0 75.658
450.0 76.322999
451.0 77.007
452.0 77.72
453.0 78.41
454.0 79.083
455.0 79.735999
456.0 80.336
457.0 80.911999
458.0 81.369
459.0 81.758
460.0 82.087
461.0 82.281
462.0 82.401
463.0 82.411
464.0 82.313999
465.0 82.167999
466.0 81.901
467.0 81.569999
468.0 81.178
469.0 80.711
470.0 80.223
471.0 79.71
472.0 79.203999
473.0 78.661
474.0 78.144
475.0 77.68
476.0 77.242999
477.0 76.846999
478.0 76.475
479.0 76.184
480.0 75.956
481.0 75.782
482.0 75.685
483.0 75.646
484.0 75.683
485.0 75.778
486.0 75.952
487.0 76.181
488.0 76.471999
489.0 76.814
490.0 77.218
491.0 77.627
492.0 78.104
493.0 78.581999
494.0 79.127
495.0 79.658
496.0 80.206999
497.0 80.759
498.0 81.32
499.0 81.851
500.0 82.404
501.0 82.872999
502.0 83.328
503.0 83.76
504.0 84.136
505.0 84.48
506.0 84.756
507.0 84.997
508.0 85.143999
509.0 85.241
510.0 85.291
511.0 85.279
512.0 85.202
513.0 85.072
514.0 84.88
515.0 84.64
516.0 84.336
517.0 84.051
518.0 83.691
519.0 83.284
520.0 82.872
521.0 82.438999
522.0 81.998
523.0 81.536
524.0 81.12
525.0 80.664
526.0 80.247
527.0 79.831
528.0 79.458
529.0 79.107
530.0 78.797
531.0 78.482
532.0 78.227
533.0 78.012
534.0 77.803
535.0 77.673
536.0 77.557
537.0 77.494
538.0 77.466
539.0 77.48
540.0 77.545
541.0 77.658
542.0 77.791
543.0 77.936
544.0 78.149999
545.0 78.396999
546.0 78.669
547.0 78.962
548.0 79.31
549.0 79.637999
550.0 79.985
551.0 80.381
552.0 80.791
553.0 81.176999
554.0 81.623
555.0 82.045
556.0 82.441
557.0 82.87
558.0 83.288
559.0 83.691
560.0 84.167999
561.0 84.544
562.0 84.908
563.0 85.26
564.0 85.555
565.0 85.853
566.0 86.106
567.0 86.311
568.0 86.505
569.0 86.685999
570.0 86.8
571.0 86.881
572.0 86.922
573.0 86.965999
574.0 86.929
575.0 86.863
576.0 86.77
577.0 86.67
578.0 86.48
579.0 86.31
580.0 86.095999
581.0 85.86
582.0 85.607
583.0 85.315
584.0 85.009
585.0 84.705
586.0 84.405
587.0 84.072
588.0 83.746
589.0 83.425
590.0 83.081999
591.0 82.746
592.0 82.404
593.0 82.074
594.0 81.742999
595.0 81.429
596.0 81.127
597.0 80.837
598.0 80.56
599.0 80.289999
600.0 80.052
601.0 79.8
602.0 79.590999
603.0 79.395
604.0 79.227999
605.0 79.063
606.0 78.93
607.0 78.822999
608.0 78.735
609.0 78.68
610.0 78.642
611.0 78.625
612.0 78.637999
613.0 78.667
614.0 78.718999
615.0 78.795999
616.0 78.9
617.0 79.005
618.0 79.145
619.0 79.304
620.0 79.486999
621.0 79.666
622.0 79.889
623.0 80.124
624.0 80.366
625.0 80.596
626.0 80.872999
627.0 81.155999
628.0 81.426
629.0 81.715999
630.0 82.013
631.0 82.325999
632.0 82.636
633.0 82.946
634.0 83.282
635.0 83.583
636.0 83.901
637.0 84.214999
638.0 84.508
639.0 84.823
640.0 85.114
641.0 85.397
642.0 85.666
643.0 85.902
644.0 86.178
645.0 86.401
646.0 86.606
647.0 86.822999
648.0 87.012999
649.0 87.18
650.0 87.318
651.0 87.468999
652.0 87.585
653.0 87.692
654.0 87.749
655.0 87.806
656.0 87.834
657.0 87.863
658.0 87.839
659.0 87.83
660.0 87.782
661.0 87.712999
662.0 87.633
663.0 87.518
664.0 87.39
665.0 87.264
666.0 87.116
667.0 86.913
668.0 86.766
669.0 86.567
670.0 86.334
671.0 86.128
672.0 85.871
673.0 85.667
674.0 85.397
675.0 85.151
676.0 84.886
677.0 84.624
678.0 84.348
679.0 84.075
680.0 83.788
681.0 83.477999
682.0 83.232
683.0 82.941
684.0 82.655
685.0 82.389
686.0 82.13
687.0 81.860999
688.0 81.616
689.0 81.352
690.0 81.122
691.0 80.889
692.0 80.658
693.0 80.453
694.0 80.250999
695.0 80.056
696.0 79.864
697.0 79.679999
698.0 79.511
699.0 79.361
700.0 79.22
701.0 79.081
702.0 78.974999
703.0 78.857999
704.0 78.767
705.0 78.691999
706.0 78.61
707.0 78.554
708.0 78.501
709.0 78.466
710.0 78.439
711.0 78.44
712.0 78.423
713.0 78.447999
714.0 78.485
715.0 78.492999
716.0 78.569
717.0 78.608
718.0 78.696999
719.0 78.755
720.0 78.851
721.0 78.963
722.0 79.077
723.0 79.176
724.0 79.31
725.0 79.443
726.0 79.593
727.0 79.741
728.0 79.896999
729.0 80.091
730.0 80.234
731.0 80.419
732.0 80.581
733.0 80.791
734.0 80.981
735.0 81.151
736.0 81.37
737.0 81.566
738.0 81.788
739.0 81.985
740.0 82.201
741.0 82.404
742.0 82.593999
743.0 82.799
744.0 83.028
745.0 83.230999
746.0 83.426999
747.0 83.628999
748.0 83.851
749.0 84.031
750.0 84.206999
751.0 84.422
752.0 84.571
753.0 84.768
754.0 84.95
755.0 85.107999
756.0 85.284
757.0 85.42
758.0 85.590999
759.0 85.72
760.0 85.842
761.0 85.956999
762.0 86.059
763.0 86.184
764.0 86.267
765.0 86.35
766.0 86.425
767.0 86.473
768.0 86.542
769.0 86.594
770.0 86.609
771.0 86.643
772.0 86.649
773.0 86.68
774.0 86.676
775.0 86.702
776.0 86.68
777.0 86.670999
778.0 86.658
779.0 86.651
780.0 86.597
781.0 86.511
782.0 86.422
783.0 86.298
784.0 86.177
785.0 86.032
786.0 85.917
787.0 85.819
788.0 85.706
789.0 85.58
790.0 85.455
791.0 85.302
792.0 85.165
793.0 84.997
794.0 84.831
795.0 84.657
796.0 84.472
797.0 84.33
798.0 84.151
799.0 83.953
800.0 83.774
801.0 83.584999
802.0 83.402
803.0 83.235
804.0 83.021999
805.0 82.840999
806.0 82.652999
807.0 82.45
808.0 82.293
809.0 82.081
810.0 81.895
811.0 81.697
812.0 81.502
813.0 81.324
814.0 81.116999
815.0 80.939
816.0 80.754
817.0 80.58
818.0 80.405
819.0 80.242999
820.0 80.057999
821.0 79.895
822.0 79.718
823.0 79.553
824.0 79.369999
825.0 79.246
826.0 79.113
827.0 78.952999
828.0 78.82
829.0 78.708
830.0 78.556
831.0 78.425
832.0 78.32
833.0 78.223
834.0 78.096
835.0 77.999
836.0 77.9
837.0 77.809
838.0 77.727
839.0 77.628
840.0 77.551
841.0 77.495
842.0 77.429
843.0 77.376
844.0 77.324
845.0 77.256
846.0 77.223
847.0 77.193
848.0 77.145
849.0 77.133
850.0 77.117
851.0 77.093999
852.0 77.090999
853.0 77.086
854.0 77.093999
855.0 77.105999
856.0 77.109
857.0 77.141
858.0 77.145
859.0 77.181
860.0 77.203
861.0 77.247
862.0 77.310999
863.0 77.337
864.0 77.41
865.0 77.455
866.0 77.539999
867.0 77.608
868.0 77.649
869.0 77.732999
870.0 77.812
871.0 77.885
872.0 78.011
873.0 78.090999
874.0 78.159
875.0 78.239
876.0 78.357
877.0 78.44
878.0 78.578999
879.0 78.673
880.0 78.791
881.0 78.923
882.0 79.046
883.0 79.152999
884.0 79.276
885.0 79.453
886.0 79.608
887.0 79.754
888.0 79.896999
889.0 80.024
890.0 80.163
891.0 80.318
892.0 80.435
893.0 80.591
894.0 80.694999
895.0 80.848
896.0 80.978
897.0 81.13
898.0 81.237
899.0 81.372999
900.0 81.5
901.0 81.619
902.0 81.762
903.0 81.864
904.0 81.981
905.0 82.115
906.0 82.21
907.0 82.312
908.0 82.406
909.0 82.515
910.0 82.611999
911.0 82.721999
912.0 82.804999
913.0 82.909
914.0 82.98
915.0 83.067
916.0 83.162
917.0 83.248
918.0 83.340999
919.0 83.435999
920.0 83.507
921.0 83.61
922.0 83.693
923.0 83.762
924.0 83.85
925.0 83.906
926.0 83.982
927.0 84.045999
928.0 84.111
929.0 84.178
930.0 84.233
931.0 84.299
932.0 84.33
933.0 84.399999
934.0 84.446
935.0 84.472
936.0 84.506
937.0 84.542
938.0 84.566
939.0 84.599
940.0 84.592
941.0 84.627
942.0 84.626
943.0 84.636
944.0 84.63
945.0 84.646
946.0 84.617
947.0 84.61
948.0 84.607
949.0 84.551
950.0 84.513
951.0 84.517
952.0 84.468
953.0 84.443
954.0 84.401
955.0 84.375
956.0 84.313
957.0 84.301
958.0 84.246
959.0 84.19
960.0 84.134
961.0 84.072
962.0 84.038
963.0 83.962999
964.0 83.866
965.0 83.801999
966.0 83.726999
967.0 83.651
968.0 83.557
969.0 83.469
970.0 83.397
971.0 83.304999
972.0 83.241
973.0 83.123
974.0 83.031
975.0 82.914
976.0 82.835
977.0 82.726999
978.0 82.65
979.0 82.563
980.0 82.441
981.0 82.333
982.0 82.277
983.0 82.242999
984.0 82.135
985.0 82.026
986.0 81.903
987.0 81.807
988.0 81.706999
989.0 81.566
990.0 81.477999
991.0 81.364999
992.0 81.232
993.0 81.114
994.0 80.994999
995.0 80.895
996.0 80.762999
997.0 80.662
998.0 80.542
999.0 80.444
1000.0 80.337
1001.0 80.237
1002.0 80.125
1003.0 80.015
1004.0 79.9
1005.0 79.789
1006.0 79.691999
1007.0 79.574999
1008.0 79.479
1009.0 79.377
1010.0 79.283999
1011.0 79.179
1012.0 79.057999
1013.0 78.99
1014.0 78.866
1015.0 78.798999
1016.0 78.663
1017.0 78.590999
1018.0 78.485
1019.0 78.379
1020.0 78.279
1021.0 78.195
1022.0 78.105999
1023.0 78.026
1024.0 77.929
1025.0 77.849999
1026.0 77.771999
1027.0 77.692
1028.0 77.652
1029.0 77.583
1030.0 77.511
1031.0 77.431
1032.0 77.358999
1033.0 77.313
1034.0 77.252
1035.0 77.185999
1036.0 77.132
1037.0 77.026
1038.0 76.983999
1039.0 76.937999
1040.0 76.904
1041.0 76.841
1042.0 76.801
1043.0 76.723
1044.0 76.668
1045.0 76.641
1046.0 76.597
1047.0 76.537
1048.0 76.53
1049.0 76.465
1050.0 76.437
1051.0 76.41
1052.0 76.416
1053.0 76.387
1054.0 76.374
1055.0 76.342
1056.0 76.355999
1057.0 76.289
1058.0 76.333
1059.0 76.324
1060.0 76.289
1061.0 76.264
1062.0 76.271
1063.0 76.244999
1064.0 76.271
1065.0 76.176999
1066.0 76.212999
1067.0 76.205999
1068.0 76.234
1069.0 76.22
1070.0 76.211
1071.0 76.25
1072.0 76.258
1073.0 76.239
1074.0 76.319
1075.0 76.353
1076.0 76.298999
1077.0 76.348
1078.0 76.389
1079.0 76.413
1080.0 76.384
1081.0 76.419
1082.0 76.475
1083.0 76.499
1084.0 76.497
1085.0 76.55
1086.0 76.612
1087.0 76.659
1088.0 76.62
1089.0 76.718
1090.0 76.709
1091.0 76.742
1092.0 76.783
1093.0 76.815
1094.0 76.875
1095.0 76.980999
1096.0 77.023
1097.0 76.932
1098.0 77.066999
1099.0 77.104
1100.0 77.074
