190.0 0.006999
191.0 0.102
192.0 0.029
193.0 0.08
194.0 0.035
195.0 0.078
196.0 0.018
197.0 0.027
198.0 0.034
199.0 0.024
200.0 0.031
201.0 0.017
202.0 0.049
203.0 0.031
204.0 0.038
205.0 0.017
206.0 0.021
207.0 0.03
208.0 0.026
209.0 0.008
210.0 0.017
211.0 0.04
212.0 0.021
213.0 0.023
214.0 0.019
215.0 0.022
216.0 0.016
217.0 0.024
218.0 0.019
219.0 0.035
220.0 0.011
221.0 0.018
222.0 0.023
223.0 0.016
224.0 0.019
225.0 0.013
226.0 0.018
227.0 0.03
228.0 0.011
229.0 0.02
230.0 0.013
231.0 0.02
232.0 0.014
233.0 0.021
234.0 0.018
235.0 0.035
236.0 0.013
237.0 0.022
238.0 -0.003
239.0 0.018
240.0 0.002
241.0 0.011
242.0 0.031
243.0 0.023
244.0 0.015
245.0 0.003
246.0 0.033
247.0 0.02
248.0 0.018
249.0 0.019
250.0 0.015
251.0 0.034
252.0 0.013
253.0 0.014
254.0 0.022
255.0 0.019
256.0 0.012
257.0 0.035
258.0 0.013
259.0 0.037
260.0 0.021
261.0 0.008
262.0 0.016
263.0 0.021
264.0 0.009
265.0 0.026
266.0 0.026
267.0 0.037
268.0 0.039
269.0 0.024
270.0 0.025
271.0 0.015
272.0 0.027
273.0 0.016
274.0 0.036
275.0 0.05
276.0 0.049
277.0 0.043
278.0 0.03
279.0 0.038
280.0 0.024
281.0 0.035
282.0 0.025
283.0 0.049
284.0 0.033
285.0 0.047
286.0 0.06
287.0 0.018
288.0 0.038
289.0 0.019
290.0 0.048
291.0 0.04
292.0 0.014
293.0 0.03
294.0 0.018
295.0 0.023
296.0 0.029
297.0 0.016
298.0 0.039
299.0 0.047
300.0 0.024
301.0 0.059
302.0 0.049
303.0 0.051
304.0 0.088
305.0 0.076
306.0 0.089
307.0 0.164
308.0 0.165
309.0 0.225
310.0 0.249
311.0 0.32
312.0 0.4
313.0 0.437
314.0 0.551999
315.0 0.683
316.0 0.724
317.0 0.85
318.0 0.966
319.0 1.134
320.0 1.237
321.0 1.363
322.0 1.491
323.0 1.719
324.0 1.831
325.0 1.966
326.0 2.11
327.0 2.424
328.0 2.582
329.0 2.76
330.0 2.917
331.0 3.089
332.0 3.243
333.0 3.408
334.0 3.567
335.0 3.729
336.0 3.917
337.0 4.093
338.0 4.279
339.0 4.491
340.0 4.673
341.0 4.894
342.0 5.122
343.0 5.369
344.0 5.624
345.0 5.919
346.0 6.232
347.0 6.596
348.0 6.956
349.0 7.381
350.0 7.847
351.0 8.386
352.0 8.991
353.0 9.658999
354.0 10.426
355.0 11.264
356.0 12.199
357.0 13.232
358.0 14.388
359.0 15.671
360.0 17.115
361.0 18.705
362.0 20.419
363.0 22.314
364.0 24.335
365.0 26.478
366.0 28.766
367.0 31.168
368.0 33.615
369.0 36.127
370.0 38.626
371.0 41.099999
372.0 43.507
373.0 45.775
374.0 47.904
375.0 49.869
376.0 51.647
377.0 53.316
378.0 54.844
379.0 56.323
380.0 57.654
381.0 58.93
382.0 60.132
383.0 61.355
384.0 62.495
385.0 63.44
386.0 64.307999
387.0 65.125
388.0 65.852999
389.0 66.514
390.0 67.101
391.0 67.649
392.0 68.111999
393.0 68.532
394.0 68.889
395.0 69.232
396.0 69.5
397.0 69.781
398.0 69.977
399.0 70.191
400.0 70.345
401.0 70.488
402.0 70.604
403.0 70.709
404.0 70.809
405.0 70.887999
406.0 70.946
407.0 71.009999
408.0 71.055
409.0 71.096
410.0 71.106
411.0 71.143999
412.0 71.169
413.0 71.204
414.0 71.214999
415.0 71.226
416.0 71.246
417.0 71.267
418.0 71.289999
419.0 71.318
420.0 71.331
421.0 71.396
422.0 71.458999
423.0 71.467
424.0 71.492
425.0 71.516
426.0 71.543
427.0 71.567
428.0 71.616999
429.0 71.645
430.0 71.679
431.0 71.723
432.0 71.772
433.0 71.811
434.0 71.855999
435.0 71.891
436.0 71.916
437.0 71.980999
438.0 72.052
439.0 72.095
440.0 72.17
441.0 72.233
442.0 72.291
443.0 72.34
444.0 72.425
445.0 72.503
446.0 72.567
447.0 72.657
448.0 72.732
449.0 72.816
450.0 72.899
451.0 72.980999
452.0 73.068999
453.0 73.152
454.0 73.230999
455.0 73.326
456.0 73.428
457.0 73.527
458.0 73.614999
459.0 73.708
460.0 73.803
461.0 73.902
462.0 74.005
463.0 74.119999
464.0 74.221
465.0 74.33
466.0 74.438999
467.0 74.548
468.0 74.687
469.0 74.791
470.0 74.889
471.0 75.048
472.0 75.178
473.0 75.283999
474.0 75.449
475.0 75.557
476.0 75.691
477.0 75.821
478.0 75.964
479.0 76.102999
480.0 76.254
481.0 76.374
482.0 76.527
483.0 76.691
484.0 76.809
485.0 76.953
486.0 77.083
487.0 77.224
488.0 77.376
489.0 77.522
490.0 77.678
491.0 77.803
492.0 77.949
493.0 78.077
494.0 78.234
495.0 78.361
496.0 78.501
497.0 78.644
498.0 78.774999
499.0 78.917
500.0 79.048
501.0 79.203
502.0 79.31
503.0 79.452
504.0 79.59
505.0 79.722
506.0 79.866
507.0 80.002
508.0 80.132
509.0 80.272
510.0 80.395
511.0 80.535
512.0 80.664999
513.0 80.813
514.0 80.942
515.0 81.065
516.0 81.211
517.0 81.331
518.0 81.459
519.0 81.591
520.0 81.730999
521.0 81.858
522.0 81.979
523.0 82.104
524.0 82.232
525.0 82.340999
526.0 82.488
527.0 82.592
528.0 82.708
529.0 82.831
530.0 82.962999
531.0 83.081999
532.0 83.189
533.0 83.32
534.0 83.434
535.0 83.559
536.0 83.678
537.0 83.788
538.0 83.897
539.0 84.009999
540.0 84.124
541.0 84.236999
542.0 84.343999
543.0 84.462
544.0 84.56
545.0 84.666
546.0 84.767
547.0 84.874
548.0 84.941
549.0 85.065
550.0 85.16
551.0 85.249
552.0 85.343999
553.0 85.444
554.0 85.54
555.0 85.623
556.0 85.727
557.0 85.804
558.0 85.879
559.0 85.994
560.0 86.125
561.0 86.224
562.0 86.304
563.0 86.389
564.0 86.447
565.0 86.556999
566.0 86.648
567.0 86.711
568.0 86.783
569.0 86.871
570.0 86.919
571.0 86.989999
572.0 87.078
573.0 87.145
574.0 87.189
575.0 87.268
576.0 87.333
577.0 87.378
578.0 87.448
579.0 87.526
580.0 87.575999
581.0 87.661999
582.0 87.712999
583.0 87.798
584.0 87.897
585.0 87.983
586.0 88.075999
587.0 88.193
588.0 88.303
589.0 88.421
590.0 88.539
591.0 88.643
592.0 88.763
593.0 88.858999
594.0 88.962
595.0 89.063999
596.0 89.149999
597.0 89.235
598.0 89.318
599.0 89.387
600.0 89.471
601.0 89.548
602.0 89.617999
603.0 89.669
604.0 89.734
605.0 89.793
606.0 89.868
607.0 89.893999
608.0 89.952
609.0 90.001
610.0 90.049
611.0 90.108999
612.0 90.147
613.0 90.188999
614.0 90.235
615.0 90.264
616.0 90.3
617.0 90.364
618.0 90.383
619.0 90.417
620.0 90.459
621.0 90.483999
622.0 90.532
623.0 90.547
624.0 90.595
625.0 90.608
626.0 90.634
627.0 90.67
628.0 90.683
629.0 90.715999
630.0 90.758
631.0 90.774999
632.0 90.77
633.0 90.822
634.0 90.825
635.0 90.848
636.0 90.877
637.0 90.898
638.0 90.917999
639.0 90.935
640.0 90.951
641.0 90.98
642.0 90.992999
643.0 90.98
644.0 91.013
645.0 91.03
646.0 91.029
647.0 91.049
648.0 91.069999
649.0 91.073
650.0 91.095
651.0 91.088
652.0 91.105
653.0 91.086
654.0 91.121
655.0 91.129
656.0 91.129
657.0 91.145
658.0 91.145
659.0 91.156
660.0 91.149
661.0 91.137999
662.0 91.175
663.0 91.164
664.0 91.161
665.0 91.173
666.0 91.157
667.0 91.149999
668.0 91.164
669.0 91.141
670.0 91.157
671.0 91.135
672.0 91.148
673.0 91.125
674.0 91.108
675.0 91.137999
676.0 91.111
677.0 91.111
678.0 91.102
679.0 91.1
680.0 91.068
681.0 91.073
682.0 91.063
683.0 91.059
684.0 90.962
685.0 90.928
686.0 90.927
687.0 90.913
688.0 90.893999
689.0 90.893
690.0 90.875
691.0 90.86
692.0 90.854
693.0 90.84
694.0 90.813
695.0 90.803
696.0 90.803
697.0 90.755
698.0 90.757
699.0 90.727999
700.0 90.739
701.0 90.712
702.0 90.691999
703.0 90.675
704.0 90.649999
705.0 90.644
706.0 90.632
707.0 90.598
708.0 90.583
709.0 90.566
710.0 90.548
711.0 90.519
712.0 90.505
713.0 90.461
714.0 90.468999
715.0 90.432999
716.0 90.402
717.0 90.392
718.0 90.356
719.0 90.34
720.0 90.317
721.0 90.305
722.0 90.27
723.0 90.242999
724.0 90.226
725.0 90.193
726.0 90.163
727.0 90.137999
728.0 90.108999
729.0 90.093
730.0 90.048
731.0 90.022
732.0 90.012
733.0 89.974
734.0 89.943
735.0 89.898
736.0 89.917
737.0 89.87
738.0 89.837
739.0 89.8
740.0 89.77
741.0 89.73
742.0 89.71
743.0 89.666
744.0 89.648
745.0 89.628
746.0 89.592
747.0 89.547
748.0 89.523
749.0 89.51
750.0 89.461
751.0 89.426
752.0 89.42
753.0 89.378
754.0 89.337
755.0 89.31
756.0 89.259
757.0 89.239999
758.0 89.215
759.0 89.18
760.0 89.151
761.0 89.098999
762.0 89.049
763.0 89.051999
764.0 88.98
765.0 88.944
766.0 88.907
767.0 88.866
768.0 88.812
769.0 88.761
770.0 88.744
771.0 88.69
772.0 88.661999
773.0 88.64
774.0 88.631
775.0 88.577
776.0 88.589
777.0 88.581
778.0 88.599999
779.0 88.597
780.0 88.587999
781.0 88.533
782.0 88.474
783.0 88.393
784.0 88.317
785.0 88.23
786.0 88.192
787.0 88.165
788.0 88.137
789.0 88.105
790.0 88.108
791.0 88.066999
792.0 88.036
793.0 88.024
794.0 87.979
795.0 87.936
796.0 87.899
797.0 87.872
798.0 87.89
799.0 87.852
800.0 87.805
801.0 87.79
802.0 87.747
803.0 87.723
804.0 87.687
805.0 87.656
806.0 87.636
807.0 87.616
808.0 87.563
809.0 87.551
810.0 87.532
811.0 87.480999
812.0 87.461999
813.0 87.437
814.0 87.409
815.0 87.385
816.0 87.374
817.0 87.309
818.0 87.309
819.0 87.264
820.0 87.247
821.0 87.215
822.0 87.188
823.0 87.168
824.0 87.133
825.0 87.082
826.0 87.065
827.0 87.039
828.0 87.022
829.0 86.983
830.0 86.963
831.0 86.929999
832.0 86.907
833.0 86.877
834.0 86.851999
835.0 86.831
836.0 86.797
837.0 86.780999
838.0 86.761
839.0 86.741
840.0 86.704
841.0 86.665
842.0 86.644
843.0 86.627
844.0 86.602999
845.0 86.56
846.0 86.554
847.0 86.523
848.0 86.512999
849.0 86.485999
850.0 86.449
851.0 86.428
852.0 86.388
853.0 86.378
854.0 86.357
855.0 86.337
856.0 86.324
857.0 86.276
858.0 86.279
859.0 86.241999
860.0 86.238
861.0 86.208
862.0 86.18
863.0 86.144
864.0 86.128
865.0 86.102
866.0 86.099999
867.0 86.06
868.0 86.054
869.0 86.028
870.0 85.985
871.0 85.98
872.0 85.968
873.0 85.948
874.0 85.95
875.0 85.899
876.0 85.887
877.0 85.858
878.0 85.834999
879.0 85.823
880.0 85.78
881.0 85.76
882.0 85.774
883.0 85.782
884.0 85.816
885.0 85.836
886.0 85.858
887.0 85.849
888.0 85.811
889.0 85.846
890.0 85.83
891.0 85.794
892.0 85.816999
893.0 85.789
894.0 85.785
895.0 85.765
896.0 85.756
897.0 85.757
898.0 85.739
899.0 85.730999
900.0 85.682999
901.0 85.673
902.0 85.637
903.0 85.619
904.0 85.57
905.0 85.551
906.0 85.507
907.0 85.446
908.0 85.392
909.0 85.331
910.0 85.272
911.0 85.236
912.0 85.174
913.0 85.134
914.0 85.078
915.0 85.039
916.0 84.997999
917.0 84.974999
918.0 84.946999
919.0 84.936
920.0 84.905
921.0 84.887
922.0 84.855999
923.0 84.848999
924.0 84.836
925.0 84.846
926.0 84.809
927.0 84.792999
928.0 84.748
929.0 84.759
930.0 84.752
931.0 84.751
932.0 84.727
933.0 84.726
934.0 84.702999
935.0 84.709
936.0 84.694999
937.0 84.682999
938.0 84.697
939.0 84.66
940.0 84.658
941.0 84.637
942.0 84.629
943.0 84.602999
944.0 84.619999
945.0 84.584999
946.0 84.595
947.0 84.587
948.0 84.552
949.0 84.579
950.0 84.572
951.0 84.507
952.0 84.523
953.0 84.489999
954.0 84.512
955.0 84.495
956.0 84.486
957.0 84.458999
958.0 84.473
959.0 84.470999
960.0 84.469
961.0 84.456
962.0 84.432
963.0 84.43
964.0 84.443
965.0 84.44
966.0 84.448
967.0 84.398
968.0 84.414999
969.0 84.399
970.0 84.396
971.0 84.387999
972.0 84.401
973.0 84.399999
974.0 84.346
975.0 84.35
976.0 84.358999
977.0 84.355
978.0 84.340999
979.0 84.355
980.0 84.371
981.0 84.327
982.0 84.366
983.0 84.450999
984.0 84.456
985.0 84.43
986.0 84.429
987.0 84.44
988.0 84.458999
989.0 84.43
990.0 84.434
991.0 84.428
992.0 84.418
993.0 84.402
994.0 84.414999
995.0 84.405
996.0 84.405
997.0 84.407
998.0 84.381
999.0 84.391
1000.0 84.364999
1001.0 84.373
1002.0 84.363999
1003.0 84.373
1004.0 84.375999
1005.0 84.362
1006.0 84.381
1007.0 84.357
1008.0 84.355
1009.0 84.364999
1010.0 84.348
1011.0 84.363999
1012.0 84.352
1013.0 84.342
1014.0 84.331999
1015.0 84.381
1016.0 84.35
1017.0 84.351
1018.0 84.343999
1019.0 84.35
1020.0 84.338
1021.0 84.335
1022.0 84.348
1023.0 84.355999
1024.0 84.373
1025.0 84.325
1026.0 84.298
1027.0 84.316
1028.0 84.298
1029.0 84.325
1030.0 84.304999
1031.0 84.291
1032.0 84.292
1033.0 84.315
1034.0 84.313
1035.0 84.279
1036.0 84.279
1037.0 84.296
1038.0 84.299
1039.0 84.276
1040.0 84.287
1041.0 84.275
1042.0 84.287
1043.0 84.280999
1044.0 84.288
1045.0 84.289
1046.0 84.284
1047.0 84.274
1048.0 84.262
1049.0 84.253
1050.0 84.264
1051.0 84.262
1052.0 84.246
1053.0 84.265
1054.0 84.294
1055.0 84.273
1056.0 84.292
1057.0 84.288
1058.0 84.26
1059.0 84.262
1060.0 84.235
1061.0 84.273
1062.0 84.247
1063.0 84.233999
1064.0 84.241
1065.0 84.24
1066.0 84.264
1067.0 84.257
1068.0 84.285
1069.0 84.226999
1070.0 84.223
1071.0 84.216
1072.0 84.202
1073.0 84.246
1074.0 84.199
1075.0 84.232
1076.0 84.205
1077.0 84.269
1078.0 84.277
1079.0 84.192
1080.0 84.204
1081.0 84.179
1082.0 84.280999
1083.0 84.201
1084.0 84.249
1085.0 84.286
1086.0 84.218
1087.0 84.255
1088.0 84.247
1089.0 84.233999
1090.0 84.24
1091.0 84.174
1092.0 84.264
1093.0 84.248
1094.0 84.298
1095.0 84.238
1096.0 84.246
1097.0 84.285
1098.0 84.334
1099.0 84.189
1100.0 84.236
