190.0 0.066
191.0 0.097
192.0 0.023
193.0 0.078
194.0 0.047
195.0 0.054
196.0 0.053
197.0 0.043
198.0 0.034
199.0 0.045
200.0 0.014
201.0 0.023
202.0 0.021
203.0 0.032
204.0 0.029
205.0 0.022
206.0 0.02
207.0 0.035
208.0 0.02
209.0 0.03
210.0 0.024
211.0 0.04
212.0 0.026
213.0 0.018
214.0 0.011
215.0 0.017
216.0 0.018
217.0 0.023
218.0 0.017
219.0 0.041
220.0 0.016
221.0 0.025
222.0 0.019
223.0 0.025
224.0 0.012
225.0 0.017
226.0 0.025
227.0 0.034
228.0 0.009
229.0 0.021
230.0 0.006999
231.0 0.014
232.0 0.005
233.0 0.019
234.0 0.026
235.0 0.027
236.0 0.016
237.0 0.011
238.0 0.022
239.0 0.017
240.0 0.017
241.0 0.005
242.0 0.016
243.0 0.02
244.0 0.025
245.0 0.012
246.0 0.008
247.0 0.016
248.0 0.006
249.0 0.021
250.0 0.015
251.0 0.048
252.0 0.014
253.0 0.017
254.0 0.017
255.0 0.022
256.0 0.031
257.0 0.025
258.0 0.023
259.0 0.038
260.0 0.013
261.0 0.017
262.0 0.026
263.0 0.022
264.0 0.013
265.0 0.04
266.0 0.019
267.0 0.041
268.0 -0.003
269.0 0.032
270.0 0.038
271.0 0.019
272.0 0.022
273.0 0.037
274.0 0.038
275.0 0.057
276.0 0.041
277.0 0.029
278.0 0.031
279.0 0.018
280.0 0.063
281.0 0.014
282.0 0.043
283.0 0.048
284.0 0.034
285.0 0.031
286.0 0.031
287.0 0.044
288.0 0.018
289.0 0.031
290.0 0.062
291.0 0.05
292.0 0.018
293.0 0.02
294.0 0.027
295.0 0.016
296.0 0.048
297.0 0.034
298.0 0.033
299.0 0.044
300.0 0.029
301.0 0.038
302.0 0.026
303.0 0.035
304.0 0.033
305.0 0.06
306.0 0.048
307.0 0.071
308.0 0.05
309.0 0.033
310.0 0.045
311.0 0.043
312.0 0.061
313.0 0.069999
314.0 0.09
315.0 0.101
316.0 0.093
317.0 0.093
318.0 0.082
319.0 0.105
320.0 0.098
321.0 0.141
322.0 0.139
323.0 0.173
324.0 0.17
325.0 0.148
326.0 0.186
327.0 0.199
328.0 0.204
329.0 0.221
330.0 0.241
331.0 0.257
332.0 0.229
333.0 0.247
334.0 0.277
335.0 0.28
336.0 0.304
337.0 0.323
338.0 0.337
339.0 0.385
340.0 0.395
341.0 0.419
342.0 0.452
343.0 0.495
344.0 0.536999
345.0 0.586
346.0 0.659
347.0 0.739
348.0 0.810999
349.0 0.912999
350.0 1.037
351.0 1.176
352.0 1.339
353.0 1.543
354.0 1.775
355.0 2.074
356.0 2.389
357.0 2.786
358.0 3.223
359.0 3.751
360.0 4.365
361.0 5.058
362.0 5.872
363.0 6.805999
364.0 7.807
365.0 8.945
366.0 10.151
367.0 11.457
368.0 12.832
369.0 14.237
370.0 15.642
371.0 17.0
372.0 18.341
373.0 19.59
374.0 20.718
375.0 21.765
376.0 22.725
377.0 23.564
378.0 24.37
379.0 25.142
380.0 25.858
381.0 26.521
382.0 27.131
383.0 27.837
384.0 28.492
385.0 29.085
386.0 29.665
387.0 30.229
388.0 30.81
389.0 31.374
390.0 31.928
391.0 32.483
392.0 33.027
393.0 33.571
394.0 34.105999
395.0 34.641
396.0 35.165
397.0 35.698
398.0 36.228
399.0 36.75
400.0 37.259
401.0 37.762
402.0 38.269
403.0 38.754
404.0 39.228
405.0 39.703
406.0 40.145
407.0 40.609
408.0 41.051
409.0 41.475
410.0 41.876
411.0 42.275
412.0 42.664
413.0 43.023
414.0 43.366
415.0 43.703
416.0 44.02
417.0 44.317
418.0 44.599
419.0 44.879
420.0 45.116
421.0 45.379
422.0 45.612
423.0 45.794
424.0 45.989
425.0 46.167
426.0 46.325
427.0 46.47
428.0 46.595
429.0 46.71
430.0 46.805
431.0 46.913
432.0 46.98
433.0 47.035
434.0 47.093
435.0 47.111999
436.0 47.152
437.0 47.199
438.0 47.226
439.0 47.225
440.0 47.231
441.0 47.229
442.0 47.216
443.0 47.197
444.0 47.17
445.0 47.154
446.0 47.122
447.0 47.099999
448.0 47.052
449.0 47.023
450.0 46.991
451.0 46.96
452.0 46.916999
453.0 46.866
454.0 46.837
455.0 46.803
456.0 46.761
457.0 46.723
458.0 46.678
459.0 46.645
460.0 46.613
461.0 46.569
462.0 46.556
463.0 46.53
464.0 46.507
465.0 46.487
466.0 46.475
467.0 46.468
468.0 46.471
469.0 46.463
470.0 46.452
471.0 46.476
472.0 46.487
473.0 46.498
474.0 46.538
475.0 46.56
476.0 46.586
477.0 46.613
478.0 46.665
479.0 46.694
480.0 46.745
481.0 46.774
482.0 46.83
483.0 46.899
484.0 46.937
485.0 47.008
486.0 47.049
487.0 47.122
488.0 47.2
489.0 47.266
490.0 47.336
491.0 47.416
492.0 47.479
493.0 47.567
494.0 47.654
495.0 47.74
496.0 47.833
497.0 47.921
498.0 48.014
499.0 48.125
500.0 48.203
501.0 48.321
502.0 48.421
503.0 48.523
504.0 48.638
505.0 48.748
506.0 48.867
507.0 48.984
508.0 49.096
509.0 49.217
510.0 49.33
511.0 49.447
512.0 49.591
513.0 49.72
514.0 49.842
515.0 49.972
516.0 50.114
517.0 50.231
518.0 50.375
519.0 50.507
520.0 50.637
521.0 50.785
522.0 50.910999
523.0 51.053
524.0 51.200999
525.0 51.327
526.0 51.485
527.0 51.604
528.0 51.748
529.0 51.893
530.0 52.042
531.0 52.173
532.0 52.322
533.0 52.477
534.0 52.623
535.0 52.76
536.0 52.915
537.0 53.049
538.0 53.195
539.0 53.325
540.0 53.483999
541.0 53.619
542.0 53.751
543.0 53.912
544.0 54.047
545.0 54.187
546.0 54.318
547.0 54.454
548.0 54.591
549.0 54.724
550.0 54.843
551.0 54.986
552.0 55.121
553.0 55.242999
554.0 55.372
555.0 55.507
556.0 55.625
557.0 55.767999
558.0 55.864999
559.0 55.997
560.0 56.126
561.0 56.264
562.0 56.381
563.0 56.491
564.0 56.603
565.0 56.727
566.0 56.839
567.0 56.947
568.0 57.055
569.0 57.16
570.0 57.252
571.0 57.343999
572.0 57.459
573.0 57.547
574.0 57.633999
575.0 57.733999
576.0 57.826
577.0 57.902
578.0 58.015
579.0 58.101
580.0 58.187
581.0 58.265
582.0 58.357
583.0 58.445
584.0 58.552
585.0 58.635
586.0 58.741
587.0 58.849
588.0 58.951
589.0 59.061
590.0 59.167
591.0 59.268
592.0 59.385
593.0 59.48
594.0 59.562
595.0 59.654
596.0 59.733
597.0 59.822
598.0 59.891
599.0 59.963
600.0 60.039
601.0 60.107
602.0 60.162
603.0 60.223
604.0 60.276
605.0 60.324
606.0 60.394
607.0 60.426
608.0 60.479
609.0 60.512999
610.0 60.563
611.0 60.601
612.0 60.634999
613.0 60.673999
614.0 60.696
615.0 60.724999
616.0 60.761
617.0 60.791
618.0 60.804
619.0 60.841
620.0 60.862
621.0 60.874
622.0 60.909
623.0 60.922
624.0 60.934
625.0 60.953
626.0 60.972
627.0 60.980999
628.0 60.998
629.0 61.008
630.0 61.034
631.0 61.027
632.0 61.037
633.0 61.061
634.0 61.06
635.0 61.061
636.0 61.068
637.0 61.074
638.0 61.083
639.0 61.1
640.0 61.093
641.0 61.107
642.0 61.107
643.0 61.099
644.0 61.102999
645.0 61.106
646.0 61.102999
647.0 61.108
648.0 61.104
649.0 61.104
650.0 61.101
651.0 61.112999
652.0 61.094
653.0 61.08
654.0 61.066
655.0 61.066
656.0 61.061
657.0 61.059
658.0 61.048
659.0 61.053
660.0 61.035
661.0 61.033
662.0 61.031
663.0 61.031
664.0 61.023
665.0 61.019
666.0 61.005
667.0 60.992
668.0 60.994
669.0 60.988
670.0 60.972
671.0 60.968999
672.0 60.967
673.0 60.937
674.0 60.932
675.0 60.959
676.0 60.927
677.0 60.919999
678.0 60.904
679.0 60.913
680.0 60.893
681.0 60.897
682.0 60.878
683.0 60.874
684.0 60.848
685.0 60.827
686.0 60.841
687.0 60.826
688.0 60.817
689.0 60.815
690.0 60.813
691.0 60.807
692.0 60.803
693.0 60.8
694.0 60.797999
695.0 60.795
696.0 60.795
697.0 60.769
698.0 60.789
699.0 60.773
700.0 60.782
701.0 60.768
702.0 60.782
703.0 60.766
704.0 60.773
705.0 60.781
706.0 60.766
707.0 60.779
708.0 60.772
709.0 60.779
710.0 60.784
711.0 60.772
712.0 60.791
713.0 60.765
714.0 60.797
715.0 60.793
716.0 60.788
717.0 60.795999
718.0 60.795999
719.0 60.795999
720.0 60.805
721.0 60.815
722.0 60.816
723.0 60.825
724.0 60.831
725.0 60.844
726.0 60.842
727.0 60.855
728.0 60.86
729.0 60.878
730.0 60.872
731.0 60.877
732.0 60.892
733.0 60.89
734.0 60.912
735.0 60.906
736.0 60.935
737.0 60.936
738.0 60.959
739.0 60.962
740.0 60.977
741.0 60.983
742.0 61.002999
743.0 60.996
744.0 61.025
745.0 61.031
746.0 61.046
747.0 61.074
748.0 61.072
749.0 61.101
750.0 61.096
751.0 61.121
752.0 61.151
753.0 61.156
754.0 61.173999
755.0 61.185999
756.0 61.206
757.0 61.22
758.0 61.246
759.0 61.259
760.0 61.283
761.0 61.295999
762.0 61.313
763.0 61.324
764.0 61.343
765.0 61.355
766.0 61.377
767.0 61.401
768.0 61.412
769.0 61.412
770.0 61.459
771.0 61.464
772.0 61.485
773.0 61.512
774.0 61.553999
775.0 61.583
776.0 61.639999
777.0 61.677
778.0 61.731
779.0 61.751
780.0 61.794
781.0 61.804
782.0 61.806
783.0 61.8
784.0 61.787
785.0 61.797999
786.0 61.803
787.0 61.843
788.0 61.874
789.0 61.895999
790.0 61.956999
791.0 61.982
792.0 62.013
793.0 62.061
794.0 62.102
795.0 62.143
796.0 62.171
797.0 62.205
798.0 62.266
799.0 62.295999
800.0 62.339
801.0 62.375
802.0 62.404
803.0 62.443
804.0 62.472
805.0 62.516
806.0 62.544999
807.0 62.578999
808.0 62.631
809.0 62.658
810.0 62.714
811.0 62.751
812.0 62.783
813.0 62.834
814.0 62.858999
815.0 62.927
816.0 62.946
817.0 62.982
818.0 63.036
819.0 63.064
820.0 63.113
821.0 63.166999
822.0 63.216
823.0 63.243
824.0 63.300999
825.0 63.322999
826.0 63.369
827.0 63.42
828.0 63.462
829.0 63.512
830.0 63.561
831.0 63.598
832.0 63.644
833.0 63.682
834.0 63.725
835.0 63.782
836.0 63.826
837.0 63.892
838.0 63.91
839.0 63.982
840.0 64.014
841.0 64.062
842.0 64.117
843.0 64.171
844.0 64.205
845.0 64.264
846.0 64.319999
847.0 64.363
848.0 64.411
849.0 64.458
850.0 64.512
851.0 64.575
852.0 64.617999
853.0 64.667
854.0 64.711
855.0 64.769
856.0 64.821
857.0 64.875
858.0 64.923
859.0 64.98
860.0 65.039
861.0 65.08
862.0 65.135
863.0 65.18
864.0 65.247
865.0 65.288
866.0 65.34
867.0 65.388
868.0 65.454
869.0 65.517
870.0 65.556
871.0 65.598
872.0 65.631
873.0 65.714
874.0 65.747999
875.0 65.809
876.0 65.857
877.0 65.92
878.0 65.951
879.0 66.013
880.0 66.065
881.0 66.122
882.0 66.187
883.0 66.262
884.0 66.355
885.0 66.423
886.0 66.513
887.0 66.592
888.0 66.644
889.0 66.709
890.0 66.796
891.0 66.846999
892.0 66.917
893.0 66.99
894.0 67.051
895.0 67.115
896.0 67.178
897.0 67.230999
898.0 67.274
899.0 67.361
900.0 67.373
901.0 67.461
902.0 67.479999
903.0 67.509
904.0 67.545999
905.0 67.598
906.0 67.625
907.0 67.679
908.0 67.722
909.0 67.742
910.0 67.761
911.0 67.797
912.0 67.817
913.0 67.857999
914.0 67.902
915.0 67.943
916.0 67.979
917.0 68.017
918.0 68.074
919.0 68.117
920.0 68.178
921.0 68.226
922.0 68.252
923.0 68.294
924.0 68.364
925.0 68.425
926.0 68.474
927.0 68.53
928.0 68.586
929.0 68.655
930.0 68.726
931.0 68.783
932.0 68.823
933.0 68.889
934.0 68.94
935.0 69.009
936.0 69.063
937.0 69.11
938.0 69.173
939.0 69.230999
940.0 69.285
941.0 69.336
942.0 69.360999
943.0 69.399
944.0 69.483999
945.0 69.528
946.0 69.598
947.0 69.645
948.0 69.687
949.0 69.767
950.0 69.811
951.0 69.86
952.0 69.921
953.0 69.967
954.0 70.05
955.0 70.096999
956.0 70.133
957.0 70.197
958.0 70.262999
959.0 70.308
960.0 70.392
961.0 70.447999
962.0 70.494
963.0 70.56
964.0 70.619
965.0 70.687
966.0 70.738
967.0 70.782
968.0 70.831
969.0 70.879
970.0 70.95
971.0 71.013
972.0 71.072
973.0 71.11
974.0 71.174
975.0 71.247
976.0 71.297
977.0 71.347
978.0 71.385
979.0 71.438
980.0 71.474999
981.0 71.518
982.0 71.623
983.0 71.759
984.0 71.824
985.0 71.862
986.0 71.919
987.0 71.976
988.0 72.032
989.0 72.087
990.0 72.122
991.0 72.187
992.0 72.221
993.0 72.263
994.0 72.326
995.0 72.367
996.0 72.426999
997.0 72.473
998.0 72.547
999.0 72.58
1000.0 72.636
1001.0 72.676
1002.0 72.726
1003.0 72.779
1004.0 72.871
1005.0 72.909
1006.0 72.971
1007.0 73.004
1008.0 73.067
1009.0 73.104
1010.0 73.161
1011.0 73.221
1012.0 73.26
1013.0 73.31
1014.0 73.346999
1015.0 73.434999
1016.0 73.477
1017.0 73.509999
1018.0 73.553
1019.0 73.614
1020.0 73.665
1021.0 73.702
1022.0 73.759
1023.0 73.821
1024.0 73.865
1025.0 73.898
1026.0 73.931
1027.0 73.98
1028.0 74.021
1029.0 74.095999
1030.0 74.133
1031.0 74.172
1032.0 74.215
1033.0 74.295999
1034.0 74.343
1035.0 74.386
1036.0 74.436
1037.0 74.482
1038.0 74.494
1039.0 74.572
1040.0 74.619
1041.0 74.658
1042.0 74.703
1043.0 74.726
1044.0 74.786
1045.0 74.839
1046.0 74.838
1047.0 74.887
1048.0 74.919
1049.0 74.922
1050.0 74.998
1051.0 75.021
1052.0 75.074
1053.0 75.134
1054.0 75.173
1055.0 75.215
1056.0 75.249
1057.0 75.307999
1058.0 75.351
1059.0 75.412
1060.0 75.416
1061.0 75.488
1062.0 75.508
1063.0 75.581
1064.0 75.601
1065.0 75.622999
1066.0 75.69
1067.0 75.723
1068.0 75.764
1069.0 75.767
1070.0 75.794
1071.0 75.827
1072.0 75.897
1073.0 75.9
1074.0 75.94
1075.0 75.992999
1076.0 75.994
1077.0 76.107
1078.0 76.158999
1079.0 76.131
1080.0 76.202
1081.0 76.224999
1082.0 76.306
1083.0 76.307999
1084.0 76.334
1085.0 76.405
1086.0 76.431
1087.0 76.432999
1088.0 76.523
1089.0 76.482
1090.0 76.602
1091.0 76.581
1092.0 76.633
1093.0 76.624
1094.0 76.702
1095.0 76.705
1096.0 76.707
1097.0 76.756999
1098.0 76.826
1099.0 76.805
1100.0 76.874
