190.0 0.063
191.0 0.091
192.0 0.024
193.0 0.066
194.0 0.063
195.0 0.052
196.0 0.028
197.0 0.025
198.0 0.04
199.0 0.037
200.0 0.02
201.0 0.031
202.0 0.02
203.0 0.055
204.0 0.028
205.0 0.018
206.0 0.031
207.0 0.026
208.0 0.041
209.0 0.02
210.0 0.02
211.0 0.035
212.0 0.032
213.0 0.022
214.0 0.005
215.0 0.016
216.0 0.015
217.0 0.026
218.0 0.036
219.0 0.023
220.0 0.012
221.0 0.027
222.0 0.029
223.0 0.019
224.0 0.018
225.0 0.024
226.0 0.012
227.0 0.038
228.0 0.012
229.0 0.021
230.0 0.017
231.0 0.023
232.0 0.01
233.0 0.018
234.0 0.018
235.0 0.028
236.0 0.016
237.0 0.022
238.0 0.008
239.0 0.013
240.0 0.022
241.0 0.011
242.0 0.019
243.0 0.03
244.0 0.018
245.0 0.014
246.0 0.024
247.0 0.017
248.0 0.013
249.0 0.017
250.0 0.01
251.0 0.04
252.0 0.014
253.0 0.014
254.0 0.024
255.0 0.029
256.0 0.021
257.0 0.031
258.0 0.026
259.0 0.026
260.0 0.018
261.0 0.013
262.0 0.024
263.0 0.031
264.0 0.024
265.0 0.014
266.0 0.029
267.0 0.066
268.0 0.015
269.0 0.02
270.0 0.032
271.0 0.022
272.0 0.038
273.0 0.022
274.0 0.043
275.0 0.058
276.0 0.048
277.0 0.055999
278.0 0.027
279.0 0.03
280.0 0.032
281.0 0.045
282.0 0.027
283.0 0.063
284.0 0.03
285.0 0.025
286.0 0.014
287.0 0.029
288.0 0.027
289.0 0.031
290.0 0.066
291.0 0.039
292.0 0.032
293.0 0.04
294.0 0.063
295.0 0.031
296.0 0.034
297.0 0.053
298.0 0.035
299.0 0.069999
300.0 0.064
301.0 0.059
302.0 0.058
303.0 0.074
304.0 0.085999
305.0 0.078
306.0 0.092
307.0 0.159
308.0 0.101
309.0 0.135
310.0 0.153
311.0 0.192
312.0 0.197
313.0 0.227
314.0 0.272
315.0 0.334
316.0 0.3
317.0 0.349
318.0 0.396
319.0 0.41
320.0 0.457
321.0 0.476
322.0 0.518
323.0 0.577
324.0 0.578
325.0 0.619
326.0 0.659
327.0 0.784
328.0 0.869999
329.0 0.88
330.0 0.945
331.0 1.013
332.0 1.019
333.0 1.091
334.0 1.136
335.0 1.203
336.0 1.267
337.0 1.345
338.0 1.424
339.0 1.513
340.0 1.592
341.0 1.689
342.0 1.798
343.0 1.945
344.0 2.081
345.0 2.259
346.0 2.455
347.0 2.682
348.0 2.925
349.0 3.208
350.0 3.56
351.0 3.954
352.0 4.389
353.0 4.904
354.0 5.502
355.0 6.193
356.0 6.947
357.0 7.847999
358.0 8.853
359.0 9.997
360.0 11.305
361.0 12.727
362.0 14.314
363.0 16.061
364.0 17.951
365.0 20.045
366.0 22.266
367.0 24.683
368.0 27.207
369.0 29.834
370.0 32.517
371.0 35.249
372.0 37.965
373.0 40.672
374.0 43.355
375.0 45.964
376.0 48.476
377.0 50.849
378.0 53.201
379.0 55.411999
380.0 57.528
381.0 59.514999
382.0 61.34
383.0 63.185
384.0 64.874
385.0 66.337999
386.0 67.691999
387.0 68.872
388.0 69.949
389.0 70.879
390.0 71.69
391.0 72.382
392.0 72.979
393.0 73.485
394.0 73.865
395.0 74.202
396.0 74.456
397.0 74.626
398.0 74.765
399.0 74.848
400.0 74.857
401.0 74.849
402.0 74.846
403.0 74.783999
404.0 74.691
405.0 74.590999
406.0 74.487
407.0 74.377
408.0 74.244
409.0 74.105
410.0 73.985999
411.0 73.861
412.0 73.743
413.0 73.641
414.0 73.529
415.0 73.407
416.0 73.294
417.0 73.2
418.0 73.121
419.0 73.055
420.0 72.98
421.0 73.036999
422.0 73.021
423.0 72.989999
424.0 72.980999
425.0 72.974999
426.0 72.976
427.0 73.011
428.0 73.004
429.0 73.059
430.0 73.102999
431.0 73.155
432.0 73.239
433.0 73.304
434.0 73.405
435.0 73.511
436.0 73.59
437.0 73.731
438.0 73.895
439.0 74.02
440.0 74.157
441.0 74.325
442.0 74.502
443.0 74.677
444.0 74.854
445.0 75.027
446.0 75.219
447.0 75.414999
448.0 75.604
449.0 75.802
450.0 76.014
451.0 76.244
452.0 76.435
453.0 76.657
454.0 76.876
455.0 77.128
456.0 77.368
457.0 77.614
458.0 77.854999
459.0 78.107
460.0 78.363
461.0 78.608
462.0 78.875
463.0 79.129
464.0 79.383
465.0 79.66
466.0 79.944999
467.0 80.197
468.0 80.476
469.0 80.754
470.0 81.027
471.0 81.337999
472.0 81.625
473.0 81.894
474.0 82.167
475.0 82.437
476.0 82.73
477.0 82.998
478.0 83.286
479.0 83.532
480.0 83.816999
481.0 84.094
482.0 84.385
483.0 84.623
484.0 84.885
485.0 85.136
486.0 85.369
487.0 85.613
488.0 85.809
489.0 86.051999
490.0 86.265999
491.0 86.462
492.0 86.692
493.0 86.874
494.0 87.078
495.0 87.264
496.0 87.452
497.0 87.62
498.0 87.777
499.0 87.951
500.0 88.101
501.0 88.263
502.0 88.366
503.0 88.515
504.0 88.636
505.0 88.775
506.0 88.875
507.0 89.006
508.0 89.093
509.0 89.183
510.0 89.267
511.0 89.345
512.0 89.417999
513.0 89.496
514.0 89.549
515.0 89.605999
516.0 89.659
517.0 89.708
518.0 89.731
519.0 89.761
520.0 89.783999
521.0 89.798
522.0 89.818
523.0 89.822999
524.0 89.849999
525.0 89.831999
526.0 89.831
527.0 89.812
528.0 89.817
529.0 89.785
530.0 89.758
531.0 89.738
532.0 89.669
533.0 89.637999
534.0 89.601
535.0 89.559
536.0 89.492999
537.0 89.444999
538.0 89.392
539.0 89.333
540.0 89.262
541.0 89.191
542.0 89.101
543.0 89.027
544.0 88.949999
545.0 88.86
546.0 88.767
547.0 88.673
548.0 88.565
549.0 88.465999
550.0 88.378999
551.0 88.27
552.0 88.146999
553.0 88.023
554.0 87.921
555.0 87.817
556.0 87.69
557.0 87.578999
558.0 87.451
559.0 87.361
560.0 87.271
561.0 87.139
562.0 87.016
563.0 86.906
564.0 86.759
565.0 86.631
566.0 86.506
567.0 86.355
568.0 86.243
569.0 86.081
570.0 85.918
571.0 85.797
572.0 85.672
573.0 85.524999
574.0 85.37
575.0 85.226
576.0 85.056
577.0 84.933
578.0 84.758
579.0 84.639
580.0 84.499
581.0 84.386
582.0 84.257
583.0 84.164
584.0 84.072999
585.0 83.989999
586.0 83.919999
587.0 83.848
588.0 83.797
589.0 83.761
590.0 83.718
591.0 83.655999
592.0 83.587999
593.0 83.560999
594.0 83.492999
595.0 83.429
596.0 83.362
597.0 83.289999
598.0 83.22
599.0 83.133
600.0 83.06
601.0 82.972
602.0 82.883
603.0 82.789
604.0 82.713
605.0 82.637
606.0 82.526
607.0 82.461
608.0 82.349999
609.0 82.277
610.0 82.17
611.0 82.096
612.0 82.009
613.0 81.923
614.0 81.836
615.0 81.754
616.0 81.672
617.0 81.591
618.0 81.52
619.0 81.437
620.0 81.355999
621.0 81.272
622.0 81.194999
623.0 81.133
624.0 81.052
625.0 80.971
626.0 80.908999
627.0 80.835
628.0 80.762999
629.0 80.696
630.0 80.647
631.0 80.575
632.0 80.498
633.0 80.462
634.0 80.377
635.0 80.349999
636.0 80.28
637.0 80.206999
638.0 80.173
639.0 80.113
640.0 80.062
641.0 80.02
642.0 79.971999
643.0 79.946
644.0 79.884999
645.0 79.844
646.0 79.813999
647.0 79.771
648.0 79.72
649.0 79.7
650.0 79.666
651.0 79.629
652.0 79.596
653.0 79.569999
654.0 79.524
655.0 79.495
656.0 79.474
657.0 79.442
658.0 79.420999
659.0 79.402
660.0 79.373
661.0 79.357
662.0 79.349999
663.0 79.318999
664.0 79.316
665.0 79.279
666.0 79.276
667.0 79.261
668.0 79.235999
669.0 79.224
670.0 79.23
671.0 79.224
672.0 79.232
673.0 79.203999
674.0 79.188
675.0 79.196999
676.0 79.191999
677.0 79.191
678.0 79.195
679.0 79.188999
680.0 79.168
681.0 79.157
682.0 79.156
683.0 79.163
684.0 79.112
685.0 79.1
686.0 79.093999
687.0 79.116
688.0 79.129
689.0 79.139
690.0 79.143
691.0 79.145
692.0 79.168
693.0 79.195
694.0 79.205
695.0 79.218
696.0 79.239
697.0 79.253
698.0 79.271999
699.0 79.296
700.0 79.32
701.0 79.33
702.0 79.363
703.0 79.368
704.0 79.391
705.0 79.425
706.0 79.444999
707.0 79.464
708.0 79.479999
709.0 79.518999
710.0 79.536
711.0 79.568
712.0 79.590999
713.0 79.627
714.0 79.661
715.0 79.682
716.0 79.700999
717.0 79.747999
718.0 79.768
719.0 79.815
720.0 79.829
721.0 79.857999
722.0 79.878
723.0 79.923999
724.0 79.947999
725.0 79.989
726.0 80.035
727.0 80.066999
728.0 80.081999
729.0 80.123
730.0 80.159
731.0 80.202
732.0 80.225
733.0 80.272
734.0 80.312
735.0 80.333
736.0 80.378
737.0 80.408999
738.0 80.450999
739.0 80.488
740.0 80.521
741.0 80.554
742.0 80.598
743.0 80.632
744.0 80.664999
745.0 80.706999
746.0 80.75
747.0 80.783
748.0 80.839
749.0 80.878
750.0 80.919
751.0 80.953
752.0 81.0
753.0 81.029
754.0 81.091
755.0 81.117999
756.0 81.164999
757.0 81.206999
758.0 81.253
759.0 81.304
760.0 81.336
761.0 81.367
762.0 81.401
763.0 81.459
764.0 81.503
765.0 81.537
766.0 81.562
767.0 81.604
768.0 81.65
769.0 81.684
770.0 81.709
771.0 81.759
772.0 81.801999
773.0 81.866
774.0 81.92
775.0 82.01
776.0 82.075
777.0 82.161
778.0 82.262999
779.0 82.395
780.0 82.455999
781.0 82.465
782.0 82.474
783.0 82.455999
784.0 82.393
785.0 82.387999
786.0 82.435
787.0 82.462
788.0 82.532
789.0 82.592
790.0 82.654
791.0 82.694
792.0 82.758
793.0 82.822
794.0 82.860999
795.0 82.886
796.0 82.935999
797.0 83.009
798.0 83.048999
799.0 83.128999
800.0 83.162
801.0 83.218
802.0 83.295
803.0 83.351
804.0 83.384
805.0 83.433
806.0 83.486999
807.0 83.536999
808.0 83.592
809.0 83.648
810.0 83.699
811.0 83.745
812.0 83.795
813.0 83.848999
814.0 83.899
815.0 83.965
816.0 83.997999
817.0 84.045
818.0 84.104
819.0 84.161
820.0 84.209
821.0 84.265
822.0 84.306
823.0 84.363999
824.0 84.394
825.0 84.443
826.0 84.516
827.0 84.545999
828.0 84.622
829.0 84.667
830.0 84.706999
831.0 84.769
832.0 84.807999
833.0 84.848999
834.0 84.896
835.0 84.941
836.0 84.999
837.0 85.047
838.0 85.101
839.0 85.155
840.0 85.185
841.0 85.233
842.0 85.271
843.0 85.328
844.0 85.37
845.0 85.409
846.0 85.485999
847.0 85.53
848.0 85.57
849.0 85.622
850.0 85.658
851.0 85.703
852.0 85.785
853.0 85.801
854.0 85.843999
855.0 85.887999
856.0 85.948
857.0 85.96
858.0 86.041
859.0 86.059
860.0 86.116
861.0 86.16
862.0 86.208
863.0 86.256999
864.0 86.278
865.0 86.341
866.0 86.387
867.0 86.437
868.0 86.477
869.0 86.521
870.0 86.571
871.0 86.593
872.0 86.667
873.0 86.7
874.0 86.741
875.0 86.779
876.0 86.807999
877.0 86.855
878.0 86.91
879.0 86.917
880.0 86.963
881.0 87.031
882.0 87.111999
883.0 87.209999
884.0 87.304
885.0 87.432
886.0 87.521
887.0 87.599
888.0 87.668
889.0 87.694
890.0 87.79
891.0 87.815
892.0 87.874
893.0 87.907
894.0 87.944999
895.0 87.999
896.0 88.033
897.0 88.092
898.0 88.105999
899.0 88.148
900.0 88.184
901.0 88.193
902.0 88.188999
903.0 88.214
904.0 88.22
905.0 88.212
906.0 88.179
907.0 88.164
908.0 88.109
909.0 88.063
910.0 88.016
911.0 87.959
912.0 87.905
913.0 87.854
914.0 87.803
915.0 87.771999
916.0 87.733
917.0 87.705999
918.0 87.670999
919.0 87.673999
920.0 87.661
921.0 87.682
922.0 87.664
923.0 87.663
924.0 87.673
925.0 87.68
926.0 87.712999
927.0 87.717
928.0 87.7
929.0 87.733999
930.0 87.763
931.0 87.801
932.0 87.805
933.0 87.836
934.0 87.858999
935.0 87.876
936.0 87.923
937.0 87.929
938.0 87.961999
939.0 87.982
940.0 88.015
941.0 88.023
942.0 88.036
943.0 88.071
944.0 88.104
945.0 88.121
946.0 88.154
947.0 88.170999
948.0 88.185999
949.0 88.212
950.0 88.224
951.0 88.249
952.0 88.273
953.0 88.254
954.0 88.307999
955.0 88.313
956.0 88.327999
957.0 88.352
958.0 88.375
959.0 88.412
960.0 88.444
961.0 88.451
962.0 88.446
963.0 88.491
964.0 88.511
965.0 88.527
966.0 88.512999
967.0 88.545
968.0 88.56
969.0 88.55
970.0 88.593999
971.0 88.604
972.0 88.622
973.0 88.649999
974.0 88.654
975.0 88.684
976.0 88.67
977.0 88.707
978.0 88.72
979.0 88.748
980.0 88.827
981.0 88.9
982.0 88.911
983.0 88.935
984.0 88.931
985.0 88.929999
986.0 88.932999
987.0 88.956
988.0 88.971
989.0 89.000999
990.0 88.999
991.0 89.008
992.0 89.01
993.0 89.033
994.0 89.033
995.0 89.012
996.0 89.037
997.0 89.027
998.0 89.012
999.0 89.026
1000.0 89.033
1001.0 89.05
1002.0 89.072
1003.0 89.077
1004.0 89.063999
1005.0 89.068
1006.0 89.090999
1007.0 89.089
1008.0 89.092
1009.0 89.087
1010.0 89.114
1011.0 89.087
1012.0 89.102999
1013.0 89.107
1014.0 89.099999
1015.0 89.107
1016.0 89.086
1017.0 89.096
1018.0 89.105999
1019.0 89.107
1020.0 89.11
1021.0 89.086
1022.0 89.081
1023.0 89.081999
1024.0 89.078999
1025.0 89.066
1026.0 89.027999
1027.0 89.029
1028.0 89.029
1029.0 89.069
1030.0 89.044
1031.0 89.039
1032.0 89.042
1033.0 89.061
1034.0 89.051
1035.0 89.041
1036.0 89.007
1037.0 89.051999
1038.0 88.996
1039.0 89.039
1040.0 89.02
1041.0 89.02
1042.0 89.009
1043.0 89.012999
1044.0 89.006
1045.0 89.000999
1046.0 88.948
1047.0 88.952
1048.0 88.998
1049.0 88.953
1050.0 88.914
1051.0 88.94
1052.0 88.932999
1053.0 88.937
1054.0 88.905
1055.0 88.884
1056.0 88.902
1057.0 88.908
1058.0 88.896
1059.0 88.881
1060.0 88.872
1061.0 88.839
1062.0 88.849
1063.0 88.829
1064.0 88.829
1065.0 88.788
1066.0 88.841
1067.0 88.751
1068.0 88.749
1069.0 88.805
1070.0 88.775
1071.0 88.724999
1072.0 88.691
1073.0 88.685999
1074.0 88.746
1075.0 88.702
1076.0 88.731
1077.0 88.691
1078.0 88.734
1079.0 88.657
1080.0 88.671
1081.0 88.683
1082.0 88.646
1083.0 88.664
1084.0 88.676
1085.0 88.545
1086.0 88.636
1087.0 88.604
1088.0 88.589
1089.0 88.63
1090.0 88.541
1091.0 88.523
1092.0 88.455
1093.0 88.479
1094.0 88.5
1095.0 88.526
1096.0 88.535
1097.0 88.479
1098.0 88.522
1099.0 88.487
1100.0 88.527
