190.0 0.071
191.0 0.101
192.0 0.002
193.0 0.084
194.0 0.04
195.0 0.073
196.0 0.028
197.0 0.016
198.0 0.035
199.0 0.043
200.0 0.043
201.0 0.017
202.0 0.037
203.0 0.054
204.0 0.019
205.0 0.038
206.0 0.031
207.0 0.036
208.0 0.034
209.0 0.019
210.0 0.026
211.0 0.039
212.0 0.019
213.0 0.027
214.0 0.023
215.0 0.009
216.0 0.017
217.0 0.014
218.0 0.024
219.0 0.031
220.0 0.023
221.0 0.032
222.0 0.026
223.0 0.032
224.0 0.025
225.0 0.014
226.0 0.026
227.0 0.031
228.0 0.014
229.0 0.024
230.0 0.014
231.0 0.012
232.0 0.011
233.0 0.016
234.0 0.027
235.0 0.033
236.0 0.012
237.0 0.024
238.0 0.018
239.0 0.015
240.0 0.027
241.0 0.011
242.0 0.028
243.0 0.033
244.0 0.01
245.0 0.024
246.0 0.012
247.0 0.015
248.0 0.025
249.0 0.017
250.0 0.01
251.0 0.037
252.0 0.03
253.0 0.025
254.0 0.023
255.0 0.021
256.0 0.026
257.0 0.029
258.0 0.025
259.0 0.041
260.0 0.027
261.0 0.031
262.0 0.028
263.0 0.023
264.0 0.031
265.0 0.03
266.0 0.03
267.0 0.048
268.0 0.038
269.0 0.013
270.0 0.025
271.0 0.023
272.0 0.043
273.0 0.041
274.0 0.035
275.0 0.074
276.0 0.029
277.0 0.038
278.0 0.035
279.0 0.052
280.0 0.032
281.0 0.05
282.0 0.041
283.0 0.066
284.0 0.039
285.0 0.025
286.0 0.038
287.0 0.036
288.0 0.039
289.0 0.057
290.0 0.057
291.0 0.052
292.0 0.042
293.0 0.036
294.0 0.041
295.0 0.031
296.0 0.031
297.0 0.055999
298.0 0.054
299.0 0.067
300.0 0.061
301.0 0.048
302.0 0.075
303.0 0.059
304.0 0.098
305.0 0.084
306.0 0.116
307.0 0.148
308.0 0.131
309.0 0.15
310.0 0.132
311.0 0.2
312.0 0.201
313.0 0.222
314.0 0.283
315.0 0.322
316.0 0.345
317.0 0.332
318.0 0.362
319.0 0.423
320.0 0.46
321.0 0.498999
322.0 0.507
323.0 0.576
324.0 0.589
325.0 0.656
326.0 0.683
327.0 0.796
328.0 0.837
329.0 0.889
330.0 0.911
331.0 0.982
332.0 1.014
333.0 1.074
334.0 1.092
335.0 1.181
336.0 1.239
337.0 1.322
338.0 1.387
339.0 1.494
340.0 1.574
341.0 1.685
342.0 1.798
343.0 1.934
344.0 2.074
345.0 2.236
346.0 2.449
347.0 2.682
348.0 2.932
349.0 3.224
350.0 3.565
351.0 3.951
352.0 4.399
353.0 4.915
354.0 5.516999
355.0 6.228
356.0 6.999
357.0 7.91
358.0 8.935
359.0 10.096
360.0 11.417
361.0 12.849
362.0 14.453
363.0 16.229
364.0 18.146
365.0 20.255
366.0 22.5
367.0 24.918
368.0 27.437
369.0 30.054
370.0 32.732
371.0 35.437
372.0 38.184
373.0 40.87
374.0 43.564
375.0 46.163
376.0 48.684
377.0 51.093999
378.0 53.457
379.0 55.709
380.0 57.862
381.0 59.975
382.0 61.753
383.0 63.692
384.0 65.486
385.0 67.018
386.0 68.459999
387.0 69.711999
388.0 70.860999
389.0 71.867999
390.0 72.741999
391.0 73.477
392.0 74.132
393.0 74.661999
394.0 75.138
395.0 75.498
396.0 75.776
397.0 75.980999
398.0 76.157
399.0 76.226
400.0 76.282
401.0 76.274
402.0 76.27
403.0 76.196
404.0 76.111999
405.0 75.983
406.0 75.866999
407.0 75.739999
408.0 75.589
409.0 75.452
410.0 75.294
411.0 75.16
412.0 74.992999
413.0 74.848
414.0 74.694999
415.0 74.572
416.0 74.431
417.0 74.304
418.0 74.2
419.0 74.082
420.0 73.988
421.0 73.995
422.0 73.977
423.0 73.908
424.0 73.875
425.0 73.802
426.0 73.795
427.0 73.798
428.0 73.777
429.0 73.795999
430.0 73.81
431.0 73.846
432.0 73.88
433.0 73.935
434.0 74.008
435.0 74.067
436.0 74.141
437.0 74.27
438.0 74.377
439.0 74.514
440.0 74.611999
441.0 74.756
442.0 74.914
443.0 75.053
444.0 75.214
445.0 75.377
446.0 75.557
447.0 75.748
448.0 75.912
449.0 76.107
450.0 76.313
451.0 76.508
452.0 76.722
453.0 76.908
454.0 77.13
455.0 77.372
456.0 77.586999
457.0 77.827
458.0 78.056
459.0 78.305
460.0 78.559
461.0 78.795999
462.0 79.044
463.0 79.324
464.0 79.566999
465.0 79.844
466.0 80.104
467.0 80.373
468.0 80.637
469.0 80.932
470.0 81.182
471.0 81.501
472.0 81.774
473.0 82.062
474.0 82.374
475.0 82.636
476.0 82.929
477.0 83.194999
478.0 83.508
479.0 83.749
480.0 84.048
481.0 84.327
482.0 84.602999
483.0 84.839
484.0 85.143
485.0 85.395
486.0 85.631
487.0 85.884
488.0 86.106
489.0 86.354
490.0 86.592
491.0 86.8
492.0 87.021
493.0 87.248
494.0 87.464
495.0 87.646999
496.0 87.857
497.0 88.038
498.0 88.219
499.0 88.405999
500.0 88.571
501.0 88.731
502.0 88.883
503.0 89.059999
504.0 89.192
505.0 89.341
506.0 89.451
507.0 89.593
508.0 89.707
509.0 89.819999
510.0 89.916
511.0 90.002
512.0 90.114999
513.0 90.173999
514.0 90.274
515.0 90.337999
516.0 90.402
517.0 90.462
518.0 90.519
519.0 90.553
520.0 90.605999
521.0 90.639
522.0 90.671
523.0 90.668
524.0 90.708999
525.0 90.708999
526.0 90.727
527.0 90.724999
528.0 90.702
529.0 90.697
530.0 90.693
531.0 90.673999
532.0 90.628
533.0 90.592
534.0 90.578
535.0 90.523
536.0 90.502
537.0 90.449
538.0 90.402
539.0 90.349
540.0 90.298
541.0 90.239999
542.0 90.161999
543.0 90.093999
544.0 90.037
545.0 89.949
546.0 89.858999
547.0 89.759999
548.0 89.66
549.0 89.57
550.0 89.476
551.0 89.376
552.0 89.255
553.0 89.157
554.0 89.051
555.0 88.951
556.0 88.812
557.0 88.723
558.0 88.607
559.0 88.480999
560.0 88.409
561.0 88.292
562.0 88.146999
563.0 88.036999
564.0 87.914
565.0 87.776
566.0 87.649
567.0 87.522
568.0 87.373
569.0 87.229999
570.0 87.077
571.0 86.95
572.0 86.821
573.0 86.646
574.0 86.528
575.0 86.394
576.0 86.209
577.0 86.087
578.0 85.924
579.0 85.777
580.0 85.655
581.0 85.518
582.0 85.389
583.0 85.295
584.0 85.2
585.0 85.099999
586.0 85.048999
587.0 84.965
588.0 84.902999
589.0 84.86
590.0 84.81
591.0 84.747
592.0 84.685999
593.0 84.634
594.0 84.571
595.0 84.492999
596.0 84.422
597.0 84.343999
598.0 84.258
599.0 84.175
600.0 84.094
601.0 84.001
602.0 83.909
603.0 83.828999
604.0 83.73
605.0 83.628
606.0 83.531
607.0 83.447
608.0 83.342
609.0 83.269
610.0 83.169
611.0 83.078
612.0 82.986999
613.0 82.871
614.0 82.777999
615.0 82.699999
616.0 82.625
617.0 82.517
618.0 82.441
619.0 82.352999
620.0 82.271
621.0 82.176
622.0 82.107
623.0 82.029
624.0 81.945
625.0 81.863
626.0 81.789999
627.0 81.709
628.0 81.633
629.0 81.576
630.0 81.511
631.0 81.437
632.0 81.355
633.0 81.306
634.0 81.218
635.0 81.171
636.0 81.105
637.0 81.038
638.0 80.973
639.0 80.92
640.0 80.866
641.0 80.812
642.0 80.769
643.0 80.729
644.0 80.656
645.0 80.619
646.0 80.575
647.0 80.526
648.0 80.479999
649.0 80.458
650.0 80.403
651.0 80.377
652.0 80.335
653.0 80.293
654.0 80.245
655.0 80.234
656.0 80.181
657.0 80.154
658.0 80.13
659.0 80.105
660.0 80.074
661.0 80.057
662.0 80.035
663.0 79.993
664.0 79.989
665.0 79.955
666.0 79.939
667.0 79.926
668.0 79.893
669.0 79.879
670.0 79.88
671.0 79.845999
672.0 79.864
673.0 79.840999
674.0 79.813
675.0 79.809
676.0 79.803
677.0 79.798
678.0 79.786
679.0 79.785
680.0 79.791
681.0 79.767
682.0 79.769
683.0 79.762
684.0 79.691
685.0 79.67
686.0 79.676999
687.0 79.69
688.0 79.684
689.0 79.700999
690.0 79.705
691.0 79.703999
692.0 79.71
693.0 79.738
694.0 79.737
695.0 79.769
696.0 79.773
697.0 79.785
698.0 79.810999
699.0 79.82
700.0 79.845
701.0 79.861
702.0 79.879
703.0 79.894
704.0 79.912
705.0 79.928
706.0 79.954
707.0 79.976
708.0 79.997
709.0 80.021
710.0 80.037
711.0 80.08
712.0 80.093999
713.0 80.125
714.0 80.16
715.0 80.161
716.0 80.206
717.0 80.232
718.0 80.262999
719.0 80.303
720.0 80.312
721.0 80.348
722.0 80.375
723.0 80.416
724.0 80.439
725.0 80.483
726.0 80.513
727.0 80.550999
728.0 80.575
729.0 80.605999
730.0 80.655
731.0 80.679999
732.0 80.715
733.0 80.75
734.0 80.797
735.0 80.828
736.0 80.869
737.0 80.89
738.0 80.949
739.0 80.971999
740.0 81.001
741.0 81.042
742.0 81.089999
743.0 81.131
744.0 81.171
745.0 81.214
746.0 81.242999
747.0 81.279
748.0 81.33
749.0 81.384
750.0 81.413
751.0 81.458
752.0 81.504
753.0 81.537
754.0 81.591
755.0 81.624
756.0 81.667999
757.0 81.718
758.0 81.754
759.0 81.803
760.0 81.847
761.0 81.884999
762.0 81.917
763.0 81.969
764.0 82.008
765.0 82.048
766.0 82.079
767.0 82.104999
768.0 82.16
769.0 82.184
770.0 82.223
771.0 82.254
772.0 82.315
773.0 82.371
774.0 82.44
775.0 82.527
776.0 82.583
777.0 82.674
778.0 82.779
779.0 82.889
780.0 82.943999
781.0 82.967
782.0 82.977999
783.0 82.959999
784.0 82.915
785.0 82.899999
786.0 82.953
787.0 82.974
788.0 83.041
789.0 83.108999
790.0 83.170999
791.0 83.196
792.0 83.296
793.0 83.322
794.0 83.389
795.0 83.411999
796.0 83.474
797.0 83.536
798.0 83.584999
799.0 83.646
800.0 83.696
801.0 83.746
802.0 83.81
803.0 83.875
804.0 83.895
805.0 83.962999
806.0 84.018
807.0 84.056
808.0 84.118
809.0 84.169
810.0 84.213
811.0 84.26
812.0 84.309
813.0 84.375999
814.0 84.429
815.0 84.480999
816.0 84.526
817.0 84.572999
818.0 84.625
819.0 84.694999
820.0 84.726
821.0 84.776
822.0 84.828
823.0 84.877
824.0 84.924
825.0 84.967
826.0 85.018
827.0 85.066
828.0 85.125
829.0 85.182999
830.0 85.216
831.0 85.267
832.0 85.31
833.0 85.367
834.0 85.406
835.0 85.461
836.0 85.527
837.0 85.553
838.0 85.614999
839.0 85.66
840.0 85.705
841.0 85.744
842.0 85.809
843.0 85.831
844.0 85.878
845.0 85.92
846.0 85.995
847.0 86.05
848.0 86.09
849.0 86.121
850.0 86.178
851.0 86.212999
852.0 86.276
853.0 86.33
854.0 86.367
855.0 86.389
856.0 86.46
857.0 86.489
858.0 86.558
859.0 86.587
860.0 86.649
861.0 86.665
862.0 86.762
863.0 86.783999
864.0 86.816999
865.0 86.841
866.0 86.902
867.0 86.936
868.0 86.996
869.0 87.021
870.0 87.094
871.0 87.105999
872.0 87.177
873.0 87.197
874.0 87.265
875.0 87.301
876.0 87.343999
877.0 87.374
878.0 87.44
879.0 87.448
880.0 87.488
881.0 87.545
882.0 87.637
883.0 87.711
884.0 87.802
885.0 87.914999
886.0 87.992
887.0 88.097
888.0 88.161
889.0 88.177
890.0 88.259
891.0 88.301
892.0 88.361
893.0 88.405999
894.0 88.424
895.0 88.488
896.0 88.527
897.0 88.587999
898.0 88.605999
899.0 88.636
900.0 88.676999
901.0 88.679
902.0 88.697999
903.0 88.708
904.0 88.73
905.0 88.707
906.0 88.72
907.0 88.692
908.0 88.643
909.0 88.619
910.0 88.571999
911.0 88.534
912.0 88.495
913.0 88.458
914.0 88.42
915.0 88.402
916.0 88.358
917.0 88.365
918.0 88.337
919.0 88.343
920.0 88.34
921.0 88.361
922.0 88.336
923.0 88.357
924.0 88.375
925.0 88.384
926.0 88.432999
927.0 88.417999
928.0 88.455
929.0 88.471
930.0 88.483999
931.0 88.523
932.0 88.541
933.0 88.57
934.0 88.610999
935.0 88.611999
936.0 88.657
937.0 88.676999
938.0 88.696
939.0 88.718
940.0 88.754
941.0 88.788
942.0 88.777
943.0 88.822
944.0 88.834999
945.0 88.871
946.0 88.902999
947.0 88.919
948.0 88.935
949.0 88.958
950.0 89.003
951.0 89.0
952.0 89.038
953.0 89.005
954.0 89.056
955.0 89.062
956.0 89.104
957.0 89.116
958.0 89.154
959.0 89.193999
960.0 89.212999
961.0 89.217
962.0 89.232999
963.0 89.238
964.0 89.294
965.0 89.31
966.0 89.306
967.0 89.313
968.0 89.334
969.0 89.36
970.0 89.393999
971.0 89.397
972.0 89.422
973.0 89.444
974.0 89.420999
975.0 89.474
976.0 89.476999
977.0 89.495
978.0 89.503
979.0 89.551999
980.0 89.625
981.0 89.703999
982.0 89.736
983.0 89.736999
984.0 89.753
985.0 89.75
986.0 89.761
987.0 89.781
988.0 89.79
989.0 89.836
990.0 89.813
991.0 89.836
992.0 89.831999
993.0 89.878999
994.0 89.845
995.0 89.86
996.0 89.858
997.0 89.896
998.0 89.874
999.0 89.854999
1000.0 89.9
1001.0 89.922
1002.0 89.937
1003.0 89.937
1004.0 89.937
1005.0 89.929
1006.0 89.953
1007.0 89.939
1008.0 89.949
1009.0 89.962
1010.0 89.983999
1011.0 89.968
1012.0 89.978
1013.0 89.978
1014.0 89.980999
1015.0 89.971
1016.0 90.002
1017.0 89.985
1018.0 89.994
1019.0 89.988
1020.0 90.006
1021.0 89.997
1022.0 89.983999
1023.0 89.992
1024.0 89.975
1025.0 89.953
1026.0 89.925999
1027.0 89.932999
1028.0 89.943
1029.0 89.983
1030.0 89.963
1031.0 89.963
1032.0 89.951
1033.0 89.964
1034.0 89.959
1035.0 89.964999
1036.0 89.946
1037.0 89.98
1038.0 89.929
1039.0 89.98
1040.0 89.967
1041.0 89.932
1042.0 89.939
1043.0 89.911
1044.0 89.92
1045.0 89.9
1046.0 89.892
1047.0 89.896
1048.0 89.925999
1049.0 89.888
1050.0 89.869
1051.0 89.877
1052.0 89.878999
1053.0 89.873
1054.0 89.849
1055.0 89.86
1056.0 89.858
1057.0 89.872
1058.0 89.846
1059.0 89.837
1060.0 89.828
1061.0 89.804
1062.0 89.802
1063.0 89.777
1064.0 89.793
1065.0 89.755
1066.0 89.793
1067.0 89.759
1068.0 89.742999
1069.0 89.735
1070.0 89.757
1071.0 89.700999
1072.0 89.703
1073.0 89.684
1074.0 89.697999
1075.0 89.693
1076.0 89.668
1077.0 89.679
1078.0 89.693
1079.0 89.646
1080.0 89.612
1081.0 89.664
1082.0 89.62
1083.0 89.658
1084.0 89.652
1085.0 89.575
1086.0 89.598
1087.0 89.544
1088.0 89.574
1089.0 89.590999
1090.0 89.524
1091.0 89.568
1092.0 89.53
1093.0 89.495
1094.0 89.513
1095.0 89.459999
1096.0 89.551999
1097.0 89.483999
1098.0 89.468999
1099.0 89.475
1100.0 89.475
