190.0 0.072
191.0 0.122
192.0 0.049
193.0 0.069999
194.0 0.048
195.0 0.069999
196.0 0.038
197.0 0.035
198.0 0.028
199.0 0.042
200.0 0.033
201.0 0.03
202.0 0.036
203.0 0.046
204.0 0.029
205.0 0.038
206.0 0.028
207.0 0.03
208.0 0.033
209.0 0.026
210.0 0.025
211.0 0.033
212.0 0.015
213.0 0.009
214.0 0.017
215.0 0.033
216.0 0.017
217.0 0.022
218.0 0.019
219.0 0.043
220.0 0.016
221.0 0.016
222.0 0.024
223.0 0.03
224.0 0.022
225.0 0.036
226.0 0.021
227.0 0.025
228.0 0.015
229.0 0.032
230.0 0.03
231.0 0.018
232.0 0.019
233.0 0.015
234.0 0.023
235.0 0.027
236.0 0.02
237.0 0.009
238.0 0.012
239.0 0.018
240.0 0.027
241.0 0.018
242.0 0.026
243.0 0.022
244.0 0.016
245.0 0.017
246.0 0.019
247.0 0.026
248.0 0.019
249.0 0.017
250.0 0.014
251.0 0.044
252.0 0.018
253.0 0.027
254.0 0.032
255.0 0.024
256.0 0.033
257.0 0.019
258.0 0.017
259.0 0.046
260.0 0.022
261.0 0.037
262.0 0.018
263.0 0.026
264.0 0.024
265.0 0.017
266.0 0.02
267.0 0.063
268.0 0.042
269.0 0.023
270.0 0.046
271.0 0.025
272.0 0.032
273.0 0.04
274.0 0.032
275.0 0.084999
276.0 0.04
277.0 0.057
278.0 0.03
279.0 0.029
280.0 0.029
281.0 0.039
282.0 0.062
283.0 0.067
284.0 0.043
285.0 0.033
286.0 0.051
287.0 0.051
288.0 0.048
289.0 0.034
290.0 0.045
291.0 0.065
292.0 0.057
293.0 0.037
294.0 0.053
295.0 0.046
296.0 0.046
297.0 0.035
298.0 0.069999
299.0 0.073
300.0 0.064
301.0 0.05
302.0 0.044
303.0 0.083
304.0 0.078
305.0 0.101
306.0 0.12
307.0 0.157
308.0 0.121
309.0 0.153
310.0 0.169
311.0 0.195
312.0 0.211
313.0 0.258
314.0 0.287
315.0 0.34
316.0 0.357
317.0 0.372
318.0 0.413
319.0 0.445
320.0 0.466
321.0 0.528
322.0 0.572
323.0 0.653
324.0 0.65
325.0 0.677999
326.0 0.683
327.0 0.808
328.0 0.827
329.0 0.88
330.0 0.931
331.0 0.995
332.0 0.996
333.0 1.065
334.0 1.131
335.0 1.171
336.0 1.232
337.0 1.301
338.0 1.363
339.0 1.462
340.0 1.533
341.0 1.634
342.0 1.754
343.0 1.875
344.0 2.013
345.0 2.155
346.0 2.352
347.0 2.565
348.0 2.787
349.0 3.05
350.0 3.381
351.0 3.723
352.0 4.145
353.0 4.611
354.0 5.165999
355.0 5.784
356.0 6.507
357.0 7.339
358.0 8.279999
359.0 9.359999
360.0 10.564
361.0 11.89
362.0 13.38
363.0 15.013
364.0 16.805
365.0 18.76
366.0 20.876
367.0 23.159
368.0 25.558
369.0 28.024
370.0 30.57
371.0 33.154
372.0 35.721
373.0 38.251
374.0 40.755
375.0 43.172
376.0 45.465
377.0 47.654
378.0 49.799
379.0 51.768
380.0 53.646
381.0 55.401
382.0 56.992
383.0 58.577
384.0 60.029999
385.0 61.303
386.0 62.444
387.0 63.482
388.0 64.387
389.0 65.188
390.0 65.846999
391.0 66.439
392.0 66.935
393.0 67.334
394.0 67.676999
395.0 67.947999
396.0 68.163
397.0 68.307
398.0 68.438
399.0 68.486
400.0 68.503
401.0 68.515
402.0 68.5
403.0 68.474999
404.0 68.414
405.0 68.34
406.0 68.274999
407.0 68.196
408.0 68.123
409.0 68.030999
410.0 67.944999
411.0 67.877
412.0 67.782
413.0 67.715
414.0 67.664
415.0 67.586
416.0 67.557999
417.0 67.542999
418.0 67.511
419.0 67.498
420.0 67.481
421.0 67.41
422.0 67.422
423.0 67.47
424.0 67.486999
425.0 67.526
426.0 67.595
427.0 67.65
428.0 67.721
429.0 67.795
430.0 67.889
431.0 67.979
432.0 68.081
433.0 68.187
434.0 68.309
435.0 68.419
436.0 68.545
437.0 68.706999
438.0 68.863
439.0 69.027
440.0 69.179999
441.0 69.367999
442.0 69.559
443.0 69.749
444.0 69.981
445.0 70.193
446.0 70.394
447.0 70.639
448.0 70.867999
449.0 71.114999
450.0 71.377
451.0 71.608999
452.0 71.863
453.0 72.11
454.0 72.355999
455.0 72.636
456.0 72.889
457.0 73.161
458.0 73.414999
459.0 73.682
460.0 73.949
461.0 74.212
462.0 74.48
463.0 74.738
464.0 74.989999
465.0 75.252
466.0 75.52
467.0 75.752
468.0 75.999
469.0 76.255
470.0 76.485
471.0 76.748
472.0 76.963
473.0 77.193
474.0 77.423
475.0 77.63
476.0 77.848
477.0 78.049
478.0 78.291
479.0 78.483999
480.0 78.681
481.0 78.893999
482.0 79.09
483.0 79.264
484.0 79.489
485.0 79.683
486.0 79.896999
487.0 80.083
488.0 80.230999
489.0 80.401
490.0 80.556
491.0 80.718
492.0 80.879
493.0 81.033999
494.0 81.193
495.0 81.321
496.0 81.47
497.0 81.584
498.0 81.706
499.0 81.854
500.0 81.931
501.0 82.057
502.0 82.119
503.0 82.235
504.0 82.321
505.0 82.438
506.0 82.492
507.0 82.596999
508.0 82.654
509.0 82.724
510.0 82.785
511.0 82.82
512.0 82.878
513.0 82.92
514.0 82.956
515.0 82.984
516.0 83.019
517.0 83.037
518.0 83.06
519.0 83.072
520.0 83.067
521.0 83.069
522.0 83.071
523.0 83.048
524.0 83.047
525.0 83.031
526.0 83.012
527.0 82.974999
528.0 82.94
529.0 82.911999
530.0 82.864
531.0 82.825999
532.0 82.759
533.0 82.701
534.0 82.672
535.0 82.591
536.0 82.55
537.0 82.47
538.0 82.423999
539.0 82.337999
540.0 82.274
541.0 82.198
542.0 82.099
543.0 82.051
544.0 81.955
545.0 81.884
546.0 81.807
547.0 81.729
548.0 81.617999
549.0 81.539
550.0 81.450999
551.0 81.345
552.0 81.272
553.0 81.162
554.0 81.077
555.0 80.996
556.0 80.857
557.0 80.789
558.0 80.67
559.0 80.572
560.0 80.464
561.0 80.373
562.0 80.255
563.0 80.16
564.0 80.054999
565.0 79.954
566.0 79.861
567.0 79.747
568.0 79.639
569.0 79.517
570.0 79.414
571.0 79.330999
572.0 79.227999
573.0 79.113999
574.0 79.023
575.0 78.932
576.0 78.806
577.0 78.72
578.0 78.59
579.0 78.505
580.0 78.392
581.0 78.298
582.0 78.163
583.0 78.066999
584.0 77.928
585.0 77.806
586.0 77.697
587.0 77.558
588.0 77.432
589.0 77.303
590.0 77.166
591.0 77.039
592.0 76.903
593.0 76.793
594.0 76.661
595.0 76.548
596.0 76.426
597.0 76.310999
598.0 76.207
599.0 76.092
600.0 75.996
601.0 75.893
602.0 75.779
603.0 75.691
604.0 75.592
605.0 75.496
606.0 75.411
607.0 75.321
608.0 75.235
609.0 75.165
610.0 75.07
611.0 74.987
612.0 74.914
613.0 74.827
614.0 74.744999
615.0 74.687
616.0 74.62
617.0 74.536999
618.0 74.463
619.0 74.399
620.0 74.327
621.0 74.255
622.0 74.194
623.0 74.14
624.0 74.067
625.0 74.002
626.0 73.941999
627.0 73.886
628.0 73.831
629.0 73.779
630.0 73.724
631.0 73.669
632.0 73.598
633.0 73.572
634.0 73.499
635.0 73.465999
636.0 73.41
637.0 73.366
638.0 73.319999
639.0 73.28
640.0 73.235
641.0 73.203
642.0 73.170999
643.0 73.133
644.0 73.090999
645.0 73.059
646.0 73.019
647.0 72.989
648.0 72.967
649.0 72.932
650.0 72.896
651.0 72.865
652.0 72.845
653.0 72.824999
654.0 72.792999
655.0 72.78
656.0 72.746
657.0 72.741
658.0 72.726
659.0 72.692
660.0 72.669
661.0 72.663
662.0 72.643
663.0 72.631
664.0 72.619
665.0 72.605
666.0 72.591
667.0 72.587999
668.0 72.57
669.0 72.572
670.0 72.563
671.0 72.555
672.0 72.521999
673.0 72.517
674.0 72.495
675.0 72.497999
676.0 72.504
677.0 72.496
678.0 72.497
679.0 72.494
680.0 72.506
681.0 72.511
682.0 72.509
683.0 72.497999
684.0 72.568999
685.0 72.582
686.0 72.579
687.0 72.592
688.0 72.602999
689.0 72.621
690.0 72.619999
691.0 72.611
692.0 72.643
693.0 72.662
694.0 72.67
695.0 72.678
696.0 72.69
697.0 72.713
698.0 72.727
699.0 72.733999
700.0 72.76
701.0 72.775
702.0 72.795
703.0 72.803
704.0 72.818
705.0 72.848
706.0 72.867999
707.0 72.875999
708.0 72.895
709.0 72.924
710.0 72.938
711.0 72.965
712.0 72.979
713.0 73.005
714.0 73.036
715.0 73.047
716.0 73.067
717.0 73.094
718.0 73.111
719.0 73.143
720.0 73.157
721.0 73.179
722.0 73.197999
723.0 73.233999
724.0 73.241
725.0 73.277
726.0 73.29
727.0 73.315
728.0 73.340999
729.0 73.369
730.0 73.390999
731.0 73.426999
732.0 73.441
733.0 73.468999
734.0 73.485
735.0 73.516
736.0 73.53
737.0 73.551
738.0 73.575
739.0 73.607
740.0 73.633
741.0 73.648
742.0 73.678
743.0 73.705
744.0 73.717999
745.0 73.741999
746.0 73.767
747.0 73.79
748.0 73.825
749.0 73.858
750.0 73.867
751.0 73.91
752.0 73.932
753.0 73.94
754.0 73.977
755.0 73.989999
756.0 74.021
757.0 74.056999
758.0 74.083
759.0 74.116
760.0 74.123
761.0 74.149
762.0 74.191
763.0 74.232
764.0 74.258
765.0 74.268999
766.0 74.316
767.0 74.343
768.0 74.406
769.0 74.431
770.0 74.447
771.0 74.48
772.0 74.516
773.0 74.548999
774.0 74.542
775.0 74.575
776.0 74.597
777.0 74.607
778.0 74.607
779.0 74.625
780.0 74.636
781.0 74.668
782.0 74.736999
783.0 74.775
784.0 74.834
785.0 74.884
786.0 74.925
787.0 74.959
788.0 74.976
789.0 75.016
790.0 75.042
791.0 75.047
792.0 75.092
793.0 75.125
794.0 75.143
795.0 75.182
796.0 75.209999
797.0 75.244999
798.0 75.267
799.0 75.307999
800.0 75.314
801.0 75.353
802.0 75.398
803.0 75.41
804.0 75.438
805.0 75.467
806.0 75.499
807.0 75.522
808.0 75.545
809.0 75.595
810.0 75.617999
811.0 75.637
812.0 75.682
813.0 75.702
814.0 75.732999
815.0 75.76
816.0 75.801
817.0 75.827
818.0 75.857
819.0 75.901
820.0 75.917999
821.0 75.941
822.0 75.974
823.0 76.015999
824.0 76.031
825.0 76.062
826.0 76.093
827.0 76.11
828.0 76.152
829.0 76.18
830.0 76.203
831.0 76.236999
832.0 76.258
833.0 76.29
834.0 76.307999
835.0 76.342
836.0 76.372
837.0 76.399
838.0 76.429999
839.0 76.461
840.0 76.474
841.0 76.483999
842.0 76.531
843.0 76.543
844.0 76.572
845.0 76.597
846.0 76.641
847.0 76.649
848.0 76.706
849.0 76.709
850.0 76.736
851.0 76.773
852.0 76.782
853.0 76.842
854.0 76.829
855.0 76.86
856.0 76.898
857.0 76.904
858.0 76.913
859.0 76.952
860.0 76.979
861.0 76.995
862.0 77.027999
863.0 77.065
864.0 77.061
865.0 77.077
866.0 77.105
867.0 77.129
868.0 77.139
869.0 77.153
870.0 77.192
871.0 77.199
872.0 77.232
873.0 77.239
874.0 77.27
875.0 77.294
876.0 77.298999
877.0 77.319999
878.0 77.348
879.0 77.346999
880.0 77.375
881.0 77.401
882.0 77.39
883.0 77.431
884.0 77.412
885.0 77.425999
886.0 77.39
887.0 77.411
888.0 77.447
889.0 77.44
890.0 77.456
891.0 77.464
892.0 77.456999
893.0 77.47
894.0 77.478
895.0 77.501
896.0 77.517
897.0 77.514
898.0 77.523
899.0 77.539999
900.0 77.554
901.0 77.554
902.0 77.569999
903.0 77.566999
904.0 77.598
905.0 77.635
906.0 77.659
907.0 77.703999
908.0 77.7
909.0 77.753
910.0 77.766
911.0 77.793
912.0 77.804
913.0 77.83
914.0 77.836
915.0 77.873
916.0 77.881
917.0 77.897
918.0 77.889
919.0 77.898
920.0 77.924
921.0 77.931
922.0 77.907
923.0 77.925
924.0 77.943
925.0 77.89
926.0 77.903
927.0 77.905
928.0 77.905999
929.0 77.959
930.0 77.962
931.0 77.956999
932.0 77.962
933.0 77.961
934.0 77.976
935.0 77.959
936.0 77.986999
937.0 77.997
938.0 77.999
939.0 78.013
940.0 77.983999
941.0 78.003999
942.0 77.999
943.0 77.995
944.0 77.998
945.0 78.005
946.0 77.998
947.0 78.007
948.0 77.988
949.0 77.994
950.0 77.992999
951.0 78.018
952.0 78.006
953.0 77.979
954.0 77.986999
955.0 78.006
956.0 77.996
957.0 78.014
958.0 77.998
959.0 77.996
960.0 78.025
961.0 78.008
962.0 77.980999
963.0 77.994
964.0 78.015
965.0 78.008
966.0 77.98
967.0 77.986999
968.0 77.992999
969.0 77.976999
970.0 78.0
971.0 77.979
972.0 77.991999
973.0 77.991
974.0 77.964
975.0 77.982
976.0 77.947999
977.0 77.978
978.0 77.944
979.0 77.962
980.0 77.922
981.0 77.897
982.0 77.9
983.0 77.896
984.0 77.893999
985.0 77.896
986.0 77.86
987.0 77.881999
988.0 77.868
989.0 77.861999
990.0 77.851
991.0 77.854
992.0 77.844
993.0 77.822999
994.0 77.79
995.0 77.792
996.0 77.773
997.0 77.771
998.0 77.746
999.0 77.752
1000.0 77.753
1001.0 77.739
1002.0 77.783
1003.0 77.753
1004.0 77.746
1005.0 77.72
1006.0 77.732999
1007.0 77.7
1008.0 77.708
1009.0 77.715
1010.0 77.703
1011.0 77.688
1012.0 77.7
1013.0 77.68
1014.0 77.669
1015.0 77.66
1016.0 77.657
1017.0 77.633
1018.0 77.627
1019.0 77.62
1020.0 77.608
1021.0 77.578999
1022.0 77.585
1023.0 77.544
1024.0 77.544
1025.0 77.523
1026.0 77.497
1027.0 77.492999
1028.0 77.51
1029.0 77.511
1030.0 77.483999
1031.0 77.480999
1032.0 77.464
1033.0 77.459999
1034.0 77.459
1035.0 77.436
1036.0 77.429999
1037.0 77.446
1038.0 77.392
1039.0 77.401
1040.0 77.402
1041.0 77.374
1042.0 77.358999
1043.0 77.358
1044.0 77.361999
1045.0 77.325999
1046.0 77.292
1047.0 77.273
1048.0 77.297
1049.0 77.277
1050.0 77.258
1051.0 77.281
1052.0 77.264
1053.0 77.224999
1054.0 77.217
1055.0 77.217
1056.0 77.212
1057.0 77.185999
1058.0 77.173999
1059.0 77.199
1060.0 77.159
1061.0 77.132
1062.0 77.157
1063.0 77.102
1064.0 77.095
1065.0 77.096
1066.0 77.085
1067.0 77.034
1068.0 77.023
1069.0 77.008
1070.0 77.035
1071.0 76.992999
1072.0 76.983
1073.0 76.97
1074.0 76.964
1075.0 77.027
1076.0 76.937
1077.0 76.92
1078.0 76.976999
1079.0 76.897
1080.0 76.884
1081.0 76.929
1082.0 76.839
1083.0 76.890999
1084.0 76.866999
1085.0 76.795
1086.0 76.842999
1087.0 76.755
1088.0 76.824
1089.0 76.765
1090.0 76.724999
1091.0 76.724999
1092.0 76.711
1093.0 76.741
1094.0 76.754
1095.0 76.669
1096.0 76.756
1097.0 76.655
1098.0 76.646
1099.0 76.696
1100.0 76.663
