190.0 0.105
191.0 0.152
192.0 0.101
193.0 0.118
194.0 0.053
195.0 0.09
196.0 0.041
197.0 0.043
198.0 0.062
199.0 0.043
200.0 0.047
201.0 0.033
202.0 0.053
203.0 0.064
204.0 0.028
205.0 0.038
206.0 0.029
207.0 0.029
208.0 0.041
209.0 0.033
210.0 0.029
211.0 0.036
212.0 0.032
213.0 0.037
214.0 0.037
215.0 0.032
216.0 0.037
217.0 0.044
218.0 0.026
219.0 0.054
220.0 0.03
221.0 0.035
222.0 0.04
223.0 0.04
224.0 0.038
225.0 0.032
226.0 0.036
227.0 0.03
228.0 0.035
229.0 0.032
230.0 0.021
231.0 0.027
232.0 0.019
233.0 0.024
234.0 0.029
235.0 0.034
236.0 0.016
237.0 0.039
238.0 0.018
239.0 0.031
240.0 0.016
241.0 0.018
242.0 0.024
243.0 0.044
244.0 0.031
245.0 0.033
246.0 0.025
247.0 0.018
248.0 0.017
249.0 0.027
250.0 0.033
251.0 0.049
252.0 0.019
253.0 0.029
254.0 0.036
255.0 0.025
256.0 0.04
257.0 0.029
258.0 0.039
259.0 0.055
260.0 0.039
261.0 0.055
262.0 0.037
263.0 0.057
264.0 0.023
265.0 0.062
266.0 0.034
267.0 0.055
268.0 0.058
269.0 0.043
270.0 0.080999
271.0 0.049
272.0 0.061
273.0 0.026
274.0 0.065
275.0 0.066
276.0 0.06
277.0 0.057
278.0 0.057
279.0 0.064
280.0 0.039
281.0 0.074
282.0 0.04
283.0 0.089
284.0 0.064
285.0 0.044
286.0 0.042
287.0 0.055999
288.0 0.05
289.0 0.052
290.0 0.067
291.0 0.071
292.0 0.047
293.0 0.065
294.0 0.052
295.0 0.042
296.0 0.062
297.0 0.055
298.0 0.04
299.0 0.071
300.0 0.032
301.0 0.05
302.0 0.051
303.0 0.071
304.0 0.047
305.0 0.068999
306.0 0.065
307.0 0.084
308.0 0.065
309.0 0.069999
310.0 0.06
311.0 0.084999
312.0 0.072
313.0 0.068999
314.0 0.071
315.0 0.11
316.0 0.082
317.0 0.072
318.0 0.071
319.0 0.076
320.0 0.082
321.0 0.079
322.0 0.099
323.0 0.071
324.0 0.094
325.0 0.088
326.0 0.066
327.0 0.082
328.0 0.094
329.0 0.068999
330.0 0.076
331.0 0.066
332.0 0.061
333.0 0.073
334.0 0.057
335.0 0.058
336.0 0.08
337.0 0.06
338.0 0.072
339.0 0.077
340.0 0.068999
341.0 0.069999
342.0 0.06
343.0 0.061
344.0 0.063
345.0 0.065
346.0 0.069999
347.0 0.084999
348.0 0.066
349.0 0.084
350.0 0.084999
351.0 0.078
352.0 0.09
353.0 0.1
354.0 0.109
355.0 0.137
356.0 0.146
357.0 0.167
358.0 0.199
359.0 0.25
360.0 0.306
361.0 0.385
362.0 0.509
363.0 0.655
364.0 0.874
365.0 1.166
366.0 1.55
367.0 2.082
368.0 2.776
369.0 3.667
370.0 4.797
371.0 6.146999
372.0 7.752
373.0 9.590999
374.0 11.632
375.0 13.844
376.0 16.194
377.0 18.671
378.0 21.257
379.0 23.856
380.0 26.494
381.0 29.063
382.0 31.493
383.0 33.881
384.0 36.07
385.0 37.929
386.0 39.617
387.0 41.084
388.0 42.375
389.0 43.525
390.0 44.539
391.0 45.45
392.0 46.281
393.0 47.066
394.0 47.826
395.0 48.554
396.0 49.303
397.0 50.043
398.0 50.805
399.0 51.586
400.0 52.395
401.0 53.193
402.0 54.039
403.0 54.864
404.0 55.708
405.0 56.538
406.0 57.383
407.0 58.17
408.0 58.945
409.0 59.719
410.0 60.453999
411.0 61.132
412.0 61.766
413.0 62.329
414.0 62.855
415.0 63.318
416.0 63.715
417.0 64.063
418.0 64.315
419.0 64.542
420.0 64.695
421.0 64.765
422.0 64.807
423.0 64.809
424.0 64.764
425.0 64.692
426.0 64.596
427.0 64.449
428.0 64.295999
429.0 64.141
430.0 63.951
431.0 63.749
432.0 63.565
433.0 63.371
434.0 63.217
435.0 63.056
436.0 62.883
437.0 62.742
438.0 62.626
439.0 62.529
440.0 62.458
441.0 62.405999
442.0 62.381
443.0 62.373
444.0 62.415
445.0 62.464
446.0 62.544
447.0 62.643
448.0 62.785
449.0 62.946
450.0 63.116
451.0 63.327
452.0 63.543
453.0 63.793
454.0 64.015
455.0 64.303
456.0 64.6
457.0 64.898
458.0 65.222
459.0 65.529
460.0 65.875
461.0 66.199
462.0 66.545
463.0 66.864999
464.0 67.224999
465.0 67.553
466.0 67.884
467.0 68.218
468.0 68.525
469.0 68.824
470.0 69.111999
471.0 69.396999
472.0 69.681
473.0 69.952
474.0 70.174
475.0 70.399
476.0 70.611
477.0 70.803
478.0 70.972
479.0 71.125
480.0 71.269
481.0 71.374
482.0 71.465
483.0 71.538
484.0 71.601
485.0 71.649
486.0 71.694
487.0 71.667999
488.0 71.674
489.0 71.616
490.0 71.556
491.0 71.52
492.0 71.438999
493.0 71.377
494.0 71.282
495.0 71.162
496.0 71.065
497.0 70.945
498.0 70.836
499.0 70.681
500.0 70.545
501.0 70.402
502.0 70.286
503.0 70.140999
504.0 70.008
505.0 69.851
506.0 69.699
507.0 69.581
508.0 69.419
509.0 69.307
510.0 69.184
511.0 69.065
512.0 68.937
513.0 68.827
514.0 68.715999
515.0 68.640999
516.0 68.535
517.0 68.455999
518.0 68.372
519.0 68.305
520.0 68.25
521.0 68.221
522.0 68.163
523.0 68.134
524.0 68.123
525.0 68.088
526.0 68.111999
527.0 68.124
528.0 68.123
529.0 68.146
530.0 68.203
531.0 68.23
532.0 68.294999
533.0 68.351
534.0 68.425
535.0 68.516
536.0 68.583
537.0 68.693
538.0 68.786999
539.0 68.929
540.0 69.048
541.0 69.152999
542.0 69.307
543.0 69.423999
544.0 69.589
545.0 69.738
546.0 69.899
547.0 70.075
548.0 70.232
549.0 70.409
550.0 70.59
551.0 70.752
552.0 70.935999
553.0 71.131
554.0 71.309
555.0 71.491
556.0 71.669
557.0 71.886
558.0 72.054
559.0 72.230999
560.0 72.42
561.0 72.645
562.0 72.795
563.0 73.003
564.0 73.168
565.0 73.355
566.0 73.53
567.0 73.697
568.0 73.878
569.0 74.044
570.0 74.196
571.0 74.355
572.0 74.5
573.0 74.651
574.0 74.788
575.0 74.919
576.0 75.058
577.0 75.178
578.0 75.282
579.0 75.402999
580.0 75.524
581.0 75.589
582.0 75.679
583.0 75.726
584.0 75.807
585.0 75.855999
586.0 75.909
587.0 75.929
588.0 75.967
589.0 75.983999
590.0 75.988
591.0 75.986
592.0 75.99
593.0 75.974
594.0 75.968
595.0 75.949999
596.0 75.923
597.0 75.905999
598.0 75.865
599.0 75.831999
600.0 75.788
601.0 75.748
602.0 75.692
603.0 75.631
604.0 75.59
605.0 75.517
606.0 75.452
607.0 75.383
608.0 75.299
609.0 75.226
610.0 75.144
611.0 75.061
612.0 74.961
613.0 74.875
614.0 74.771
615.0 74.692
616.0 74.582
617.0 74.489999
618.0 74.394
619.0 74.294
620.0 74.179
621.0 74.085
622.0 73.988
623.0 73.888
624.0 73.791
625.0 73.689
626.0 73.582
627.0 73.492
628.0 73.393
629.0 73.284
630.0 73.182999
631.0 73.084
632.0 73.019
633.0 72.913
634.0 72.816999
635.0 72.721999
636.0 72.641
637.0 72.552
638.0 72.455
639.0 72.383
640.0 72.307999
641.0 72.217
642.0 72.143999
643.0 72.079
644.0 72.009999
645.0 71.956
646.0 71.873
647.0 71.819
648.0 71.776
649.0 71.724
650.0 71.658999
651.0 71.616999
652.0 71.577
653.0 71.53
654.0 71.482
655.0 71.46
656.0 71.437
657.0 71.399
658.0 71.391
659.0 71.355
660.0 71.321
661.0 71.311
662.0 71.315
663.0 71.299
664.0 71.298
665.0 71.303
666.0 71.287
667.0 71.304999
668.0 71.308
669.0 71.319999
670.0 71.327
671.0 71.335
672.0 71.343
673.0 71.357
674.0 71.394
675.0 71.414999
676.0 71.445
677.0 71.457
678.0 71.497999
679.0 71.538
680.0 71.56
681.0 71.601
682.0 71.653
683.0 71.687
684.0 71.789999
685.0 71.863999
686.0 71.914999
687.0 71.958
688.0 72.028
689.0 72.091
690.0 72.139
691.0 72.197
692.0 72.251
693.0 72.339
694.0 72.391
695.0 72.465
696.0 72.532
697.0 72.61
698.0 72.672
699.0 72.762
700.0 72.83
701.0 72.921
702.0 72.992
703.0 73.072
704.0 73.141
705.0 73.212
706.0 73.31
707.0 73.379
708.0 73.46
709.0 73.553
710.0 73.645
711.0 73.729999
712.0 73.794
713.0 73.897
714.0 73.982
715.0 74.063
716.0 74.161999
717.0 74.233999
718.0 74.339999
719.0 74.416
720.0 74.482
721.0 74.563
722.0 74.654
723.0 74.741999
724.0 74.813
725.0 74.907
726.0 74.999
727.0 75.048999
728.0 75.14
729.0 75.214
730.0 75.289
731.0 75.381
732.0 75.429
733.0 75.514
734.0 75.593
735.0 75.663
736.0 75.72
737.0 75.793
738.0 75.855999
739.0 75.917999
740.0 75.988999
741.0 76.048
742.0 76.11
743.0 76.165
744.0 76.214
745.0 76.268999
746.0 76.306
747.0 76.371
748.0 76.416
749.0 76.473
750.0 76.505
751.0 76.548
752.0 76.590999
753.0 76.62
754.0 76.669
755.0 76.688999
756.0 76.742999
757.0 76.766
758.0 76.809
759.0 76.819
760.0 76.858
761.0 76.877
762.0 76.905
763.0 76.907
764.0 76.936
765.0 76.959999
766.0 76.962
767.0 76.991
768.0 76.996
769.0 77.009
770.0 77.01
771.0 77.024
772.0 77.022
773.0 77.006
774.0 77.015999
775.0 77.005
776.0 76.976
777.0 76.971
778.0 76.936
779.0 76.913
780.0 76.881
781.0 76.893999
782.0 76.892
783.0 76.856
784.0 76.873
785.0 76.858
786.0 76.861999
787.0 76.842999
788.0 76.793
789.0 76.785
790.0 76.726
791.0 76.693999
792.0 76.68
793.0 76.62
794.0 76.583
795.0 76.549
796.0 76.518
797.0 76.464
798.0 76.423
799.0 76.390999
800.0 76.337
801.0 76.292
802.0 76.251
803.0 76.19
804.0 76.148
805.0 76.104
806.0 76.036
807.0 75.995
808.0 75.956999
809.0 75.877
810.0 75.822
811.0 75.777
812.0 75.705
813.0 75.634
814.0 75.611999
815.0 75.544
816.0 75.508
817.0 75.421
818.0 75.366999
819.0 75.313
820.0 75.253
821.0 75.177
822.0 75.114
823.0 75.062
824.0 75.01
825.0 74.928
826.0 74.872
827.0 74.816
828.0 74.75
829.0 74.681
830.0 74.629
831.0 74.547
832.0 74.487
833.0 74.437
834.0 74.353
835.0 74.298
836.0 74.241999
837.0 74.182999
838.0 74.119
839.0 74.048
840.0 73.96
841.0 73.917999
842.0 73.863999
843.0 73.804999
844.0 73.748
845.0 73.661
846.0 73.622
847.0 73.546
848.0 73.506
849.0 73.438
850.0 73.374
851.0 73.323
852.0 73.279
853.0 73.209999
854.0 73.162
855.0 73.093
856.0 73.033
857.0 72.991
858.0 72.929999
859.0 72.858
860.0 72.816999
861.0 72.792999
862.0 72.701
863.0 72.653
864.0 72.613
865.0 72.563
866.0 72.503
867.0 72.467
868.0 72.423
869.0 72.367999
870.0 72.309
871.0 72.262
872.0 72.211
873.0 72.2
874.0 72.135
875.0 72.111
876.0 72.047
877.0 72.013
878.0 71.974
879.0 71.946
880.0 71.883
881.0 71.854
882.0 71.798
883.0 71.767
884.0 71.704
885.0 71.664
886.0 71.627
887.0 71.574
888.0 71.562
889.0 71.516
890.0 71.474999
891.0 71.455
892.0 71.418
893.0 71.398
894.0 71.358999
895.0 71.316999
896.0 71.307
897.0 71.28
898.0 71.258
899.0 71.248
900.0 71.194
901.0 71.184
902.0 71.165
903.0 71.143
904.0 71.138
905.0 71.13
906.0 71.146
907.0 71.138
908.0 71.14
909.0 71.142
910.0 71.139
911.0 71.143999
912.0 71.135
913.0 71.161
914.0 71.152
915.0 71.167999
916.0 71.16
917.0 71.166
918.0 71.170999
919.0 71.169
920.0 71.167999
921.0 71.17
922.0 71.185
923.0 71.174
924.0 71.181
925.0 71.146
926.0 71.172
927.0 71.166
928.0 71.175999
929.0 71.167999
930.0 71.182
931.0 71.199
932.0 71.209
933.0 71.218999
934.0 71.22
935.0 71.224
936.0 71.255
937.0 71.25
938.0 71.251
939.0 71.262
940.0 71.268
941.0 71.303
942.0 71.312
943.0 71.294
944.0 71.325
945.0 71.37
946.0 71.358
947.0 71.378
948.0 71.39
949.0 71.432
950.0 71.432
951.0 71.462999
952.0 71.469
953.0 71.489999
954.0 71.53
955.0 71.521999
956.0 71.560999
957.0 71.587
958.0 71.599999
959.0 71.631999
960.0 71.666
961.0 71.663
962.0 71.708
963.0 71.712
964.0 71.752
965.0 71.77
966.0 71.816
967.0 71.831
968.0 71.862
969.0 71.898
970.0 71.92
971.0 71.974
972.0 71.977999
973.0 72.027
974.0 72.024
975.0 72.095
976.0 72.123
977.0 72.15
978.0 72.196
979.0 72.223
980.0 72.275
981.0 72.307
982.0 72.362
983.0 72.391
984.0 72.446
985.0 72.462
986.0 72.502
987.0 72.545999
988.0 72.59
989.0 72.616
990.0 72.664
991.0 72.697999
992.0 72.732
993.0 72.774
994.0 72.812
995.0 72.839
996.0 72.882
997.0 72.918
998.0 72.968999
999.0 73.006
1000.0 73.036999
1001.0 73.075
1002.0 73.127
1003.0 73.193
1004.0 73.232
1005.0 73.279
1006.0 73.326
1007.0 73.353
1008.0 73.42
1009.0 73.447
1010.0 73.491
1011.0 73.551999
1012.0 73.593
1013.0 73.622
1014.0 73.691
1015.0 73.723
1016.0 73.768
1017.0 73.802
1018.0 73.867999
1019.0 73.929999
1020.0 73.947
1021.0 74.022
1022.0 74.03
1023.0 74.086
1024.0 74.151
1025.0 74.179
1026.0 74.228
1027.0 74.291
1028.0 74.342
1029.0 74.365
1030.0 74.423
1031.0 74.46
1032.0 74.499
1033.0 74.544999
1034.0 74.604
1035.0 74.651
1036.0 74.682999
1037.0 74.741
1038.0 74.777
1039.0 74.822999
1040.0 74.882
1041.0 74.919
1042.0 74.944999
1043.0 75.014
1044.0 75.066
1045.0 75.105999
1046.0 75.132
1047.0 75.121
1048.0 75.203
1049.0 75.223
1050.0 75.262
1051.0 75.353
1052.0 75.38
1053.0 75.396
1054.0 75.461999
1055.0 75.527999
1056.0 75.562
1057.0 75.583
1058.0 75.67
1059.0 75.697
1060.0 75.75
1061.0 75.754
1062.0 75.826
1063.0 75.849999
1064.0 75.883
1065.0 75.965
1066.0 75.980999
1067.0 76.033
1068.0 76.015
1069.0 76.085
1070.0 76.099
1071.0 76.163
1072.0 76.22
1073.0 76.238
1074.0 76.236999
1075.0 76.297
1076.0 76.331
1077.0 76.357
1078.0 76.428
1079.0 76.449
1080.0 76.487
1081.0 76.515999
1082.0 76.556
1083.0 76.598
1084.0 76.643
1085.0 76.657
1086.0 76.696
1087.0 76.695
1088.0 76.767
1089.0 76.795999
1090.0 76.837999
1091.0 76.813
1092.0 76.795999
1093.0 76.854999
1094.0 76.946
1095.0 76.919
1096.0 76.903
1097.0 76.987
1098.0 77.09
1099.0 76.980999
1100.0 77.068
