190.0 0.008
191.0 0.108
192.0 0.036
193.0 0.084
194.0 0.058
195.0 0.079
196.0 0.016
197.0 0.028
198.0 0.031
199.0 0.028
200.0 0.024
201.0 0.037
202.0 0.017
203.0 0.028
204.0 0.025
205.0 0.042
206.0 0.029
207.0 0.035
208.0 0.037
209.0 0.035
210.0 0.011
211.0 0.043
212.0 0.015
213.0 0.02
214.0 0.02
215.0 0.019
216.0 0.028
217.0 0.019
218.0 0.021
219.0 0.031
220.0 0.023
221.0 0.016
222.0 0.037
223.0 0.015
224.0 0.034
225.0 0.018
226.0 0.03
227.0 0.027
228.0 0.01
229.0 0.019
230.0 0.026
231.0 0.022
232.0 0.017
233.0 0.016
234.0 0.028
235.0 0.025
236.0 0.023
237.0 0.011
238.0 0.024
239.0 0.023
240.0 0.012
241.0 0.008
242.0 0.015
243.0 0.026
244.0 0.019
245.0 0.008
246.0 0.02
247.0 0.003
248.0 0.023
249.0 0.014
250.0 0.033
251.0 0.031
252.0 0.018
253.0 0.02
254.0 0.019
255.0 0.031
256.0 0.019
257.0 0.023
258.0 0.029
259.0 0.044
260.0 0.033
261.0 0.008
262.0 0.026
263.0 0.031
264.0 0.041
265.0 0.029
266.0 0.025
267.0 0.062
268.0 0.014
269.0 0.029
270.0 0.019
271.0 0.025
272.0 0.038
273.0 0.023
274.0 0.059
275.0 0.048
276.0 0.048
277.0 0.013
278.0 0.044
279.0 0.042
280.0 0.041
281.0 0.061
282.0 0.039
283.0 0.073
284.0 0.041
285.0 0.033
286.0 0.057
287.0 0.03
288.0 0.034
289.0 0.044
290.0 0.042
291.0 0.059
292.0 0.052
293.0 0.046
294.0 0.031
295.0 0.036
296.0 0.043
297.0 0.053
298.0 0.035
299.0 0.042
300.0 0.031
301.0 0.029
302.0 0.014
303.0 0.046
304.0 0.021
305.0 0.045
306.0 0.035
307.0 0.079
308.0 0.014
309.0 0.057
310.0 0.046
311.0 0.042
312.0 0.032
313.0 0.058
314.0 0.052
315.0 0.084999
316.0 0.069999
317.0 0.073
318.0 0.031
319.0 0.062
320.0 0.085999
321.0 0.058
322.0 0.057
323.0 0.072
324.0 0.046
325.0 0.073
326.0 0.046
327.0 0.016
328.0 0.058
329.0 0.049
330.0 0.071
331.0 0.06
332.0 0.046
333.0 0.041
334.0 0.048
335.0 0.034
336.0 0.037
337.0 0.058
338.0 0.051
339.0 0.059
340.0 0.062
341.0 0.053
342.0 0.054
343.0 0.052
344.0 0.052
345.0 0.057
346.0 0.067
347.0 0.061
348.0 0.059
349.0 0.068
350.0 0.061
351.0 0.067
352.0 0.075
353.0 0.076
354.0 0.088
355.0 0.12
356.0 0.113
357.0 0.147
358.0 0.169
359.0 0.219
360.0 0.276
361.0 0.356
362.0 0.469
363.0 0.645
364.0 0.855
365.0 1.172
366.0 1.611
367.0 2.21
368.0 3.012
369.0 4.07
370.0 5.434
371.0 7.146
372.0 9.164999
373.0 11.507
374.0 14.062
375.0 16.821
376.0 19.692
377.0 22.674
378.0 25.725
379.0 28.867
380.0 32.079
381.0 35.374
382.0 38.613
383.0 42.158
384.0 45.597
385.0 48.807
386.0 51.926
387.0 54.849
388.0 57.559
389.0 59.989
390.0 62.108
391.0 63.881
392.0 65.295
393.0 66.411
394.0 67.239999
395.0 67.822999
396.0 68.205
397.0 68.438
398.0 68.564
399.0 68.617999
400.0 68.636
401.0 68.657
402.0 68.71
403.0 68.804
404.0 68.946
405.0 69.151
406.0 69.450999
407.0 69.779
408.0 70.186
409.0 70.717
410.0 71.315
411.0 71.953
412.0 72.682999
413.0 73.421
414.0 74.233999
415.0 75.078999
416.0 75.941999
417.0 76.846999
418.0 77.742
419.0 78.641
420.0 79.547
421.0 80.342
422.0 81.133
423.0 81.889
424.0 82.596
425.0 83.225
426.0 83.765
427.0 84.26
428.0 84.636
429.0 84.944
430.0 85.119
431.0 85.247
432.0 85.245
433.0 85.182999
434.0 85.068999
435.0 84.875
436.0 84.584999
437.0 84.261
438.0 83.882
439.0 83.488
440.0 83.037
441.0 82.577
442.0 82.126
443.0 81.627
444.0 81.166
445.0 80.697
446.0 80.259
447.0 79.798
448.0 79.406
449.0 79.0
450.0 78.643
451.0 78.342999
452.0 78.041
453.0 77.754
454.0 77.526
455.0 77.322
456.0 77.167
457.0 77.061
458.0 76.982
459.0 76.928
460.0 76.935
461.0 76.964999
462.0 77.032
463.0 77.142
464.0 77.283
465.0 77.447999
466.0 77.649999
467.0 77.887
468.0 78.145
469.0 78.41
470.0 78.702
471.0 79.039999
472.0 79.376
473.0 79.782
474.0 80.122
475.0 80.533
476.0 80.94
477.0 81.354
478.0 81.776
479.0 82.186
480.0 82.637
481.0 83.041
482.0 83.438999
483.0 83.847
484.0 84.244
485.0 84.664
486.0 85.048
487.0 85.405
488.0 85.738
489.0 86.035
490.0 86.339
491.0 86.614999
492.0 86.861999
493.0 87.075999
494.0 87.29
495.0 87.413
496.0 87.574
497.0 87.664
498.0 87.744999
499.0 87.736
500.0 87.79
501.0 87.748
502.0 87.709
503.0 87.637
504.0 87.532
505.0 87.4
506.0 87.244999
507.0 87.073
508.0 86.867999
509.0 86.645
510.0 86.433
511.0 86.173
512.0 85.917
513.0 85.646999
514.0 85.355
515.0 85.045
516.0 84.768
517.0 84.452
518.0 84.145
519.0 83.821
520.0 83.502
521.0 83.216
522.0 82.87
523.0 82.567
524.0 82.301
525.0 81.966
526.0 81.705
527.0 81.432999
528.0 81.132
529.0 80.879
530.0 80.65
531.0 80.396999
532.0 80.163
533.0 79.942
534.0 79.723999
535.0 79.56
536.0 79.371
537.0 79.227999
538.0 79.064
539.0 78.955
540.0 78.813999
541.0 78.726
542.0 78.646
543.0 78.551999
544.0 78.498
545.0 78.468999
546.0 78.432
547.0 78.422
548.0 78.427
549.0 78.449
550.0 78.459999
551.0 78.513
552.0 78.556
553.0 78.625999
554.0 78.7
555.0 78.794
556.0 78.899
557.0 79.032
558.0 79.152999
559.0 79.271
560.0 79.411
561.0 79.583
562.0 79.747
563.0 79.895
564.0 80.089
565.0 80.297
566.0 80.498
567.0 80.682
568.0 80.896
569.0 81.107
570.0 81.343
571.0 81.553
572.0 81.809
573.0 82.044
574.0 82.256
575.0 82.503
576.0 82.754
577.0 82.992999
578.0 83.218
579.0 83.467
580.0 83.723
581.0 83.952
582.0 84.173
583.0 84.37
584.0 84.611999
585.0 84.786
586.0 84.996
587.0 85.182999
588.0 85.354
589.0 85.535
590.0 85.694
591.0 85.858
592.0 86.009999
593.0 86.157
594.0 86.303
595.0 86.432
596.0 86.543
597.0 86.689
598.0 86.782
599.0 86.884
600.0 86.971
601.0 87.069
602.0 87.143
603.0 87.193
604.0 87.265
605.0 87.298
606.0 87.342
607.0 87.372
608.0 87.387
609.0 87.401
610.0 87.390999
611.0 87.367999
612.0 87.331
613.0 87.301
614.0 87.256
615.0 87.217999
616.0 87.13
617.0 87.054
618.0 86.971
619.0 86.875
620.0 86.782
621.0 86.65
622.0 86.551
623.0 86.423
624.0 86.294
625.0 86.151
626.0 86.016
627.0 85.884
628.0 85.709
629.0 85.542
630.0 85.38
631.0 85.19
632.0 85.045999
633.0 84.858
634.0 84.664
635.0 84.480999
636.0 84.289
637.0 84.101
638.0 83.914
639.0 83.718999
640.0 83.513
641.0 83.323
642.0 83.108999
643.0 82.931
644.0 82.733
645.0 82.541
646.0 82.34
647.0 82.149
648.0 81.962999
649.0 81.78
650.0 81.581999
651.0 81.407
652.0 81.226
653.0 81.030999
654.0 80.840999
655.0 80.673
656.0 80.514
657.0 80.336
658.0 80.188999
659.0 80.006999
660.0 79.851
661.0 79.691999
662.0 79.55
663.0 79.401
664.0 79.247999
665.0 79.125
666.0 78.983
667.0 78.851
668.0 78.732
669.0 78.6
670.0 78.494
671.0 78.366
672.0 78.28
673.0 78.151
674.0 78.068
675.0 77.962
676.0 77.866
677.0 77.786
678.0 77.712
679.0 77.608999
680.0 77.527999
681.0 77.486
682.0 77.414
683.0 77.364
684.0 77.353
685.0 77.339
686.0 77.294
687.0 77.252
688.0 77.211
689.0 77.193
690.0 77.176
691.0 77.145
692.0 77.129
693.0 77.125
694.0 77.102999
695.0 77.117
696.0 77.101
697.0 77.11
698.0 77.11
699.0 77.144
700.0 77.163
701.0 77.179
702.0 77.212999
703.0 77.236
704.0 77.266
705.0 77.286999
706.0 77.346
707.0 77.388
708.0 77.422
709.0 77.467
710.0 77.556
711.0 77.588
712.0 77.651
713.0 77.7
714.0 77.778
715.0 77.851
716.0 77.912
717.0 77.986999
718.0 78.078999
719.0 78.139
720.0 78.2
721.0 78.294
722.0 78.381
723.0 78.482
724.0 78.545
725.0 78.642
726.0 78.745
727.0 78.808
728.0 78.91
729.0 79.013
730.0 79.095
731.0 79.209
732.0 79.286999
733.0 79.388
734.0 79.493
735.0 79.588
736.0 79.697
737.0 79.796
738.0 79.881
739.0 79.974999
740.0 80.078999
741.0 80.185
742.0 80.282
743.0 80.38
744.0 80.486
745.0 80.587
746.0 80.674
747.0 80.772
748.0 80.869
749.0 80.971
750.0 81.045
751.0 81.149
752.0 81.239999
753.0 81.333
754.0 81.441
755.0 81.524
756.0 81.614
757.0 81.699
758.0 81.798
759.0 81.872999
760.0 81.969
761.0 82.045999
762.0 82.127
763.0 82.196
764.0 82.28
765.0 82.372
766.0 82.441
767.0 82.504
768.0 82.608
769.0 82.661
770.0 82.729
771.0 82.803
772.0 82.852
773.0 82.908
774.0 82.947999
775.0 82.998
776.0 83.033999
777.0 83.069999
778.0 83.06
779.0 83.103
780.0 83.118
781.0 83.169
782.0 83.218
783.0 83.265999
784.0 83.316999
785.0 83.379
786.0 83.406
787.0 83.438
788.0 83.411
789.0 83.465
790.0 83.45
791.0 83.461
792.0 83.494
793.0 83.457
794.0 83.468
795.0 83.470999
796.0 83.47
797.0 83.464
798.0 83.435999
799.0 83.429
800.0 83.421
801.0 83.387
802.0 83.378
803.0 83.334
804.0 83.31
805.0 83.277
806.0 83.245
807.0 83.209999
808.0 83.186
809.0 83.104
810.0 83.062
811.0 83.013
812.0 82.98
813.0 82.918
814.0 82.872999
815.0 82.811
816.0 82.765
817.0 82.689
818.0 82.616999
819.0 82.554
820.0 82.493
821.0 82.422
822.0 82.355
823.0 82.285
824.0 82.205
825.0 82.138
826.0 82.072
827.0 81.97
828.0 81.891
829.0 81.812
830.0 81.745
831.0 81.655999
832.0 81.557999
833.0 81.489999
834.0 81.383
835.0 81.277999
836.0 81.205
837.0 81.137
838.0 81.032
839.0 80.932
840.0 80.806
841.0 80.739999
842.0 80.626
843.0 80.549
844.0 80.455
845.0 80.343
846.0 80.264
847.0 80.135
848.0 80.057
849.0 79.943
850.0 79.844
851.0 79.757
852.0 79.646
853.0 79.527999
854.0 79.442
855.0 79.345
856.0 79.232
857.0 79.143
858.0 79.057
859.0 78.927
860.0 78.836
861.0 78.734
862.0 78.627
863.0 78.535
864.0 78.435
865.0 78.333
866.0 78.223
867.0 78.125
868.0 78.046
869.0 77.929999
870.0 77.83
871.0 77.73
872.0 77.622999
873.0 77.55
874.0 77.437
875.0 77.361999
876.0 77.239999
877.0 77.153
878.0 77.057
879.0 76.978
880.0 76.885
881.0 76.774
882.0 76.669
883.0 76.578999
884.0 76.476999
885.0 76.334
886.0 76.266
887.0 76.154
888.0 76.077
889.0 75.976
890.0 75.873
891.0 75.818
892.0 75.708
893.0 75.642
894.0 75.563
895.0 75.468999
896.0 75.396
897.0 75.302
898.0 75.236
899.0 75.167
900.0 75.077
901.0 75.012999
902.0 74.937
903.0 74.885
904.0 74.824
905.0 74.773
906.0 74.743
907.0 74.673999
908.0 74.652
909.0 74.609
910.0 74.569
911.0 74.531
912.0 74.488
913.0 74.471
914.0 74.438999
915.0 74.408
916.0 74.346999
917.0 74.326
918.0 74.294
919.0 74.256999
920.0 74.2
921.0 74.167
922.0 74.146
923.0 74.099999
924.0 74.036
925.0 73.991
926.0 73.961
927.0 73.917
928.0 73.895
929.0 73.845
930.0 73.815
931.0 73.794
932.0 73.768999
933.0 73.735
934.0 73.688
935.0 73.673
936.0 73.657
937.0 73.617999
938.0 73.584999
939.0 73.563999
940.0 73.52
941.0 73.515
942.0 73.492999
943.0 73.448
944.0 73.456
945.0 73.438999
946.0 73.413
947.0 73.409
948.0 73.362
949.0 73.377
950.0 73.361
951.0 73.349
952.0 73.312
953.0 73.319
954.0 73.326
955.0 73.280999
956.0 73.302
957.0 73.287
958.0 73.287
959.0 73.282
960.0 73.282
961.0 73.277999
962.0 73.283
963.0 73.258
964.0 73.282
965.0 73.282
966.0 73.303
967.0 73.298
968.0 73.298
969.0 73.321
970.0 73.334
971.0 73.340999
972.0 73.345
973.0 73.355999
974.0 73.339
975.0 73.4
976.0 73.392
977.0 73.393
978.0 73.402999
979.0 73.437
980.0 73.461
981.0 73.483
982.0 73.509
983.0 73.538
984.0 73.567
985.0 73.568
986.0 73.595
987.0 73.602999
988.0 73.654
989.0 73.673999
990.0 73.705
991.0 73.727
992.0 73.756
993.0 73.763
994.0 73.811
995.0 73.822
996.0 73.85
997.0 73.882
998.0 73.929
999.0 73.95
1000.0 73.968
1001.0 74.015
1002.0 74.045
1003.0 74.101
1004.0 74.128
1005.0 74.179
1006.0 74.226
1007.0 74.251
1008.0 74.298
1009.0 74.333
1010.0 74.351
1011.0 74.426999
1012.0 74.461999
1013.0 74.51
1014.0 74.560999
1015.0 74.581
1016.0 74.627
1017.0 74.666
1018.0 74.728
1019.0 74.792999
1020.0 74.816
1021.0 74.867999
1022.0 74.898
1023.0 74.941999
1024.0 75.005
1025.0 75.053
1026.0 75.083
1027.0 75.18
1028.0 75.2
1029.0 75.242
1030.0 75.301
1031.0 75.348
1032.0 75.387
1033.0 75.446
1034.0 75.477
1035.0 75.531
1036.0 75.58
1037.0 75.668
1038.0 75.708
1039.0 75.759
1040.0 75.834
1041.0 75.849
1042.0 75.924
1043.0 75.973
1044.0 75.976999
1045.0 76.066
1046.0 76.089
1047.0 76.105
1048.0 76.2
1049.0 76.256
1050.0 76.305
1051.0 76.393999
1052.0 76.444
1053.0 76.443
1054.0 76.521
1055.0 76.554999
1056.0 76.64
1057.0 76.68
1058.0 76.742
1059.0 76.813
1060.0 76.864
1061.0 76.917999
1062.0 77.015
1063.0 77.049
1064.0 77.066999
1065.0 77.173999
1066.0 77.206
1067.0 77.249
1068.0 77.236
1069.0 77.283999
1070.0 77.39
1071.0 77.388
1072.0 77.478
1073.0 77.536
1074.0 77.515999
1075.0 77.636
1076.0 77.663
1077.0 77.703
1078.0 77.849
1079.0 77.879
1080.0 77.917999
1081.0 77.961
1082.0 77.98
1083.0 78.005
1084.0 78.129
1085.0 78.102
1086.0 78.178
1087.0 78.173999
1088.0 78.227
1089.0 78.315
1090.0 78.304
1091.0 78.334
1092.0 78.356
1093.0 78.389
1094.0 78.535
1095.0 78.578
1096.0 78.535
1097.0 78.648
1098.0 78.75
1099.0 78.793
1100.0 78.758
