190.0 0.064
191.0 0.13
192.0 0.046
193.0 0.072
194.0 0.044
195.0 0.08
196.0 0.03
197.0 0.055999
198.0 0.049
199.0 0.053
200.0 0.028
201.0 0.031
202.0 0.02
203.0 0.057
204.0 0.022
205.0 0.029
206.0 0.028
207.0 0.03
208.0 0.023
209.0 0.026
210.0 0.032
211.0 0.047
212.0 0.021
213.0 0.02
214.0 0.042
215.0 0.036
216.0 0.026
217.0 0.045
218.0 0.035
219.0 0.041
220.0 0.025
221.0 0.013
222.0 0.023
223.0 0.025
224.0 0.02
225.0 0.026
226.0 0.04
227.0 0.034
228.0 0.015
229.0 0.037
230.0 0.015
231.0 0.021
232.0 0.017
233.0 0.018
234.0 0.012
235.0 0.031
236.0 0.024
237.0 0.011
238.0 0.014
239.0 0.023
240.0 0.01
241.0 0.018
242.0 0.022
243.0 0.022
244.0 0.012
245.0 0.016
246.0 0.023
247.0 0.015
248.0 0.027
249.0 0.029
250.0 0.011
251.0 0.055
252.0 0.024
253.0 0.016
254.0 0.024
255.0 0.025
256.0 0.026
257.0 0.016
258.0 0.029
259.0 0.033
260.0 0.025
261.0 0.044
262.0 0.025
263.0 0.032
264.0 0.034
265.0 0.038
266.0 0.031
267.0 0.05
268.0 0.042
269.0 0.032
270.0 0.049
271.0 0.033
272.0 0.025
273.0 0.037
274.0 0.044
275.0 0.057
276.0 0.032
277.0 0.05
278.0 0.028
279.0 0.039
280.0 0.03
281.0 0.026
282.0 0.055999
283.0 0.071
284.0 0.028
285.0 0.039
286.0 0.058
287.0 0.023
288.0 0.025
289.0 0.028
290.0 0.05
291.0 0.046
292.0 0.023
293.0 0.052
294.0 0.047
295.0 0.041
296.0 0.029
297.0 0.041
298.0 0.05
299.0 0.077
300.0 0.03
301.0 0.057
302.0 0.018
303.0 0.048
304.0 0.009
305.0 0.026
306.0 0.042
307.0 0.080999
308.0 0.019
309.0 0.049
310.0 0.058
311.0 0.032
312.0 0.067
313.0 0.034
314.0 0.057
315.0 0.11
316.0 0.025
317.0 0.08
318.0 0.061
319.0 0.046
320.0 0.055
321.0 0.05
322.0 0.047
323.0 0.125
324.0 0.086999
325.0 0.036
326.0 0.054
327.0 0.05
328.0 0.078
329.0 0.052
330.0 0.059
331.0 0.084
332.0 0.057
333.0 0.038
334.0 0.055999
335.0 0.069999
336.0 0.065
337.0 0.053
338.0 0.079
339.0 0.061
340.0 0.069999
341.0 0.075
342.0 0.080999
343.0 0.093
344.0 0.106
345.0 0.106
346.0 0.12
347.0 0.17
348.0 0.185
349.0 0.225
350.0 0.267
351.0 0.347
352.0 0.434999
353.0 0.551
354.0 0.717
355.0 0.922
356.0 1.177
357.0 1.517
358.0 1.955
359.0 2.514
360.0 3.211
361.0 4.074
362.0 5.127
363.0 6.415999
364.0 7.922
365.0 9.664
366.0 11.649
367.0 13.857
368.0 16.207
369.0 18.706
370.0 21.305
371.0 23.917
372.0 26.56
373.0 29.153
374.0 31.736
375.0 34.261
376.0 36.701
377.0 39.09
378.0 41.387
379.0 43.659
380.0 45.787
381.0 47.873
382.0 49.868
383.0 51.856
384.0 53.703
385.0 55.342
386.0 56.813
387.0 58.131
388.0 59.309
389.0 60.307999
390.0 61.197
391.0 61.922
392.0 62.534
393.0 63.057
394.0 63.476
395.0 63.848
396.0 64.116
397.0 64.368
398.0 64.578999
399.0 64.79
400.0 64.968999
401.0 65.156
402.0 65.373
403.0 65.602999
404.0 65.849
405.0 66.132
406.0 66.432
407.0 66.739999
408.0 67.107
409.0 67.497
410.0 67.917
411.0 68.384
412.0 68.845999
413.0 69.364
414.0 69.896999
415.0 70.429
416.0 70.977999
417.0 71.528
418.0 72.084999
419.0 72.639
420.0 73.172
421.0 73.714
422.0 74.255
423.0 74.762
424.0 75.259
425.0 75.753
426.0 76.196
427.0 76.614999
428.0 76.985
429.0 77.342
430.0 77.664
431.0 77.928
432.0 78.176999
433.0 78.351
434.0 78.524
435.0 78.629
436.0 78.699
437.0 78.756
438.0 78.763
439.0 78.759999
440.0 78.718
441.0 78.616
442.0 78.529
443.0 78.42
444.0 78.264
445.0 78.1
446.0 77.92
447.0 77.727
448.0 77.533
449.0 77.317
450.0 77.077
451.0 76.854999
452.0 76.634
453.0 76.389
454.0 76.156
455.0 75.937
456.0 75.716
457.0 75.475
458.0 75.294
459.0 75.093
460.0 74.905
461.0 74.732
462.0 74.565
463.0 74.438999
464.0 74.273
465.0 74.182
466.0 74.066
467.0 74.003
468.0 73.94
469.0 73.890999
470.0 73.861
471.0 73.867
472.0 73.863
473.0 73.9
474.0 73.947
475.0 73.992
476.0 74.075
477.0 74.182999
478.0 74.319999
479.0 74.434
480.0 74.602
481.0 74.755
482.0 74.929
483.0 75.133
484.0 75.322
485.0 75.543
486.0 75.761
487.0 76.024
488.0 76.271999
489.0 76.544
490.0 76.807
491.0 77.072
492.0 77.366999
493.0 77.608
494.0 77.901
495.0 78.198
496.0 78.459999
497.0 78.73
498.0 79.035
499.0 79.317
500.0 79.587
501.0 79.869999
502.0 80.14
503.0 80.395
504.0 80.655
505.0 80.896999
506.0 81.125
507.0 81.367999
508.0 81.562
509.0 81.801
510.0 82.003
511.0 82.167
512.0 82.367
513.0 82.537
514.0 82.682
515.0 82.823
516.0 82.93
517.0 83.044
518.0 83.148
519.0 83.241
520.0 83.315
521.0 83.37
522.0 83.41
523.0 83.441
524.0 83.445
525.0 83.464
526.0 83.46
527.0 83.442
528.0 83.381
529.0 83.345
530.0 83.289999
531.0 83.217
532.0 83.13
533.0 83.055
534.0 82.928
535.0 82.828
536.0 82.709
537.0 82.581999
538.0 82.455999
539.0 82.308
540.0 82.17
541.0 81.991
542.0 81.833
543.0 81.666
544.0 81.499
545.0 81.32
546.0 81.164
547.0 80.974
548.0 80.797
549.0 80.589999
550.0 80.429
551.0 80.227999
552.0 80.029
553.0 79.869
554.0 79.679999
555.0 79.5
556.0 79.336
557.0 79.151
558.0 78.971999
559.0 78.794
560.0 78.633
561.0 78.483999
562.0 78.294
563.0 78.158
564.0 78.005
565.0 77.852
566.0 77.726
567.0 77.588
568.0 77.432
569.0 77.328
570.0 77.227
571.0 77.112
572.0 76.997
573.0 76.913
574.0 76.821
575.0 76.732
576.0 76.652
577.0 76.575999
578.0 76.523
579.0 76.449
580.0 76.401
581.0 76.36
582.0 76.309
583.0 76.268999
584.0 76.241
585.0 76.209999
586.0 76.191
587.0 76.168
588.0 76.161999
589.0 76.158
590.0 76.151
591.0 76.156
592.0 76.169
593.0 76.2
594.0 76.22
595.0 76.264
596.0 76.319999
597.0 76.366
598.0 76.416
599.0 76.482
600.0 76.541
601.0 76.637
602.0 76.714
603.0 76.801
604.0 76.883
605.0 76.994
606.0 77.102999
607.0 77.2
608.0 77.319999
609.0 77.431
610.0 77.551999
611.0 77.664999
612.0 77.798999
613.0 77.932999
614.0 78.061
615.0 78.200999
616.0 78.342
617.0 78.468999
618.0 78.607
619.0 78.741
620.0 78.907
621.0 79.036
622.0 79.2
623.0 79.342
624.0 79.486
625.0 79.64
626.0 79.804
627.0 79.961
628.0 80.108999
629.0 80.249
630.0 80.393
631.0 80.541
632.0 80.706
633.0 80.855999
634.0 80.993
635.0 81.164999
636.0 81.295
637.0 81.444
638.0 81.584
639.0 81.732
640.0 81.874
641.0 82.004
642.0 82.127
643.0 82.273
644.0 82.396
645.0 82.512
646.0 82.654
647.0 82.759
648.0 82.869
649.0 82.992999
650.0 83.091
651.0 83.206999
652.0 83.312
653.0 83.405
654.0 83.509
655.0 83.604999
656.0 83.685
657.0 83.753999
658.0 83.836
659.0 83.908
660.0 83.973
661.0 84.042
662.0 84.086
663.0 84.158
664.0 84.213
665.0 84.251
666.0 84.296
667.0 84.339
668.0 84.379
669.0 84.391
670.0 84.419
671.0 84.423
672.0 84.455
673.0 84.441
674.0 84.441999
675.0 84.44
676.0 84.438
677.0 84.426999
678.0 84.417
679.0 84.39
680.0 84.375
681.0 84.312
682.0 84.306
683.0 84.284
684.0 84.226
685.0 84.185
686.0 84.124
687.0 84.074
688.0 84.004
689.0 83.937
690.0 83.887
691.0 83.797
692.0 83.747
693.0 83.657
694.0 83.587
695.0 83.492999
696.0 83.421
697.0 83.322
698.0 83.230999
699.0 83.128
700.0 83.045
701.0 82.937
702.0 82.836
703.0 82.736
704.0 82.632
705.0 82.506999
706.0 82.406
707.0 82.286
708.0 82.182
709.0 82.055
710.0 81.928
711.0 81.832
712.0 81.699999
713.0 81.587
714.0 81.457
715.0 81.336
716.0 81.217
717.0 81.098
718.0 80.953
719.0 80.822
720.0 80.703
721.0 80.572
722.0 80.437
723.0 80.321
724.0 80.19
725.0 80.054999
726.0 79.935
727.0 79.786
728.0 79.67
729.0 79.556
730.0 79.407
731.0 79.286
732.0 79.176999
733.0 79.036
734.0 78.920999
735.0 78.801
736.0 78.656
737.0 78.55
738.0 78.428
739.0 78.295999
740.0 78.178
741.0 78.051999
742.0 77.938
743.0 77.818
744.0 77.720999
745.0 77.6
746.0 77.480999
747.0 77.375
748.0 77.262
749.0 77.158
750.0 77.039999
751.0 76.953
752.0 76.846
753.0 76.736999
754.0 76.646999
755.0 76.532
756.0 76.422
757.0 76.337999
758.0 76.244999
759.0 76.158
760.0 76.07
761.0 75.965
762.0 75.888
763.0 75.804
764.0 75.721999
765.0 75.646
766.0 75.556
767.0 75.491
768.0 75.413
769.0 75.331999
770.0 75.268999
771.0 75.192
772.0 75.119
773.0 75.054
774.0 74.992999
775.0 74.911
776.0 74.863
777.0 74.783
778.0 74.726
779.0 74.665
780.0 74.613
781.0 74.569
782.0 74.524
783.0 74.487
784.0 74.463
785.0 74.443
786.0 74.399
787.0 74.353
788.0 74.336
789.0 74.297
790.0 74.236
791.0 74.209999
792.0 74.185
793.0 74.137
794.0 74.119
795.0 74.084
796.0 74.083
797.0 74.06
798.0 74.043
799.0 74.027
800.0 73.992999
801.0 73.988
802.0 73.965
803.0 73.975
804.0 73.956999
805.0 73.941999
806.0 73.946
807.0 73.941
808.0 73.952
809.0 73.946
810.0 73.94
811.0 73.938
812.0 73.961
813.0 73.955
814.0 73.967
815.0 73.988
816.0 74.000999
817.0 74.032
818.0 74.027
819.0 74.055
820.0 74.082
821.0 74.089
822.0 74.123
823.0 74.132
824.0 74.161
825.0 74.189
826.0 74.217
827.0 74.244
828.0 74.278
829.0 74.315
830.0 74.35
831.0 74.367999
832.0 74.408
833.0 74.453999
834.0 74.495
835.0 74.554
836.0 74.551999
837.0 74.622999
838.0 74.643
839.0 74.687
840.0 74.724999
841.0 74.789
842.0 74.821
843.0 74.894
844.0 74.926999
845.0 74.972
846.0 75.027
847.0 75.09
848.0 75.146
849.0 75.193
850.0 75.229
851.0 75.316
852.0 75.352
853.0 75.412
854.0 75.461999
855.0 75.53
856.0 75.590999
857.0 75.644
858.0 75.696
859.0 75.766
860.0 75.824
861.0 75.881
862.0 75.951
863.0 76.006
864.0 76.074
865.0 76.129
866.0 76.197
867.0 76.256999
868.0 76.305
869.0 76.392
870.0 76.447
871.0 76.518
872.0 76.575
873.0 76.641
874.0 76.707
875.0 76.787
876.0 76.825
877.0 76.902
878.0 76.961
879.0 77.032
880.0 77.098
881.0 77.163
882.0 77.229
883.0 77.283999
884.0 77.336
885.0 77.395
886.0 77.441999
887.0 77.503999
888.0 77.565
889.0 77.617
890.0 77.691
891.0 77.762
892.0 77.813
893.0 77.866
894.0 77.935
895.0 77.976
896.0 78.054
897.0 78.108999
898.0 78.176
899.0 78.22
900.0 78.271
901.0 78.356
902.0 78.388
903.0 78.45
904.0 78.544
905.0 78.593999
906.0 78.661
907.0 78.735
908.0 78.783999
909.0 78.842
910.0 78.907
911.0 78.979999
912.0 79.041
913.0 79.09
914.0 79.145
915.0 79.209
916.0 79.282
917.0 79.32
918.0 79.373
919.0 79.417
920.0 79.474999
921.0 79.523
922.0 79.557
923.0 79.619
924.0 79.625999
925.0 79.693
926.0 79.735
927.0 79.764
928.0 79.809
929.0 79.869
930.0 79.917
931.0 79.92
932.0 79.971999
933.0 80.014
934.0 80.05
935.0 80.086
936.0 80.117999
937.0 80.146
938.0 80.171
939.0 80.222
940.0 80.25
941.0 80.279
942.0 80.305
943.0 80.319
944.0 80.364999
945.0 80.375
946.0 80.408999
947.0 80.428
948.0 80.462999
949.0 80.481
950.0 80.483
951.0 80.503
952.0 80.530999
953.0 80.56
954.0 80.553
955.0 80.587
956.0 80.584
957.0 80.593
958.0 80.651
959.0 80.64
960.0 80.652
961.0 80.687
962.0 80.676
963.0 80.67
964.0 80.708
965.0 80.718
966.0 80.714
967.0 80.706999
968.0 80.706
969.0 80.697
970.0 80.735999
971.0 80.706999
972.0 80.72
973.0 80.742999
974.0 80.722
975.0 80.742999
976.0 80.722
977.0 80.735999
978.0 80.723
979.0 80.721
980.0 80.706999
981.0 80.699
982.0 80.696
983.0 80.662
984.0 80.646
985.0 80.637
986.0 80.627
987.0 80.601999
988.0 80.593
989.0 80.569999
990.0 80.566999
991.0 80.564
992.0 80.535
993.0 80.530999
994.0 80.506999
995.0 80.488
996.0 80.473
997.0 80.43
998.0 80.422
999.0 80.405
1000.0 80.361
1001.0 80.342
1002.0 80.328
1003.0 80.324
1004.0 80.286
1005.0 80.286999
1006.0 80.259
1007.0 80.222
1008.0 80.191999
1009.0 80.185
1010.0 80.143
1011.0 80.113999
1012.0 80.089
1013.0 80.064
1014.0 80.027
1015.0 80.003
1016.0 79.974999
1017.0 79.938
1018.0 79.902
1019.0 79.896
1020.0 79.840999
1021.0 79.818999
1022.0 79.801
1023.0 79.735999
1024.0 79.703
1025.0 79.661
1026.0 79.642
1027.0 79.587
1028.0 79.539
1029.0 79.51
1030.0 79.483
1031.0 79.456
1032.0 79.41
1033.0 79.377
1034.0 79.343
1035.0 79.32
1036.0 79.261
1037.0 79.267
1038.0 79.230999
1039.0 79.134
1040.0 79.112
1041.0 79.066999
1042.0 79.022
1043.0 78.996
1044.0 78.94
1045.0 78.905999
1046.0 78.881
1047.0 78.813
1048.0 78.777
1049.0 78.742999
1050.0 78.676
1051.0 78.625
1052.0 78.598
1053.0 78.527
1054.0 78.498
1055.0 78.435
1056.0 78.42
1057.0 78.385
1058.0 78.351
1059.0 78.269
1060.0 78.251
1061.0 78.19
1062.0 78.188999
1063.0 78.13
1064.0 78.095
1065.0 78.039999
1066.0 77.986
1067.0 77.962
1068.0 77.968
1069.0 77.845
1070.0 77.781
1071.0 77.749
1072.0 77.712999
1073.0 77.685
1074.0 77.675
1075.0 77.595
1076.0 77.511
1077.0 77.527999
1078.0 77.467
1079.0 77.408
1080.0 77.389
1081.0 77.34
1082.0 77.334
1083.0 77.318
1084.0 77.227999
1085.0 77.17
1086.0 77.144
1087.0 77.102999
1088.0 76.987
1089.0 76.962
1090.0 76.968999
1091.0 76.903
1092.0 76.856
1093.0 76.854
1094.0 76.739
1095.0 76.669
1096.0 76.667
1097.0 76.563999
1098.0 76.621
1099.0 76.488999
1100.0 76.496
