190.0 0.076
191.0 0.154
192.0 0.066
193.0 0.054
194.0 0.066
195.0 0.042
196.0 0.051
197.0 0.052
198.0 0.024
199.0 0.016
200.0 0.036
201.0 0.046
202.0 0.035
203.0 0.052
204.0 0.038
205.0 0.034
206.0 0.032
207.0 0.02
208.0 0.018
209.0 0.03
210.0 0.028
211.0 0.045
212.0 0.017
213.0 0.012
214.0 0.02
215.0 0.025
216.0 0.031
217.0 0.038
218.0 0.015
219.0 0.05
220.0 0.004
221.0 0.013
222.0 0.033
223.0 0.02
224.0 0.012
225.0 0.017
226.0 0.026
227.0 0.029
228.0 0.027
229.0 0.006
230.0 0.016
231.0 0.021
232.0 0.025
233.0 0.031
234.0 0.014
235.0 0.033
236.0 0.026
237.0 0.018
238.0 0.012
239.0 0.017
240.0 0.026
241.0 0.014
242.0 0.018
243.0 0.019
244.0 0.025
245.0 0.022
246.0 0.018
247.0 0.018
248.0 0.025
249.0 0.018
250.0 0.01
251.0 0.046
252.0 0.006
253.0 0.009
254.0 0.026
255.0 0.021
256.0 0.032
257.0 0.019
258.0 0.029
259.0 0.026
260.0 0.027
261.0 0.034
262.0 0.03
263.0 0.031
264.0 0.038
265.0 0.04
266.0 0.018
267.0 0.06
268.0 0.003
269.0 0.045
270.0 0.035
271.0 0.058
272.0 0.043
273.0 0.031
274.0 0.046
275.0 0.073
276.0 0.03
277.0 0.038
278.0 0.04
279.0 0.031
280.0 0.025
281.0 0.026
282.0 0.057
283.0 0.05
284.0 0.034
285.0 0.043
286.0 0.044
287.0 0.047
288.0 0.034
289.0 0.039
290.0 0.029
291.0 0.051
292.0 0.038
293.0 0.037
294.0 0.037
295.0 0.041
296.0 0.02
297.0 0.058
298.0 0.062
299.0 0.046
300.0 0.039
301.0 0.052
302.0 0.049
303.0 0.043
304.0 0.042
305.0 0.06
306.0 0.06
307.0 0.069999
308.0 0.015
309.0 0.03
310.0 0.029
311.0 0.041
312.0 0.055999
313.0 0.05
314.0 0.038
315.0 0.099
316.0 0.055
317.0 0.044
318.0 0.072
319.0 0.048
320.0 0.055999
321.0 0.073
322.0 0.027
323.0 0.121
324.0 0.072
325.0 0.034
326.0 0.079
327.0 0.068999
328.0 0.04
329.0 0.055999
330.0 0.044
331.0 0.076
332.0 0.069999
333.0 0.06
334.0 0.055999
335.0 0.065
336.0 0.064
337.0 0.057
338.0 0.04
339.0 0.076
340.0 0.062
341.0 0.071
342.0 0.073
343.0 0.085999
344.0 0.094
345.0 0.101
346.0 0.133
347.0 0.171
348.0 0.169
349.0 0.23
350.0 0.274
351.0 0.353
352.0 0.428
353.0 0.553999
354.0 0.707
355.0 0.927
356.0 1.18
357.0 1.519
358.0 1.969
359.0 2.525
360.0 3.221
361.0 4.102
362.0 5.155
363.0 6.468999
364.0 7.983999
365.0 9.765
366.0 11.808
367.0 14.044
368.0 16.481
369.0 19.077
370.0 21.724
371.0 24.437
372.0 27.137
373.0 29.818
374.0 32.437
375.0 34.98
376.0 37.467
377.0 39.902
378.0 42.231
379.0 44.557
380.0 46.834
381.0 49.011
382.0 51.17
383.0 53.352
384.0 55.442
385.0 57.316
386.0 59.050999
387.0 60.644
388.0 62.086
389.0 63.355
390.0 64.523
391.0 65.494
392.0 66.342
393.0 67.069999
394.0 67.658
395.0 68.152
396.0 68.541
397.0 68.844
398.0 69.101
399.0 69.296
400.0 69.438999
401.0 69.568
402.0 69.684
403.0 69.785
404.0 69.914
405.0 70.048999
406.0 70.212
407.0 70.37
408.0 70.596
409.0 70.812
410.0 71.107
411.0 71.453999
412.0 71.788
413.0 72.182999
414.0 72.599999
415.0 73.04
416.0 73.509999
417.0 74.006
418.0 74.524999
419.0 75.044
420.0 75.575999
421.0 76.13
422.0 76.679
423.0 77.212
424.0 77.778
425.0 78.307
426.0 78.830999
427.0 79.332
428.0 79.8
429.0 80.257
430.0 80.688999
431.0 81.081
432.0 81.447999
433.0 81.749
434.0 82.065
435.0 82.316
436.0 82.528
437.0 82.712
438.0 82.837999
439.0 82.968
440.0 83.05
441.0 83.096
442.0 83.101
443.0 83.084
444.0 83.009999
445.0 82.931
446.0 82.827
447.0 82.69
448.0 82.537
449.0 82.349
450.0 82.16
451.0 81.919
452.0 81.715
453.0 81.455
454.0 81.194
455.0 80.97
456.0 80.700999
457.0 80.426
458.0 80.176999
459.0 79.932
460.0 79.659
461.0 79.411
462.0 79.178
463.0 78.955
464.0 78.724999
465.0 78.545
466.0 78.333
467.0 78.193
468.0 78.032
469.0 77.899
470.0 77.777
471.0 77.698
472.0 77.597
473.0 77.554999
474.0 77.529
475.0 77.488
476.0 77.476
477.0 77.517
478.0 77.58
479.0 77.614999
480.0 77.7
481.0 77.798999
482.0 77.903
483.0 78.05
484.0 78.203999
485.0 78.372
486.0 78.547
487.0 78.739999
488.0 78.958
489.0 79.19
490.0 79.408
491.0 79.649
492.0 79.914
493.0 80.173
494.0 80.434
495.0 80.709
496.0 81.003
497.0 81.268
498.0 81.562
499.0 81.871
500.0 82.166
501.0 82.454
502.0 82.749
503.0 83.039
504.0 83.331
505.0 83.626
506.0 83.892
507.0 84.177
508.0 84.448
509.0 84.726
510.0 84.976
511.0 85.217
512.0 85.459
513.0 85.69
514.0 85.904
515.0 86.125
516.0 86.31
517.0 86.477
518.0 86.666
519.0 86.831
520.0 86.977
521.0 87.109
522.0 87.224999
523.0 87.325
524.0 87.405
525.0 87.492
526.0 87.523
527.0 87.593
528.0 87.627
529.0 87.639
530.0 87.648
531.0 87.629
532.0 87.621
533.0 87.581
534.0 87.526
535.0 87.456999
536.0 87.375
537.0 87.303
538.0 87.209
539.0 87.093
540.0 86.977999
541.0 86.825
542.0 86.704
543.0 86.553
544.0 86.416
545.0 86.246
546.0 86.075999
547.0 85.912
548.0 85.726
549.0 85.508
550.0 85.34
551.0 85.135
552.0 84.908
553.0 84.738
554.0 84.521999
555.0 84.347
556.0 84.131999
557.0 83.917
558.0 83.72
559.0 83.484
560.0 83.319
561.0 83.108999
562.0 82.904
563.0 82.726999
564.0 82.512
565.0 82.325
566.0 82.146
567.0 81.957
568.0 81.771
569.0 81.595
570.0 81.435999
571.0 81.26
572.0 81.105
573.0 80.947
574.0 80.794
575.0 80.657
576.0 80.513
577.0 80.375
578.0 80.262
579.0 80.145
580.0 80.042
581.0 79.932999
582.0 79.840999
583.0 79.771999
584.0 79.687
585.0 79.622
586.0 79.569
587.0 79.52
588.0 79.496
589.0 79.45
590.0 79.43
591.0 79.41
592.0 79.420999
593.0 79.413
594.0 79.418
595.0 79.426
596.0 79.444999
597.0 79.47
598.0 79.495
599.0 79.530999
600.0 79.556
601.0 79.617999
602.0 79.663
603.0 79.711
604.0 79.768
605.0 79.852999
606.0 79.912
607.0 79.998
608.0 80.077
609.0 80.175
610.0 80.269
611.0 80.357999
612.0 80.454
613.0 80.571
614.0 80.664
615.0 80.804
616.0 80.916
617.0 81.039
618.0 81.152
619.0 81.285
620.0 81.428
621.0 81.545
622.0 81.697
623.0 81.83
624.0 81.983999
625.0 82.114
626.0 82.285
627.0 82.422
628.0 82.578
629.0 82.718999
630.0 82.879
631.0 83.02
632.0 83.189
633.0 83.337
634.0 83.503
635.0 83.669
636.0 83.819999
637.0 83.992
638.0 84.143
639.0 84.301999
640.0 84.462999
641.0 84.602
642.0 84.758
643.0 84.919
644.0 85.071
645.0 85.209
646.0 85.38
647.0 85.497999
648.0 85.657
649.0 85.792999
650.0 85.932
651.0 86.066
652.0 86.192
653.0 86.328
654.0 86.464
655.0 86.578999
656.0 86.711
657.0 86.802
658.0 86.917
659.0 87.021
660.0 87.139
661.0 87.254
662.0 87.336
663.0 87.444
664.0 87.526
665.0 87.625
666.0 87.691
667.0 87.753
668.0 87.846999
669.0 87.890999
670.0 87.959
671.0 88.029
672.0 88.07
673.0 88.132
674.0 88.161999
675.0 88.192
676.0 88.214
677.0 88.258
678.0 88.279
679.0 88.309
680.0 88.307999
681.0 88.309
682.0 88.331
683.0 88.351
684.0 88.324
685.0 88.293
686.0 88.279
687.0 88.275
688.0 88.248
689.0 88.23
690.0 88.197999
691.0 88.154
692.0 88.125
693.0 88.078999
694.0 88.023
695.0 87.973
696.0 87.919
697.0 87.855999
698.0 87.804
699.0 87.715
700.0 87.658999
701.0 87.57
702.0 87.503
703.0 87.431
704.0 87.346999
705.0 87.25
706.0 87.153
707.0 87.066
708.0 86.963
709.0 86.849
710.0 86.75
711.0 86.666
712.0 86.539
713.0 86.433
714.0 86.331
715.0 86.224
716.0 86.094
717.0 86.007
718.0 85.867999
719.0 85.744
720.0 85.624
721.0 85.495
722.0 85.378
723.0 85.248
724.0 85.123
725.0 84.989999
726.0 84.861
727.0 84.724
728.0 84.587
729.0 84.482
730.0 84.336999
731.0 84.206
732.0 84.08
733.0 83.93
734.0 83.803
735.0 83.672
736.0 83.533
737.0 83.409
738.0 83.27
739.0 83.135
740.0 83.005
741.0 82.878
742.0 82.732
743.0 82.616
744.0 82.497
745.0 82.364
746.0 82.235
747.0 82.101
748.0 81.994999
749.0 81.871
750.0 81.738
751.0 81.627
752.0 81.509
753.0 81.387
754.0 81.262999
755.0 81.147
756.0 81.016
757.0 80.892
758.0 80.785
759.0 80.69
760.0 80.589
761.0 80.471999
762.0 80.375
763.0 80.249
764.0 80.164999
765.0 80.05
766.0 79.937
767.0 79.84
768.0 79.747999
769.0 79.65
770.0 79.561
771.0 79.446
772.0 79.372
773.0 79.282
774.0 79.229
775.0 79.137
776.0 79.08
777.0 79.013
778.0 78.942
779.0 78.888
780.0 78.842
781.0 78.751
782.0 78.688
783.0 78.613999
784.0 78.532
785.0 78.478
786.0 78.391
787.0 78.345
788.0 78.297
789.0 78.264
790.0 78.19
791.0 78.154
792.0 78.117999
793.0 78.058
794.0 78.009
795.0 77.971
796.0 77.947999
797.0 77.911
798.0 77.875
799.0 77.858999
800.0 77.822999
801.0 77.791
802.0 77.756
803.0 77.751
804.0 77.724999
805.0 77.719
806.0 77.69
807.0 77.672
808.0 77.663
809.0 77.664999
810.0 77.641
811.0 77.625999
812.0 77.634
813.0 77.617999
814.0 77.624
815.0 77.629
816.0 77.634
817.0 77.658
818.0 77.641
819.0 77.663
820.0 77.682
821.0 77.664
822.0 77.685
823.0 77.708
824.0 77.71
825.0 77.722
826.0 77.759999
827.0 77.786999
828.0 77.795
829.0 77.810999
830.0 77.856
831.0 77.854999
832.0 77.901
833.0 77.928
834.0 77.962
835.0 77.994
836.0 78.017
837.0 78.077
838.0 78.104
839.0 78.128
840.0 78.17
841.0 78.222
842.0 78.238
843.0 78.301
844.0 78.334
845.0 78.39
846.0 78.435999
847.0 78.478
848.0 78.547
849.0 78.602
850.0 78.625999
851.0 78.707
852.0 78.745
853.0 78.788
854.0 78.854
855.0 78.912
856.0 78.976
857.0 79.03
858.0 79.084
859.0 79.140999
860.0 79.196
861.0 79.259999
862.0 79.318
863.0 79.381999
864.0 79.446
865.0 79.501
866.0 79.552
867.0 79.643
868.0 79.699
869.0 79.761
870.0 79.837999
871.0 79.901
872.0 79.961
873.0 80.044
874.0 80.101999
875.0 80.175
876.0 80.247
877.0 80.31
878.0 80.372
879.0 80.447
880.0 80.506
881.0 80.575
882.0 80.667
883.0 80.723
884.0 80.81
885.0 80.881
886.0 80.977
887.0 81.038
888.0 81.111999
889.0 81.203999
890.0 81.248
891.0 81.357
892.0 81.413
893.0 81.467
894.0 81.563
895.0 81.625
896.0 81.718999
897.0 81.783
898.0 81.843
899.0 81.923999
900.0 81.969
901.0 82.055
902.0 82.103
903.0 82.171
904.0 82.25
905.0 82.309
906.0 82.382
907.0 82.446
908.0 82.499
909.0 82.562
910.0 82.603
911.0 82.667
912.0 82.718
913.0 82.787
914.0 82.840999
915.0 82.896999
916.0 82.962999
917.0 83.014
918.0 83.074
919.0 83.140999
920.0 83.203999
921.0 83.261
922.0 83.313999
923.0 83.387
924.0 83.438
925.0 83.474999
926.0 83.559
927.0 83.626
928.0 83.672
929.0 83.721999
930.0 83.789
931.0 83.835
932.0 83.887
933.0 83.941
934.0 83.995
935.0 84.036999
936.0 84.101
937.0 84.15
938.0 84.170999
939.0 84.246
940.0 84.297
941.0 84.340999
942.0 84.387
943.0 84.428
944.0 84.45
945.0 84.508
946.0 84.562
947.0 84.602999
948.0 84.619
949.0 84.675
950.0 84.678
951.0 84.735
952.0 84.769
953.0 84.828999
954.0 84.838
955.0 84.863999
956.0 84.885
957.0 84.904
958.0 84.98
959.0 85.001
960.0 85.018
961.0 85.099
962.0 85.087999
963.0 85.104
964.0 85.157
965.0 85.155
966.0 85.182999
967.0 85.211
968.0 85.239
969.0 85.232
970.0 85.279
971.0 85.261
972.0 85.302
973.0 85.355999
974.0 85.343
975.0 85.375
976.0 85.354
977.0 85.389
978.0 85.386
979.0 85.406
980.0 85.429
981.0 85.396
982.0 85.455
983.0 85.486999
984.0 85.486999
985.0 85.489
986.0 85.477
987.0 85.477999
988.0 85.497999
989.0 85.482
990.0 85.485
991.0 85.5
992.0 85.509
993.0 85.479
994.0 85.474999
995.0 85.497
996.0 85.504
997.0 85.479
998.0 85.476
999.0 85.486999
1000.0 85.431
1001.0 85.423
1002.0 85.412
1003.0 85.428
1004.0 85.397
1005.0 85.407
1006.0 85.397
1007.0 85.379
1008.0 85.357
1009.0 85.354
1010.0 85.35
1011.0 85.307999
1012.0 85.309
1013.0 85.275
1014.0 85.252
1015.0 85.247
1016.0 85.248
1017.0 85.221999
1018.0 85.182
1019.0 85.17
1020.0 85.142
1021.0 85.09
1022.0 85.114999
1023.0 85.066
1024.0 85.038
1025.0 85.021
1026.0 85.013
1027.0 84.945
1028.0 84.913
1029.0 84.878
1030.0 84.855
1031.0 84.799
1032.0 84.819999
1033.0 84.767
1034.0 84.758
1035.0 84.723
1036.0 84.653
1037.0 84.682999
1038.0 84.631
1039.0 84.572
1040.0 84.574
1041.0 84.516
1042.0 84.482
1043.0 84.468
1044.0 84.411999
1045.0 84.355999
1046.0 84.348999
1047.0 84.287
1048.0 84.252
1049.0 84.247
1050.0 84.191
1051.0 84.108
1052.0 84.082
1053.0 84.015
1054.0 83.995
1055.0 83.974
1056.0 83.926
1057.0 83.911999
1058.0 83.860999
1059.0 83.771
1060.0 83.753
1061.0 83.724
1062.0 83.733
1063.0 83.662
1064.0 83.591
1065.0 83.583
1066.0 83.499
1067.0 83.462
1068.0 83.499
1069.0 83.417
1070.0 83.327
1071.0 83.299
1072.0 83.285
1073.0 83.216
1074.0 83.155999
1075.0 83.106
1076.0 83.051
1077.0 82.996
1078.0 83.008
1079.0 82.918
1080.0 82.904
1081.0 82.869
1082.0 82.86
1083.0 82.854
1084.0 82.746
1085.0 82.712
1086.0 82.627
1087.0 82.579
1088.0 82.523
1089.0 82.486
1090.0 82.426999
1091.0 82.449
1092.0 82.366
1093.0 82.363
1094.0 82.201
1095.0 82.174
1096.0 82.083
1097.0 82.117999
1098.0 82.074
1099.0 82.018999
1100.0 81.991
