190.0 0.02
191.0 0.093
192.0 0.025
193.0 0.084999
194.0 0.035
195.0 0.071
196.0 0.02
197.0 0.016
198.0 0.025
199.0 0.011
200.0 0.019
201.0 0.005
202.0 0.028
203.0 0.036
204.0 0.029
205.0 0.019
206.0 0.028
207.0 0.024
208.0 0.029
209.0 0.01
210.0 0.005
211.0 0.037
212.0 0.014
213.0 0.02
214.0 0.024
215.0 0.01
216.0 0.014
217.0 0.029
218.0 0.025
219.0 0.04
220.0 0.013
221.0 0.016
222.0 0.009
223.0 0.015
224.0 0.02
225.0 0.019
226.0 0.014
227.0 0.031
228.0 0.006
229.0 0.023
230.0 0.008
231.0 0.021
232.0 0.011
233.0 0.016
234.0 0.027
235.0 0.032
236.0 0.006999
237.0 0.016
238.0 0.022
239.0 0.008
240.0 0.021
241.0 0.006999
242.0 0.014
243.0 0.02
244.0 0.019
245.0 0.029
246.0 0.016
247.0 0.022
248.0 0.019
249.0 0.011
250.0 0.021
251.0 0.04
252.0 0.021
253.0 0.01
254.0 0.021
255.0 -0.001
256.0 0.027
257.0 0.015
258.0 0.031
259.0 0.043
260.0 0.011
261.0 0.021
262.0 0.034
263.0 0.022
264.0 0.013
265.0 0.02
266.0 0.028
267.0 0.064
268.0 0.009
269.0 0.032
270.0 0.014
271.0 0.024
272.0 0.012
273.0 0.025
274.0 0.05
275.0 0.046
276.0 0.037
277.0 0.026
278.0 0.035
279.0 0.031
280.0 0.033
281.0 0.001
282.0 0.044
283.0 0.065
284.0 0.036
285.0 0.006
286.0 0.052
287.0 0.015
288.0 0.017
289.0 0.035
290.0 0.046
291.0 0.085999
292.0 0.041
293.0 0.037
294.0 0.005
295.0 0.024
296.0 0.028
297.0 0.038
298.0 0.033
299.0 0.044
300.0 0.025
301.0 0.04
302.0 0.045
303.0 0.019
304.0 0.022
305.0 0.041
306.0 0.017
307.0 0.069999
308.0 0.049
309.0 0.01
310.0 0.029
311.0 0.025
312.0 0.045
313.0 0.048
314.0 0.011
315.0 0.083
316.0 0.042
317.0 0.05
318.0 0.046
319.0 0.043
320.0 0.046
321.0 0.038
322.0 0.046
323.0 0.1
324.0 0.049
325.0 0.064
326.0 0.069999
327.0 0.038
328.0 0.053
329.0 0.031
330.0 0.043
331.0 0.072
332.0 0.06
333.0 0.036
334.0 0.041
335.0 0.049
336.0 0.038
337.0 0.051
338.0 0.043
339.0 0.075
340.0 0.055999
341.0 0.047
342.0 0.048
343.0 0.062
344.0 0.078
345.0 0.086999
346.0 0.107
347.0 0.148
348.0 0.138
349.0 0.185
350.0 0.232
351.0 0.295
352.0 0.359
353.0 0.465
354.0 0.598
355.0 0.783
356.0 1.009
357.0 1.305
358.0 1.711
359.0 2.191
360.0 2.813
361.0 3.587
362.0 4.556
363.0 5.734
364.0 7.109
365.0 8.766999
366.0 10.652
367.0 12.776
368.0 15.078
369.0 17.551
370.0 20.093
371.0 22.647
372.0 25.132
373.0 27.568
374.0 29.819
375.0 31.936
376.0 33.908
377.0 35.761
378.0 37.528
379.0 39.277
380.0 40.966
381.0 42.725
382.0 44.46
383.0 46.355
384.0 48.289
385.0 50.096
386.0 51.892
387.0 53.661
388.0 55.408
389.0 57.091
390.0 58.714
391.0 60.245
392.0 61.665
393.0 62.968999
394.0 64.142
395.0 65.181
396.0 66.074999
397.0 66.830999
398.0 67.432
399.0 67.882
400.0 68.227999
401.0 68.467999
402.0 68.583
403.0 68.633
404.0 68.615
405.0 68.538
406.0 68.429
407.0 68.268
408.0 68.115
409.0 67.952
410.0 67.786999
411.0 67.625
412.0 67.496
413.0 67.419
414.0 67.349
415.0 67.306999
416.0 67.322
417.0 67.348
418.0 67.422
419.0 67.568
420.0 67.717
421.0 67.932
422.0 68.191
423.0 68.491
424.0 68.796
425.0 69.178
426.0 69.537
427.0 69.981
428.0 70.417
429.0 70.893
430.0 71.379
431.0 71.877
432.0 72.402999
433.0 72.912
434.0 73.456999
435.0 74.0
436.0 74.521
437.0 75.046
438.0 75.593
439.0 76.092
440.0 76.566
441.0 77.057
442.0 77.548
443.0 77.94
444.0 78.334
445.0 78.694
446.0 79.025
447.0 79.324
448.0 79.561
449.0 79.771
450.0 79.944999
451.0 80.072
452.0 80.179999
453.0 80.229
454.0 80.27
455.0 80.255
456.0 80.214
457.0 80.119
458.0 80.03
459.0 79.894
460.0 79.718
461.0 79.542
462.0 79.318999
463.0 79.125999
464.0 78.874
465.0 78.624
466.0 78.378
467.0 78.092
468.0 77.81
469.0 77.573
470.0 77.319999
471.0 77.066999
472.0 76.78
473.0 76.534
474.0 76.275
475.0 76.047
476.0 75.819999
477.0 75.593
478.0 75.408
479.0 75.217999
480.0 75.042
481.0 74.883
482.0 74.741999
483.0 74.604
484.0 74.506
485.0 74.41
486.0 74.327
487.0 74.265
488.0 74.239
489.0 74.215
490.0 74.22
491.0 74.217999
492.0 74.265
493.0 74.299
494.0 74.378
495.0 74.431
496.0 74.53
497.0 74.65
498.0 74.78
499.0 74.921
500.0 75.083
501.0 75.244999
502.0 75.419
503.0 75.628
504.0 75.838
505.0 76.051999
506.0 76.279
507.0 76.515
508.0 76.773
509.0 77.025
510.0 77.295
511.0 77.588
512.0 77.852
513.0 78.14
514.0 78.435999
515.0 78.724
516.0 79.014
517.0 79.325999
518.0 79.607
519.0 79.914
520.0 80.208
521.0 80.494
522.0 80.786
523.0 81.083
524.0 81.358
525.0 81.632
526.0 81.884
527.0 82.17
528.0 82.431
529.0 82.666
530.0 82.92
531.0 83.161
532.0 83.342
533.0 83.569999
534.0 83.758
535.0 83.94
536.0 84.092999
537.0 84.273
538.0 84.407
539.0 84.548
540.0 84.649
541.0 84.777999
542.0 84.842
543.0 84.931
544.0 84.965999
545.0 85.016
546.0 85.018
547.0 85.055
548.0 85.047
549.0 85.052
550.0 85.006
551.0 84.962999
552.0 84.923
553.0 84.875999
554.0 84.785
555.0 84.709999
556.0 84.611999
557.0 84.496
558.0 84.389
559.0 84.256
560.0 84.137
561.0 83.999
562.0 83.843
563.0 83.713
564.0 83.536
565.0 83.381
566.0 83.198
567.0 83.021999
568.0 82.843
569.0 82.646
570.0 82.477
571.0 82.293
572.0 82.079
573.0 81.896999
574.0 81.694999
575.0 81.492
576.0 81.285
577.0 81.084
578.0 80.903
579.0 80.699
580.0 80.51
581.0 80.333
582.0 80.156
583.0 79.973
584.0 79.815
585.0 79.642
586.0 79.494
587.0 79.339
588.0 79.223
589.0 79.078999
590.0 78.94
591.0 78.825
592.0 78.703
593.0 78.598
594.0 78.478
595.0 78.375
596.0 78.283999
597.0 78.18
598.0 78.088
599.0 78.009
600.0 77.919
601.0 77.849
602.0 77.777
603.0 77.708999
604.0 77.643
605.0 77.583
606.0 77.541
607.0 77.494
608.0 77.44
609.0 77.42
610.0 77.388
611.0 77.363
612.0 77.348
613.0 77.334999
614.0 77.339
615.0 77.333
616.0 77.351
617.0 77.352
618.0 77.378
619.0 77.401
620.0 77.439
621.0 77.468999
622.0 77.51
623.0 77.55
624.0 77.613
625.0 77.671
626.0 77.735
627.0 77.802
628.0 77.878
629.0 77.973
630.0 78.037
631.0 78.128
632.0 78.224
633.0 78.328
634.0 78.417999
635.0 78.546
636.0 78.644
637.0 78.756
638.0 78.888
639.0 79.001
640.0 79.128
641.0 79.253
642.0 79.403
643.0 79.53
644.0 79.651
645.0 79.794
646.0 79.942
647.0 80.071
648.0 80.22
649.0 80.386
650.0 80.52
651.0 80.679
652.0 80.810999
653.0 80.973
654.0 81.163
655.0 81.288
656.0 81.441
657.0 81.596999
658.0 81.753
659.0 81.927
660.0 82.068
661.0 82.217
662.0 82.358
663.0 82.521999
664.0 82.674
665.0 82.828999
666.0 82.979
667.0 83.127
668.0 83.301999
669.0 83.414
670.0 83.567
671.0 83.711
672.0 83.858999
673.0 83.980999
674.0 84.124
675.0 84.241999
676.0 84.374
677.0 84.499
678.0 84.607
679.0 84.739
680.0 84.855999
681.0 84.977999
682.0 85.106
683.0 85.184
684.0 85.261
685.0 85.336
686.0 85.438999
687.0 85.532
688.0 85.619999
689.0 85.697999
690.0 85.78
691.0 85.85
692.0 85.92
693.0 85.98
694.0 86.042
695.0 86.105
696.0 86.157
697.0 86.204
698.0 86.247
699.0 86.288
700.0 86.311
701.0 86.342
702.0 86.369
703.0 86.397
704.0 86.4
705.0 86.426
706.0 86.429
707.0 86.441999
708.0 86.423
709.0 86.429999
710.0 86.423
711.0 86.4
712.0 86.390999
713.0 86.381
714.0 86.343
715.0 86.312
716.0 86.292999
717.0 86.25
718.0 86.204
719.0 86.162
720.0 86.11
721.0 86.067
722.0 86.012999
723.0 85.941999
724.0 85.882
725.0 85.823
726.0 85.746
727.0 85.68
728.0 85.606
729.0 85.539
730.0 85.446
731.0 85.371
732.0 85.287
733.0 85.204
734.0 85.107999
735.0 85.032
736.0 84.913
737.0 84.823
738.0 84.733
739.0 84.624
740.0 84.524
741.0 84.418
742.0 84.326
743.0 84.214999
744.0 84.104
745.0 83.996
746.0 83.893
747.0 83.787
748.0 83.655
749.0 83.562
750.0 83.437
751.0 83.328999
752.0 83.226
753.0 83.103
754.0 82.977
755.0 82.860999
756.0 82.738
757.0 82.625
758.0 82.512
759.0 82.387999
760.0 82.268
761.0 82.155999
762.0 82.035
763.0 81.899
764.0 81.807
765.0 81.675
766.0 81.545
767.0 81.399
768.0 81.298
769.0 81.176
770.0 81.074
771.0 80.944999
772.0 80.837999
773.0 80.741
774.0 80.626
775.0 80.532
776.0 80.435
777.0 80.355
778.0 80.276
779.0 80.19
780.0 80.105999
781.0 80.003
782.0 79.877
783.0 79.765
784.0 79.625
785.0 79.533
786.0 79.425
787.0 79.354
788.0 79.251
789.0 79.163
790.0 79.09
791.0 79.003
792.0 78.91
793.0 78.846999
794.0 78.749
795.0 78.625
796.0 78.565
797.0 78.486999
798.0 78.408999
799.0 78.334999
800.0 78.271999
801.0 78.199
802.0 78.144
803.0 78.062
804.0 78.003
805.0 77.929
806.0 77.875
807.0 77.827
808.0 77.736999
809.0 77.711
810.0 77.661
811.0 77.613
812.0 77.565
813.0 77.523
814.0 77.455
815.0 77.427
816.0 77.357
817.0 77.329
818.0 77.289
819.0 77.259999
820.0 77.222
821.0 77.192
822.0 77.159
823.0 77.113
824.0 77.098999
825.0 77.075
826.0 77.054
827.0 77.029
828.0 77.009
829.0 76.999
830.0 76.959
831.0 76.951
832.0 76.953999
833.0 76.927
834.0 76.917
835.0 76.915
836.0 76.886
837.0 76.916
838.0 76.877
839.0 76.878999
840.0 76.890999
841.0 76.881999
842.0 76.893999
843.0 76.903
844.0 76.876
845.0 76.904
846.0 76.914
847.0 76.924
848.0 76.941
849.0 76.955
850.0 76.974
851.0 76.980999
852.0 77.003
853.0 77.027999
854.0 77.051
855.0 77.077
856.0 77.092
857.0 77.132
858.0 77.143
859.0 77.176999
860.0 77.227999
861.0 77.239
862.0 77.269
863.0 77.304
864.0 77.342999
865.0 77.358999
866.0 77.413
867.0 77.456
868.0 77.509
869.0 77.541
870.0 77.584
871.0 77.634
872.0 77.685999
873.0 77.732
874.0 77.763
875.0 77.842
876.0 77.866999
877.0 77.913
878.0 77.979
879.0 78.022
880.0 78.076
881.0 78.147
882.0 78.178
883.0 78.266
884.0 78.34
885.0 78.413
886.0 78.476
887.0 78.551
888.0 78.617999
889.0 78.673
890.0 78.757
891.0 78.828
892.0 78.887
893.0 78.95
894.0 79.024
895.0 79.085
896.0 79.143
897.0 79.208
898.0 79.274
899.0 79.317
900.0 79.403
901.0 79.479
902.0 79.507
903.0 79.599
904.0 79.662
905.0 79.712
906.0 79.762999
907.0 79.822999
908.0 79.864
909.0 79.923999
910.0 79.974999
911.0 80.024
912.0 80.071
913.0 80.124
914.0 80.191
915.0 80.244
916.0 80.293
917.0 80.363
918.0 80.425
919.0 80.506
920.0 80.553
921.0 80.628999
922.0 80.698
923.0 80.749
924.0 80.813
925.0 80.884999
926.0 80.971
927.0 81.024
928.0 81.067
929.0 81.143
930.0 81.246
931.0 81.32
932.0 81.374
933.0 81.458
934.0 81.530999
935.0 81.595
936.0 81.659
937.0 81.732
938.0 81.813
939.0 81.867999
940.0 81.932
941.0 82.028
942.0 82.081999
943.0 82.151
944.0 82.235
945.0 82.265999
946.0 82.349
947.0 82.429
948.0 82.489
949.0 82.548999
950.0 82.608
951.0 82.694999
952.0 82.718
953.0 82.761
954.0 82.852
955.0 82.903
956.0 82.989999
957.0 83.033
958.0 83.087
959.0 83.143
960.0 83.170999
961.0 83.27
962.0 83.337
963.0 83.374
964.0 83.447999
965.0 83.536999
966.0 83.555
967.0 83.63
968.0 83.675999
969.0 83.735
970.0 83.78
971.0 83.831999
972.0 83.891
973.0 83.931
974.0 84.002
975.0 84.054
976.0 84.075999
977.0 84.128
978.0 84.177
979.0 84.235
980.0 84.279
981.0 84.319999
982.0 84.377
983.0 84.462
984.0 84.479
985.0 84.53
986.0 84.57
987.0 84.617
988.0 84.664
989.0 84.675
990.0 84.732
991.0 84.775
992.0 84.795
993.0 84.848
994.0 84.87
995.0 84.882
996.0 84.955
997.0 84.953
998.0 85.004
999.0 85.009999
1000.0 85.068999
1001.0 85.06
1002.0 85.067
1003.0 85.101
1004.0 85.137
1005.0 85.161
1006.0 85.181
1007.0 85.202
1008.0 85.233999
1009.0 85.25
1010.0 85.276
1011.0 85.282
1012.0 85.294
1013.0 85.307
1014.0 85.333
1015.0 85.346
1016.0 85.354
1017.0 85.373
1018.0 85.373
1019.0 85.371
1020.0 85.418
1021.0 85.422
1022.0 85.425
1023.0 85.448
1024.0 85.409
1025.0 85.426999
1026.0 85.462
1027.0 85.468999
1028.0 85.441999
1029.0 85.435
1030.0 85.446
1031.0 85.414999
1032.0 85.426999
1033.0 85.412
1034.0 85.429
1035.0 85.435
1036.0 85.433
1037.0 85.42
1038.0 85.42
1039.0 85.409
1040.0 85.392
1041.0 85.408
1042.0 85.372
1043.0 85.387
1044.0 85.379
1045.0 85.35
1046.0 85.351
1047.0 85.321
1048.0 85.285
1049.0 85.312
1050.0 85.296
1051.0 85.259
1052.0 85.230999
1053.0 85.199
1054.0 85.119999
1055.0 85.161
1056.0 85.133
1057.0 85.127
1058.0 85.138
1059.0 85.121
1060.0 85.119
1061.0 85.075999
1062.0 84.992
1063.0 85.004
1064.0 85.011
1065.0 84.941999
1066.0 84.943
1067.0 84.897
1068.0 84.887
1069.0 84.87
1070.0 84.824
1071.0 84.816999
1072.0 84.780999
1073.0 84.733
1074.0 84.673
1075.0 84.687
1076.0 84.638
1077.0 84.608999
1078.0 84.560999
1079.0 84.580999
1080.0 84.499
1081.0 84.477
1082.0 84.524
1083.0 84.378
1084.0 84.385
1085.0 84.372
1086.0 84.338
1087.0 84.241
1088.0 84.225
1089.0 84.164
1090.0 84.199
1091.0 84.143999
1092.0 84.104999
1093.0 84.057
1094.0 84.079
1095.0 84.02
1096.0 83.956
1097.0 83.918
1098.0 83.821
1099.0 83.848999
1100.0 83.848
