190.0 0.071
191.0 0.058
192.0 0.055999
193.0 0.08
194.0 0.055
195.0 0.083
196.0 0.043
197.0 0.047
198.0 0.041
199.0 0.047
200.0 0.026
201.0 0.035
202.0 0.04
203.0 0.059
204.0 0.019
205.0 0.04
206.0 0.031
207.0 0.023
208.0 0.047
209.0 0.03
210.0 0.035
211.0 0.036
212.0 0.027
213.0 0.022
214.0 0.021
215.0 0.02
216.0 0.031
217.0 0.024
218.0 0.027
219.0 0.045
220.0 0.026
221.0 0.019
222.0 0.029
223.0 0.028
224.0 0.02
225.0 0.028
226.0 0.027
227.0 0.036
228.0 0.037
229.0 0.018
230.0 0.026
231.0 0.018
232.0 0.03
233.0 0.019
234.0 0.033
235.0 0.028
236.0 0.028
237.0 0.031
238.0 0.015
239.0 0.012
240.0 0.011
241.0 0.009
242.0 0.017
243.0 0.024
244.0 0.018
245.0 0.025
246.0 0.01
247.0 0.022
248.0 0.015
249.0 0.016
250.0 0.023
251.0 0.037
252.0 0.03
253.0 0.02
254.0 0.028
255.0 0.012
256.0 0.014
257.0 0.01
258.0 0.02
259.0 0.036
260.0 0.029
261.0 0.042
262.0 0.033
263.0 0.032
264.0 0.04
265.0 0.046
266.0 0.045
267.0 0.055999
268.0 0.03
269.0 0.047
270.0 0.035
271.0 0.053
272.0 0.029
273.0 0.032
274.0 0.038
275.0 0.06
276.0 0.058
277.0 0.043
278.0 0.036
279.0 0.043
280.0 0.048
281.0 0.029
282.0 0.073
283.0 0.080999
284.0 0.031
285.0 0.012
286.0 0.068999
287.0 0.045
288.0 0.052
289.0 0.04
290.0 0.044
291.0 0.071
292.0 0.044
293.0 0.048
294.0 0.061
295.0 0.06
296.0 0.084999
297.0 0.074
298.0 0.134
299.0 0.171
300.0 0.195
301.0 0.234
302.0 0.316
303.0 0.37
304.0 0.488
305.0 0.601
306.0 0.749
307.0 0.899
308.0 1.071
309.0 1.297
310.0 1.486
311.0 1.731
312.0 1.966
313.0 2.292
314.0 2.581
315.0 2.932
316.0 3.231
317.0 3.535
318.0 3.916
319.0 4.259
320.0 4.601999
321.0 4.962
322.0 5.343
323.0 5.746
324.0 6.027
325.0 6.398
326.0 6.755
327.0 7.034
328.0 7.363
329.0 7.68
330.0 7.959
331.0 8.280999
332.0 8.561999
333.0 8.853999
334.0 9.125
335.0 9.397
336.0 9.661
337.0 9.943
338.0 10.208
339.0 10.487
340.0 10.733
341.0 11.022
342.0 11.276
343.0 11.605
344.0 11.916
345.0 12.276
346.0 12.617
347.0 13.007
348.0 13.399
349.0 13.866
350.0 14.343
351.0 14.872
352.0 15.481
353.0 16.148
354.0 16.86
355.0 17.683
356.0 18.532
357.0 19.498
358.0 20.524
359.0 21.672
360.0 22.915
361.0 24.258
362.0 25.719
363.0 27.261
364.0 28.894
365.0 30.59
366.0 32.357
367.0 34.182
368.0 36.029
369.0 37.868
370.0 39.691
371.0 41.506
372.0 43.236999
373.0 44.936
374.0 46.483999
375.0 47.943
376.0 49.36
377.0 50.676
378.0 51.894
379.0 53.151
380.0 54.344
381.0 55.462
382.0 56.599999
383.0 57.761
384.0 58.912
385.0 59.925
386.0 60.915
387.0 61.879
388.0 62.798
389.0 63.694
390.0 64.532
391.0 65.354999
392.0 66.12
393.0 66.864999
394.0 67.565
395.0 68.262
396.0 68.898
397.0 69.545999
398.0 70.146
399.0 70.733999
400.0 71.283
401.0 71.812
402.0 72.336
403.0 72.849
404.0 73.311
405.0 73.76
406.0 74.196
407.0 74.627
408.0 75.032
409.0 75.44
410.0 75.807999
411.0 76.18
412.0 76.536
413.0 76.854999
414.0 77.191
415.0 77.507
416.0 77.833
417.0 78.105
418.0 78.414
419.0 78.691
420.0 78.974999
421.0 79.209
422.0 79.476
423.0 79.717
424.0 79.967999
425.0 80.205
426.0 80.437
427.0 80.651
428.0 80.847
429.0 81.057999
430.0 81.267
431.0 81.457
432.0 81.596
433.0 81.808
434.0 81.965
435.0 82.108999
436.0 82.253
437.0 82.386
438.0 82.548999
439.0 82.703
440.0 82.84
441.0 83.004
442.0 83.123
443.0 83.242
444.0 83.389
445.0 83.506
446.0 83.634
447.0 83.753999
448.0 83.863
449.0 83.98
450.0 84.074
451.0 84.199
452.0 84.285
453.0 84.375
454.0 84.47
455.0 84.548
456.0 84.641
457.0 84.72
458.0 84.798
459.0 84.867999
460.0 84.926999
461.0 84.977
462.0 85.044
463.0 85.118
464.0 85.143999
465.0 85.197
466.0 85.251
467.0 85.289999
468.0 85.336999
469.0 85.369
470.0 85.385
471.0 85.426
472.0 85.461
473.0 85.448
474.0 85.489999
475.0 85.495
476.0 85.526
477.0 85.563
478.0 85.567
479.0 85.584
480.0 85.599
481.0 85.598
482.0 85.609
483.0 85.622
484.0 85.622
485.0 85.631999
486.0 85.616
487.0 85.607999
488.0 85.621
489.0 85.613
490.0 85.602
491.0 85.604
492.0 85.596
493.0 85.580999
494.0 85.578
495.0 85.574
496.0 85.551
497.0 85.533999
498.0 85.509999
499.0 85.505
500.0 85.472
501.0 85.48
502.0 85.437
503.0 85.428
504.0 85.395
505.0 85.38
506.0 85.355999
507.0 85.334
508.0 85.311
509.0 85.285
510.0 85.247
511.0 85.218
512.0 85.197999
513.0 85.167
514.0 85.146
515.0 85.102999
516.0 85.084999
517.0 85.033
518.0 85.011
519.0 84.968999
520.0 84.938
521.0 84.908
522.0 84.861
523.0 84.821
524.0 84.789999
525.0 84.732
526.0 84.706999
527.0 84.653
528.0 84.599999
529.0 84.57
530.0 84.532
531.0 84.483
532.0 84.445
533.0 84.411
534.0 84.375999
535.0 84.325
536.0 84.292999
537.0 84.236
538.0 84.191
539.0 84.151
540.0 84.104
541.0 84.065
542.0 84.033999
543.0 83.965
544.0 83.925
545.0 83.891
546.0 83.828
547.0 83.789999
548.0 83.728
549.0 83.694
550.0 83.64
551.0 83.599
552.0 83.54
553.0 83.508
554.0 83.447999
555.0 83.411
556.0 83.36
557.0 83.325999
558.0 83.277
559.0 83.218999
560.0 83.169
561.0 83.146
562.0 83.076
563.0 83.026
564.0 82.969
565.0 82.919
566.0 82.893
567.0 82.816999
568.0 82.783
569.0 82.738
570.0 82.672
571.0 82.618
572.0 82.593999
573.0 82.538
574.0 82.476
575.0 82.425
576.0 82.379
577.0 82.325999
578.0 82.281
579.0 82.237
580.0 82.187
581.0 82.123
582.0 82.059
583.0 82.013
584.0 81.974999
585.0 81.899
586.0 81.861999
587.0 81.82
588.0 81.747
589.0 81.684
590.0 81.633
591.0 81.581
592.0 81.537
593.0 81.477
594.0 81.420999
595.0 81.359
596.0 81.312
597.0 81.264
598.0 81.206
599.0 81.146
600.0 81.108
601.0 81.054999
602.0 81.001
603.0 80.946
604.0 80.895
605.0 80.845999
606.0 80.805
607.0 80.73
608.0 80.688
609.0 80.640999
610.0 80.572
611.0 80.542999
612.0 80.491999
613.0 80.435999
614.0 80.369999
615.0 80.32
616.0 80.281
617.0 80.229
618.0 80.176
619.0 80.123
620.0 80.069999
621.0 80.028
622.0 79.989
623.0 79.918
624.0 79.886
625.0 79.821
626.0 79.774999
627.0 79.746
628.0 79.676999
629.0 79.640999
630.0 79.593
631.0 79.548
632.0 79.486999
633.0 79.453
634.0 79.399
635.0 79.352999
636.0 79.313999
637.0 79.271
638.0 79.215999
639.0 79.19
640.0 79.132
641.0 79.093
642.0 79.054999
643.0 79.003
644.0 78.968
645.0 78.914
646.0 78.88
647.0 78.845
648.0 78.797
649.0 78.759999
650.0 78.724999
651.0 78.674
652.0 78.632
653.0 78.572
654.0 78.551
655.0 78.506
656.0 78.456999
657.0 78.449
658.0 78.378
659.0 78.352999
660.0 78.309
661.0 78.262
662.0 78.238
663.0 78.196
664.0 78.152999
665.0 78.116
666.0 78.085
667.0 78.036
668.0 77.999
669.0 77.971
670.0 77.935
671.0 77.888
672.0 77.858
673.0 77.8
674.0 77.774
675.0 77.762
676.0 77.707
677.0 77.682
678.0 77.642
679.0 77.575999
680.0 77.541
681.0 77.519
682.0 77.461
683.0 77.427
684.0 77.396
685.0 77.354
686.0 77.321
687.0 77.292
688.0 77.261
689.0 77.214
690.0 77.188
691.0 77.145
692.0 77.113
693.0 77.069
694.0 77.044
695.0 77.021
696.0 76.974
697.0 76.924
698.0 76.909
699.0 76.876
700.0 76.846
701.0 76.812
702.0 76.783
703.0 76.734
704.0 76.699
705.0 76.684
706.0 76.646999
707.0 76.609
708.0 76.575999
709.0 76.543
710.0 76.515
711.0 76.471999
712.0 76.447
713.0 76.402999
714.0 76.387
715.0 76.348
716.0 76.310999
717.0 76.29
718.0 76.255
719.0 76.214
720.0 76.178
721.0 76.167
722.0 76.13
723.0 76.089
724.0 76.063999
725.0 76.029
726.0 75.999
727.0 75.971999
728.0 75.929999
729.0 75.908
730.0 75.878999
731.0 75.84
732.0 75.812
733.0 75.776
734.0 75.755
735.0 75.697
736.0 75.7
737.0 75.658999
738.0 75.629
739.0 75.604
740.0 75.581
741.0 75.541
742.0 75.507
743.0 75.480999
744.0 75.456999
745.0 75.426999
746.0 75.393
747.0 75.361
748.0 75.339
749.0 75.319999
750.0 75.264
751.0 75.253
752.0 75.238
753.0 75.211
754.0 75.173
755.0 75.143
756.0 75.131
757.0 75.095
758.0 75.07
759.0 75.041
760.0 75.022
761.0 74.982
762.0 74.947
763.0 74.946
764.0 74.897
765.0 74.883
766.0 74.843
767.0 74.829
768.0 74.803
769.0 74.762
770.0 74.774
771.0 74.72
772.0 74.693
773.0 74.667
774.0 74.663
775.0 74.607
776.0 74.605
777.0 74.59
778.0 74.559
779.0 74.542
780.0 74.505
781.0 74.495
782.0 74.459
783.0 74.446
784.0 74.424
785.0 74.407
786.0 74.387
787.0 74.363
788.0 74.339
789.0 74.303
790.0 74.304
791.0 74.283
792.0 74.232
793.0 74.211
794.0 74.203
795.0 74.184
796.0 74.168
797.0 74.134
798.0 74.14
799.0 74.104
800.0 74.097
801.0 74.075
802.0 74.051
803.0 74.043
804.0 74.000999
805.0 74.002
806.0 73.972
807.0 73.958
808.0 73.944
809.0 73.925
810.0 73.901
811.0 73.878999
812.0 73.878
813.0 73.858
814.0 73.839
815.0 73.819
816.0 73.807999
817.0 73.768
818.0 73.777
819.0 73.746
820.0 73.727
821.0 73.717999
822.0 73.712
823.0 73.697999
824.0 73.685
825.0 73.638
826.0 73.645
827.0 73.643
828.0 73.614999
829.0 73.602
830.0 73.594
831.0 73.584
832.0 73.563999
833.0 73.553
834.0 73.534
835.0 73.526
836.0 73.515
837.0 73.516
838.0 73.488
839.0 73.485
840.0 73.458
841.0 73.453999
842.0 73.445
843.0 73.444
844.0 73.401
845.0 73.402
846.0 73.395
847.0 73.395
848.0 73.372
849.0 73.362
850.0 73.343999
851.0 73.353
852.0 73.33
853.0 73.328
854.0 73.315
855.0 73.303
856.0 73.301
857.0 73.295999
858.0 73.273
859.0 73.280999
860.0 73.265999
861.0 73.253
862.0 73.253
863.0 73.236
864.0 73.24
865.0 73.214
866.0 73.224999
867.0 73.206999
868.0 73.2
869.0 73.203
870.0 73.188
871.0 73.189
872.0 73.18
873.0 73.192
874.0 73.168
875.0 73.153
876.0 73.151
877.0 73.148
878.0 73.137
879.0 73.131
880.0 73.134
881.0 73.114
882.0 73.094
883.0 73.077
884.0 73.104
885.0 73.075
886.0 73.082
887.0 73.071
888.0 73.053
889.0 73.047
890.0 73.062
891.0 73.029
892.0 73.058
893.0 73.024
894.0 73.035
895.0 73.011
896.0 73.031
897.0 73.016
898.0 73.018
899.0 73.008
900.0 72.991
901.0 73.041
902.0 72.999
903.0 72.996
904.0 72.988
905.0 72.988
906.0 73.009
907.0 73.009999
908.0 73.009
909.0 73.029
910.0 73.008
911.0 73.033
912.0 73.009999
913.0 73.04
914.0 73.016
915.0 73.023
916.0 73.028
917.0 73.02
918.0 73.021999
919.0 73.032
920.0 73.026
921.0 73.035
922.0 73.023
923.0 73.021
924.0 73.001
925.0 73.026
926.0 72.997999
927.0 72.989
928.0 73.009
929.0 73.003
930.0 73.011
931.0 73.008
932.0 73.019
933.0 73.009999
934.0 73.011
935.0 73.027
936.0 73.03
937.0 73.004
938.0 73.017
939.0 73.012
940.0 73.024999
941.0 73.005
942.0 73.005
943.0 73.002
944.0 72.985999
945.0 72.98
946.0 72.997
947.0 72.996
948.0 72.982
949.0 72.996
950.0 72.992
951.0 72.976
952.0 72.997
953.0 72.999
954.0 73.006
955.0 73.001
956.0 72.974
957.0 72.974999
958.0 72.989999
959.0 73.024999
960.0 73.012
961.0 73.027
962.0 73.007
963.0 73.015
964.0 73.017
965.0 73.039
966.0 73.029
967.0 73.017
968.0 73.042
969.0 73.03
970.0 73.041
971.0 73.039
972.0 73.065
973.0 73.051
974.0 73.046
975.0 73.058
976.0 73.080999
977.0 73.054
978.0 73.055
979.0 73.068999
980.0 73.079
981.0 73.072999
982.0 73.072999
983.0 73.066
984.0 73.08
985.0 73.063999
986.0 73.078
987.0 73.084
988.0 73.084
989.0 73.084999
990.0 73.096999
991.0 73.083
992.0 73.075999
993.0 73.075
994.0 73.098
995.0 73.09
996.0 73.095
997.0 73.087
998.0 73.109
999.0 73.107
1000.0 73.111999
1001.0 73.096999
1002.0 73.129
1003.0 73.118
1004.0 73.154
1005.0 73.152
1006.0 73.164
1007.0 73.151
1008.0 73.167
1009.0 73.157
1010.0 73.170999
1011.0 73.187
1012.0 73.206999
1013.0 73.197999
1014.0 73.197
1015.0 73.208
1016.0 73.192
1017.0 73.206
1018.0 73.236
1019.0 73.233999
1020.0 73.223
1021.0 73.199
1022.0 73.201
1023.0 73.224999
1024.0 73.235
1025.0 73.247
1026.0 73.228
1027.0 73.253
1028.0 73.249
1029.0 73.246
1030.0 73.251
1031.0 73.268999
1032.0 73.26
1033.0 73.312
1034.0 73.322
1035.0 73.319999
1036.0 73.327
1037.0 73.324999
1038.0 73.331
1039.0 73.333
1040.0 73.340999
1041.0 73.365
1042.0 73.365
1043.0 73.395
1044.0 73.416
1045.0 73.4
1046.0 73.387
1047.0 73.38
1048.0 73.387
1049.0 73.381
1050.0 73.41
1051.0 73.431
1052.0 73.437
1053.0 73.480999
1054.0 73.471
1055.0 73.468999
1056.0 73.455
1057.0 73.453
1058.0 73.448
1059.0 73.473
1060.0 73.448
1061.0 73.497
1062.0 73.539
1063.0 73.574
1064.0 73.562
1065.0 73.556999
1066.0 73.547
1067.0 73.565
1068.0 73.521
1069.0 73.532
1070.0 73.521999
1071.0 73.512
1072.0 73.575999
1073.0 73.619999
1074.0 73.595999
1075.0 73.643
1076.0 73.598
1077.0 73.677
1078.0 73.669
1079.0 73.565
1080.0 73.582
1081.0 73.595
1082.0 73.682999
1083.0 73.676
1084.0 73.689
1085.0 73.741
1086.0 73.748
1087.0 73.762
1088.0 73.78
1089.0 73.809
1090.0 73.791
1091.0 73.724999
1092.0 73.761
1093.0 73.773
1094.0 73.744
1095.0 73.743
1096.0 73.709
1097.0 73.804
1098.0 73.849
1099.0 73.88
1100.0 73.888
