190.0 0.037
191.0 0.078
192.0 0.045
193.0 0.092
194.0 0.049
195.0 0.072
196.0 0.035
197.0 0.018
198.0 0.049
199.0 0.02
200.0 0.02
201.0 0.039
202.0 0.031
203.0 0.047
204.0 0.025
205.0 0.008
206.0 0.024
207.0 0.01
208.0 0.024
209.0 0.029
210.0 0.015
211.0 0.018
212.0 0.03
213.0 0.027
214.0 0.017
215.0 0.024
216.0 0.02
217.0 0.011
218.0 0.039
219.0 0.026
220.0 0.019
221.0 0.028
222.0 0.015
223.0 0.025
224.0 0.024
225.0 0.016
226.0 0.027
227.0 0.024
228.0 0.015
229.0 0.015
230.0 0.014
231.0 0.029
232.0 0.016
233.0 0.013
234.0 0.019
235.0 0.026
236.0 0.018
237.0 0.009
238.0 0.01
239.0 0.013
240.0 0.011
241.0 0.019
242.0 0.013
243.0 0.028
244.0 0.028
245.0 0.015
246.0 0.017
247.0 0.013
248.0 0.011
249.0 0.016
250.0 0.026
251.0 0.029
252.0 0.016
253.0 0.019
254.0 0.006999
255.0 0.019
256.0 0.012
257.0 0.014
258.0 0.025
259.0 0.036
260.0 0.029
261.0 0.015
262.0 0.005
263.0 0.016
264.0 0.012
265.0 0.033
266.0 0.036
267.0 0.03
268.0 0.014
269.0 0.033
270.0 0.027
271.0 0.027
272.0 0.02
273.0 0.04
274.0 0.03
275.0 0.017
276.0 0.017
277.0 0.042
278.0 0.041
279.0 0.045
280.0 0.032
281.0 0.027
282.0 0.041
283.0 0.055999
284.0 0.039
285.0 0.035
286.0 0.033
287.0 0.02
288.0 0.053
289.0 0.027
290.0 0.035
291.0 0.043
292.0 0.02
293.0 0.033
294.0 0.011
295.0 0.037
296.0 0.028
297.0 0.008
298.0 0.04
299.0 0.06
300.0 0.041
301.0 0.045
302.0 0.05
303.0 0.038
304.0 0.019
305.0 0.026
306.0 0.058
307.0 0.055999
308.0 0.031
309.0 0.045
310.0 0.047
311.0 0.027
312.0 0.036
313.0 0.057
314.0 0.023
315.0 0.055999
316.0 0.006999
317.0 0.04
318.0 0.049
319.0 0.052
320.0 0.006
321.0 0.048
322.0 0.036
323.0 0.08
324.0 0.077
325.0 0.045
326.0 0.048
327.0 0.097
328.0 0.059
329.0 0.054
330.0 0.059
331.0 0.078
332.0 0.042
333.0 0.059
334.0 0.046
335.0 0.055999
336.0 0.062
337.0 0.054
338.0 0.051
339.0 0.059
340.0 0.039
341.0 0.042
342.0 0.047
343.0 0.041
344.0 0.037
345.0 0.042
346.0 0.051
347.0 0.051
348.0 0.055999
349.0 0.046
350.0 0.045
351.0 0.059
352.0 0.069999
353.0 0.079
354.0 0.098
355.0 0.148
356.0 0.16
357.0 0.212
358.0 0.281
359.0 0.381
360.0 0.526
361.0 0.718
362.0 0.993
363.0 1.384
364.0 1.878
365.0 2.583
366.0 3.456
367.0 4.613
368.0 6.052
369.0 7.771
370.0 9.812999
371.0 12.162
372.0 14.753
373.0 17.557
374.0 20.489
375.0 23.423
376.0 26.326
377.0 29.148
378.0 31.903
379.0 34.521
380.0 36.978
381.0 39.392
382.0 41.711
383.0 44.015
384.0 46.158
385.0 48.096
386.0 49.902
387.0 51.585
388.0 53.186
389.0 54.676
390.0 56.084999
391.0 57.414
392.0 58.674
393.0 59.826
394.0 60.921
395.0 61.891
396.0 62.817
397.0 63.688999
398.0 64.511
399.0 65.263
400.0 65.95
401.0 66.596
402.0 67.215
403.0 67.778
404.0 68.316
405.0 68.809
406.0 69.281
407.0 69.721
408.0 70.152
409.0 70.568
410.0 70.955
411.0 71.352999
412.0 71.706999
413.0 72.075999
414.0 72.411
415.0 72.728
416.0 73.036999
417.0 73.321
418.0 73.597
419.0 73.88
420.0 74.144
421.0 74.365
422.0 74.61
423.0 74.816
424.0 75.019
425.0 75.209999
426.0 75.399
427.0 75.575
428.0 75.739
429.0 75.885
430.0 76.015
431.0 76.143
432.0 76.264
433.0 76.358999
434.0 76.425
435.0 76.508
436.0 76.604
437.0 76.673
438.0 76.749
439.0 76.831
440.0 76.897
441.0 76.985
442.0 77.07
443.0 77.134
444.0 77.251
445.0 77.322
446.0 77.408999
447.0 77.494
448.0 77.577
449.0 77.676
450.0 77.775
451.0 77.869999
452.0 77.979
453.0 78.072
454.0 78.196
455.0 78.281
456.0 78.401
457.0 78.497
458.0 78.595
459.0 78.724
460.0 78.833
461.0 78.944
462.0 79.03
463.0 79.129
464.0 79.226
465.0 79.322999
466.0 79.420999
467.0 79.522
468.0 79.601
469.0 79.682
470.0 79.751
471.0 79.818
472.0 79.949
473.0 79.982
474.0 80.062999
475.0 80.117999
476.0 80.186
477.0 80.222
478.0 80.274999
479.0 80.325
480.0 80.378
481.0 80.408
482.0 80.469
483.0 80.547
484.0 80.572
485.0 80.61
486.0 80.661
487.0 80.679999
488.0 80.73
489.0 80.768
490.0 80.805
491.0 80.836
492.0 80.876
493.0 80.903
494.0 80.94
495.0 80.97
496.0 80.993
497.0 81.037
498.0 81.069
499.0 81.111999
500.0 81.128999
501.0 81.167999
502.0 81.230999
503.0 81.246
504.0 81.291
505.0 81.327
506.0 81.352
507.0 81.393
508.0 81.435
509.0 81.47
510.0 81.506999
511.0 81.548
512.0 81.568
513.0 81.611999
514.0 81.669
515.0 81.682999
516.0 81.718
517.0 81.748
518.0 81.799
519.0 81.811
520.0 81.849
521.0 81.883
522.0 81.905
523.0 81.947
524.0 81.965
525.0 82.012
526.0 82.018
527.0 82.033
528.0 82.052
529.0 82.107
530.0 82.093
531.0 82.125
532.0 82.148
533.0 82.179999
534.0 82.184
535.0 82.206999
536.0 82.235
537.0 82.223
538.0 82.248
539.0 82.265999
540.0 82.267
541.0 82.281
542.0 82.307
543.0 82.309
544.0 82.316
545.0 82.33
546.0 82.339
547.0 82.355999
548.0 82.347
549.0 82.366
550.0 82.379
551.0 82.384
552.0 82.383
553.0 82.392
554.0 82.395
555.0 82.429
556.0 82.435
557.0 82.433
558.0 82.450999
559.0 82.443
560.0 82.449
561.0 82.471
562.0 82.481
563.0 82.508
564.0 82.504
565.0 82.53
566.0 82.562
567.0 82.579
568.0 82.587999
569.0 82.615
570.0 82.652
571.0 82.678
572.0 82.689
573.0 82.730999
574.0 82.768
575.0 82.769
576.0 82.813999
577.0 82.849999
578.0 82.886
579.0 82.911
580.0 82.954
581.0 82.962999
582.0 82.999
583.0 83.011
584.0 83.052
585.0 83.069999
586.0 83.087
587.0 83.108999
588.0 83.125
589.0 83.143999
590.0 83.157
591.0 83.187999
592.0 83.194
593.0 83.226999
594.0 83.236
595.0 83.263
596.0 83.276
597.0 83.3
598.0 83.31
599.0 83.347
600.0 83.369
601.0 83.39
602.0 83.402
603.0 83.422
604.0 83.437
605.0 83.455
606.0 83.46
607.0 83.481
608.0 83.498
609.0 83.509999
610.0 83.517
611.0 83.527
612.0 83.524
613.0 83.529
614.0 83.529
615.0 83.543
616.0 83.545
617.0 83.541
618.0 83.539
619.0 83.528
620.0 83.528
621.0 83.508
622.0 83.505
623.0 83.494
624.0 83.484
625.0 83.474999
626.0 83.474999
627.0 83.434
628.0 83.434
629.0 83.399999
630.0 83.391
631.0 83.372999
632.0 83.34
633.0 83.313999
634.0 83.313999
635.0 83.267
636.0 83.250999
637.0 83.224
638.0 83.203999
639.0 83.178
640.0 83.15
641.0 83.13
642.0 83.104999
643.0 83.072999
644.0 83.037
645.0 83.006999
646.0 82.989999
647.0 82.949
648.0 82.922
649.0 82.892
650.0 82.872999
651.0 82.831999
652.0 82.807
653.0 82.758
654.0 82.74
655.0 82.699
656.0 82.679999
657.0 82.661
658.0 82.616999
659.0 82.593
660.0 82.560999
661.0 82.525
662.0 82.493
663.0 82.479
664.0 82.455999
665.0 82.414
666.0 82.391
667.0 82.375
668.0 82.349999
669.0 82.332
670.0 82.312
671.0 82.274999
672.0 82.246
673.0 82.226
674.0 82.203999
675.0 82.194999
676.0 82.167999
677.0 82.155
678.0 82.119
679.0 82.089
680.0 82.103
681.0 82.08
682.0 82.054
683.0 82.055
684.0 82.048
685.0 82.038
686.0 82.027
687.0 82.008
688.0 81.997
689.0 81.979
690.0 81.967
691.0 81.971
692.0 81.950999
693.0 81.942
694.0 81.946
695.0 81.933
696.0 81.922
697.0 81.928
698.0 81.918
699.0 81.905
700.0 81.904
701.0 81.906
702.0 81.904
703.0 81.905
704.0 81.895
705.0 81.88
706.0 81.891
707.0 81.888
708.0 81.893
709.0 81.893
710.0 81.892
711.0 81.904
712.0 81.887
713.0 81.891
714.0 81.889
715.0 81.896999
716.0 81.901
717.0 81.892
718.0 81.923
719.0 81.899999
720.0 81.905
721.0 81.899999
722.0 81.914
723.0 81.91
724.0 81.896
725.0 81.915
726.0 81.902
727.0 81.903
728.0 81.908
729.0 81.902
730.0 81.899999
731.0 81.908999
732.0 81.91
733.0 81.893
734.0 81.896999
735.0 81.884999
736.0 81.88
737.0 81.882
738.0 81.88
739.0 81.877
740.0 81.864
741.0 81.867
742.0 81.855999
743.0 81.839
744.0 81.855
745.0 81.837999
746.0 81.815
747.0 81.809
748.0 81.816
749.0 81.796
750.0 81.784
751.0 81.776
752.0 81.754
753.0 81.742
754.0 81.730999
755.0 81.709
756.0 81.709
757.0 81.697
758.0 81.685
759.0 81.657
760.0 81.645
761.0 81.614
762.0 81.622
763.0 81.604
764.0 81.581
765.0 81.557
766.0 81.537
767.0 81.521999
768.0 81.508
769.0 81.494
770.0 81.471999
771.0 81.438999
772.0 81.406
773.0 81.406
774.0 81.372
775.0 81.325
776.0 81.311
777.0 81.258
778.0 81.233
779.0 81.191999
780.0 81.167999
781.0 81.148
782.0 81.159
783.0 81.144
784.0 81.138
785.0 81.12
786.0 81.111999
787.0 81.096
788.0 81.056
789.0 81.045999
790.0 81.014
791.0 80.979999
792.0 80.977
793.0 80.932999
794.0 80.914
795.0 80.887
796.0 80.872999
797.0 80.833
798.0 80.809
799.0 80.791
800.0 80.774
801.0 80.735999
802.0 80.718999
803.0 80.678
804.0 80.659
805.0 80.632
806.0 80.611999
807.0 80.583
808.0 80.554
809.0 80.542999
810.0 80.51
811.0 80.483
812.0 80.462
813.0 80.447999
814.0 80.425
815.0 80.402
816.0 80.375
817.0 80.367
818.0 80.337999
819.0 80.313
820.0 80.296
821.0 80.274
822.0 80.267
823.0 80.241
824.0 80.23
825.0 80.212999
826.0 80.188999
827.0 80.174
828.0 80.152999
829.0 80.148
830.0 80.107
831.0 80.092
832.0 80.078999
833.0 80.057
834.0 80.074
835.0 80.044
836.0 80.029
837.0 80.006999
838.0 80.001
839.0 79.967999
840.0 79.962
841.0 79.932999
842.0 79.918
843.0 79.92
844.0 79.919
845.0 79.881999
846.0 79.864999
847.0 79.866
848.0 79.855
849.0 79.845999
850.0 79.824
851.0 79.825999
852.0 79.817
853.0 79.798
854.0 79.789
855.0 79.779
856.0 79.755
857.0 79.741
858.0 79.746
859.0 79.723
860.0 79.714
861.0 79.715999
862.0 79.69
863.0 79.679
864.0 79.675
865.0 79.654
866.0 79.657
867.0 79.655
868.0 79.648
869.0 79.635
870.0 79.616
871.0 79.605999
872.0 79.612
873.0 79.588
874.0 79.557999
875.0 79.578999
876.0 79.556
877.0 79.547
878.0 79.534
879.0 79.521
880.0 79.523
881.0 79.491999
882.0 79.458
883.0 79.459999
884.0 79.427
885.0 79.429
886.0 79.396
887.0 79.372
888.0 79.371
889.0 79.346999
890.0 79.346999
891.0 79.337
892.0 79.317
893.0 79.329
894.0 79.293
895.0 79.307
896.0 79.29
897.0 79.283999
898.0 79.279
899.0 79.271
900.0 79.249
901.0 79.235
902.0 79.247
903.0 79.247
904.0 79.224999
905.0 79.245
906.0 79.224999
907.0 79.245
908.0 79.271999
909.0 79.257
910.0 79.254
911.0 79.274
912.0 79.271999
913.0 79.295
914.0 79.29
915.0 79.289
916.0 79.3
917.0 79.301
918.0 79.283999
919.0 79.274999
920.0 79.301999
921.0 79.282
922.0 79.285
923.0 79.269
924.0 79.269
925.0 79.264
926.0 79.262
927.0 79.217
928.0 79.223
929.0 79.212
930.0 79.195
931.0 79.181
932.0 79.175
933.0 79.152
934.0 79.129
935.0 79.136
936.0 79.12
937.0 79.093999
938.0 79.081999
939.0 79.077
940.0 79.038
941.0 79.027999
942.0 79.0
943.0 78.973
944.0 78.979
945.0 78.964
946.0 78.920999
947.0 78.912
948.0 78.905999
949.0 78.849
950.0 78.832
951.0 78.818999
952.0 78.809
953.0 78.785
954.0 78.759999
955.0 78.747999
956.0 78.739999
957.0 78.7
958.0 78.668
959.0 78.661999
960.0 78.633
961.0 78.642
962.0 78.617999
963.0 78.607
964.0 78.578
965.0 78.551
966.0 78.546
967.0 78.533
968.0 78.502
969.0 78.494
970.0 78.483
971.0 78.455
972.0 78.42
973.0 78.405
974.0 78.393
975.0 78.339
976.0 78.357
977.0 78.34
978.0 78.307
979.0 78.303
980.0 78.234
981.0 78.242
982.0 78.232
983.0 78.164
984.0 78.157
985.0 78.129
986.0 78.119
987.0 78.076
988.0 78.071
989.0 78.051999
990.0 78.042999
991.0 78.02
992.0 77.996
993.0 77.973
994.0 77.968
995.0 77.913
996.0 77.904
997.0 77.888
998.0 77.864
999.0 77.864999
1000.0 77.856
1001.0 77.830999
1002.0 77.834999
1003.0 77.783999
1004.0 77.795999
1005.0 77.783
1006.0 77.752
1007.0 77.762
1008.0 77.715
1009.0 77.719
1010.0 77.685999
1011.0 77.683
1012.0 77.666
1013.0 77.661999
1014.0 77.637
1015.0 77.632
1016.0 77.636
1017.0 77.602999
1018.0 77.554999
1019.0 77.554999
1020.0 77.542
1021.0 77.539
1022.0 77.517
1023.0 77.503999
1024.0 77.486999
1025.0 77.495
1026.0 77.449
1027.0 77.452
1028.0 77.413
1029.0 77.422
1030.0 77.41
1031.0 77.414
1032.0 77.429999
1033.0 77.398
1034.0 77.384
1035.0 77.391
1036.0 77.361
1037.0 77.383
1038.0 77.331
1039.0 77.336
1040.0 77.364999
1041.0 77.352
1042.0 77.33
1043.0 77.334
1044.0 77.337999
1045.0 77.336
1046.0 77.337
1047.0 77.304
1048.0 77.3
1049.0 77.3
1050.0 77.292
1051.0 77.275
1052.0 77.258
1053.0 77.293
1054.0 77.295999
1055.0 77.289
1056.0 77.305
1057.0 77.271999
1058.0 77.303
1059.0 77.322
1060.0 77.305
1061.0 77.279
1062.0 77.275
1063.0 77.275
1064.0 77.264
1065.0 77.253
1066.0 77.269
1067.0 77.273
1068.0 77.27
1069.0 77.25
1070.0 77.227999
1071.0 77.263
1072.0 77.226
1073.0 77.259
1074.0 77.294
1075.0 77.257
1076.0 77.259
1077.0 77.253
1078.0 77.292
1079.0 77.288
1080.0 77.357
1081.0 77.342999
1082.0 77.331
1083.0 77.342999
1084.0 77.319999
1085.0 77.337
1086.0 77.337
1087.0 77.336
1088.0 77.36
1089.0 77.283999
1090.0 77.342999
1091.0 77.354999
1092.0 77.325
1093.0 77.393999
1094.0 77.358999
1095.0 77.337999
1096.0 77.405999
1097.0 77.364999
1098.0 77.456999
1099.0 77.459
1100.0 77.452
