190.0 0.083
191.0 0.139
192.0 0.046
193.0 0.092
194.0 0.058
195.0 0.080999
196.0 0.061
197.0 0.034
198.0 0.06
199.0 0.047
200.0 0.019
201.0 0.038
202.0 0.055999
203.0 0.05
204.0 0.032
205.0 0.033
206.0 0.035
207.0 0.037
208.0 0.027
209.0 0.029
210.0 0.03
211.0 0.05
212.0 0.036
213.0 0.018
214.0 0.039
215.0 0.023
216.0 0.018
217.0 0.023
218.0 0.027
219.0 0.045
220.0 0.013
221.0 0.037
222.0 0.026
223.0 0.023
224.0 0.022
225.0 0.025
226.0 0.026
227.0 0.034
228.0 0.029
229.0 0.014
230.0 0.029
231.0 0.02
232.0 0.022
233.0 0.028
234.0 0.024
235.0 0.029
236.0 0.016
237.0 0.018
238.0 0.017
239.0 0.015
240.0 0.024
241.0 0.021
242.0 0.025
243.0 0.035
244.0 0.021
245.0 0.015
246.0 0.025
247.0 0.022
248.0 0.022
249.0 0.027
250.0 0.023
251.0 0.05
252.0 0.029
253.0 0.033
254.0 0.025
255.0 0.033
256.0 0.021
257.0 0.026
258.0 0.017
259.0 0.052
260.0 0.04
261.0 0.029
262.0 0.032
263.0 0.033
264.0 0.047
265.0 0.029
266.0 0.053
267.0 0.053
268.0 0.032
269.0 0.023
270.0 0.046
271.0 0.038
272.0 0.02
273.0 0.03
274.0 0.055
275.0 0.075
276.0 0.042
277.0 0.035
278.0 0.024
279.0 0.041
280.0 0.042
281.0 0.033
282.0 0.069999
283.0 0.067
284.0 0.054
285.0 0.052
286.0 0.021
287.0 0.06
288.0 0.049
289.0 0.028
290.0 0.044
291.0 0.098
292.0 0.058
293.0 0.052
294.0 0.048
295.0 0.049
296.0 0.048
297.0 0.041
298.0 0.055
299.0 0.091
300.0 0.046
301.0 0.053
302.0 0.038
303.0 0.068
304.0 0.057
305.0 0.055
306.0 0.069999
307.0 0.075
308.0 0.064
309.0 0.053
310.0 0.058
311.0 0.067
312.0 0.067
313.0 0.055
314.0 0.058
315.0 0.115
316.0 0.073
317.0 0.052
318.0 0.055
319.0 0.077
320.0 0.059
321.0 0.082
322.0 0.077
323.0 0.105
324.0 0.095
325.0 0.051
326.0 0.101
327.0 0.078
328.0 0.097
329.0 0.074
330.0 0.102
331.0 0.088
332.0 0.103
333.0 0.102
334.0 0.108
335.0 0.096
336.0 0.091
337.0 0.107
338.0 0.119
339.0 0.127
340.0 0.124
341.0 0.147
342.0 0.16
343.0 0.174
344.0 0.193
345.0 0.234
346.0 0.274
347.0 0.313
348.0 0.362
349.0 0.429
350.0 0.504
351.0 0.61
352.0 0.754
353.0 0.919999
354.0 1.125
355.0 1.406
356.0 1.743
357.0 2.158
358.0 2.696
359.0 3.354
360.0 4.159
361.0 5.147
362.0 6.357
363.0 7.757
364.0 9.388999
365.0 11.262
366.0 13.395
367.0 15.734
368.0 18.279
369.0 20.931
370.0 23.652
371.0 26.355
372.0 28.988
373.0 31.515
374.0 33.945
375.0 36.202
376.0 38.331
377.0 40.378
378.0 42.386
379.0 44.362
380.0 46.328
381.0 48.278
382.0 50.248
383.0 52.397
384.0 54.478
385.0 56.477999
386.0 58.465
387.0 60.434
388.0 62.357
389.0 64.188
390.0 65.944
391.0 67.584
392.0 69.127
393.0 70.55
394.0 71.822
395.0 72.984
396.0 74.024999
397.0 74.907
398.0 75.643
399.0 76.239
400.0 76.731
401.0 77.081
402.0 77.319
403.0 77.476999
404.0 77.541
405.0 77.52
406.0 77.444
407.0 77.310999
408.0 77.13
409.0 76.884
410.0 76.652
411.0 76.371
412.0 76.086
413.0 75.794
414.0 75.516
415.0 75.227
416.0 74.973
417.0 74.733999
418.0 74.521
419.0 74.322
420.0 74.167
421.0 74.028
422.0 73.94
423.0 73.863999
424.0 73.85
425.0 73.853
426.0 73.883
427.0 73.934
428.0 74.09
429.0 74.199
430.0 74.378999
431.0 74.583999
432.0 74.827999
433.0 75.069
434.0 75.374
435.0 75.672
436.0 76.063
437.0 76.398
438.0 76.792
439.0 77.188999
440.0 77.61
441.0 78.074
442.0 78.553
443.0 79.023
444.0 79.508
445.0 79.979999
446.0 80.473
447.0 80.974
448.0 81.449
449.0 81.938
450.0 82.405
451.0 82.840999
452.0 83.328
453.0 83.732
454.0 84.17
455.0 84.577
456.0 84.953
457.0 85.318
458.0 85.668
459.0 85.967
460.0 86.246
461.0 86.496
462.0 86.723
463.0 86.923
464.0 87.114
465.0 87.26
466.0 87.374
467.0 87.456
468.0 87.492
469.0 87.538
470.0 87.569
471.0 87.575
472.0 87.495
473.0 87.452
474.0 87.367999
475.0 87.255
476.0 87.161
477.0 87.002
478.0 86.858
479.0 86.681
480.0 86.504
481.0 86.284
482.0 86.068999
483.0 85.83
484.0 85.607999
485.0 85.354
486.0 85.095
487.0 84.816
488.0 84.54
489.0 84.285
490.0 84.023
491.0 83.751
492.0 83.453999
493.0 83.169
494.0 82.919
495.0 82.637
496.0 82.364999
497.0 82.105999
498.0 81.83
499.0 81.579
500.0 81.32
501.0 81.083
502.0 80.842
503.0 80.617
504.0 80.384999
505.0 80.182
506.0 79.958
507.0 79.779
508.0 79.598
509.0 79.419
510.0 79.255
511.0 79.122
512.0 78.955
513.0 78.84
514.0 78.705
515.0 78.625
516.0 78.522
517.0 78.428
518.0 78.358
519.0 78.306
520.0 78.235
521.0 78.200999
522.0 78.196
523.0 78.176999
524.0 78.158
525.0 78.179
526.0 78.196
527.0 78.226
528.0 78.252
529.0 78.293
530.0 78.366
531.0 78.447
532.0 78.517
533.0 78.605
534.0 78.715999
535.0 78.813999
536.0 78.918
537.0 79.046
538.0 79.212
539.0 79.337
540.0 79.486
541.0 79.652999
542.0 79.793
543.0 79.971999
544.0 80.151
545.0 80.334
546.0 80.503999
547.0 80.69
548.0 80.894
549.0 81.089
550.0 81.311
551.0 81.502
552.0 81.732
553.0 81.943
554.0 82.169
555.0 82.367
556.0 82.616
557.0 82.825999
558.0 83.05
559.0 83.261
560.0 83.489
561.0 83.728
562.0 83.958
563.0 84.186
564.0 84.399
565.0 84.617
566.0 84.831
567.0 85.06
568.0 85.276
569.0 85.491
570.0 85.697
571.0 85.91
572.0 86.124
573.0 86.325
574.0 86.492999
575.0 86.681
576.0 86.866
577.0 87.056
578.0 87.226
579.0 87.398
580.0 87.56
581.0 87.705
582.0 87.861
583.0 88.005
584.0 88.13
585.0 88.264
586.0 88.384
587.0 88.502
588.0 88.619
589.0 88.721
590.0 88.829
591.0 88.92
592.0 89.006
593.0 89.087
594.0 89.144
595.0 89.209999
596.0 89.266
597.0 89.310999
598.0 89.353
599.0 89.392
600.0 89.408
601.0 89.432
602.0 89.432
603.0 89.432999
604.0 89.42
605.0 89.399
606.0 89.373
607.0 89.339
608.0 89.293
609.0 89.259
610.0 89.202
611.0 89.146999
612.0 89.075
613.0 88.997
614.0 88.929
615.0 88.837999
616.0 88.777
617.0 88.664
618.0 88.566999
619.0 88.46
620.0 88.346
621.0 88.243
622.0 88.108
623.0 88.004
624.0 87.874
625.0 87.753
626.0 87.598
627.0 87.471
628.0 87.325
629.0 87.191
630.0 87.033
631.0 86.897
632.0 86.733
633.0 86.592
634.0 86.434
635.0 86.286
636.0 86.105
637.0 85.96
638.0 85.792
639.0 85.646
640.0 85.476
641.0 85.316
642.0 85.143999
643.0 84.98
644.0 84.831
645.0 84.643
646.0 84.479
647.0 84.336999
648.0 84.163
649.0 83.997999
650.0 83.843
651.0 83.685
652.0 83.536
653.0 83.355999
654.0 83.209999
655.0 83.045
656.0 82.884
657.0 82.733
658.0 82.584
659.0 82.446
660.0 82.277
661.0 82.143999
662.0 81.998
663.0 81.863
664.0 81.714
665.0 81.569999
666.0 81.411
667.0 81.298999
668.0 81.163
669.0 81.039
670.0 80.923
671.0 80.771
672.0 80.675
673.0 80.535
674.0 80.420999
675.0 80.319
676.0 80.198
677.0 80.078999
678.0 79.99
679.0 79.88
680.0 79.768
681.0 79.667
682.0 79.574999
683.0 79.486999
684.0 79.367
685.0 79.303
686.0 79.217
687.0 79.136
688.0 79.06
689.0 78.995
690.0 78.927
691.0 78.854
692.0 78.78
693.0 78.72
694.0 78.673
695.0 78.616
696.0 78.554999
697.0 78.505
698.0 78.461
699.0 78.408
700.0 78.379
701.0 78.348
702.0 78.302
703.0 78.253
704.0 78.249
705.0 78.208
706.0 78.194
707.0 78.167
708.0 78.137999
709.0 78.128
710.0 78.104
711.0 78.110999
712.0 78.096
713.0 78.078
714.0 78.078999
715.0 78.068
716.0 78.076
717.0 78.077
718.0 78.092
719.0 78.086999
720.0 78.098999
721.0 78.097
722.0 78.125999
723.0 78.143
724.0 78.158
725.0 78.182
726.0 78.2
727.0 78.244
728.0 78.257
729.0 78.282
730.0 78.32
731.0 78.337999
732.0 78.379
733.0 78.417
734.0 78.443
735.0 78.483
736.0 78.527999
737.0 78.564
738.0 78.617
739.0 78.678
740.0 78.712
741.0 78.759999
742.0 78.825
743.0 78.871
744.0 78.917
745.0 78.99
746.0 79.049
747.0 79.090999
748.0 79.156
749.0 79.208
750.0 79.28
751.0 79.334
752.0 79.408999
753.0 79.452
754.0 79.542
755.0 79.599
756.0 79.675
757.0 79.739999
758.0 79.834
759.0 79.896
760.0 79.947999
761.0 80.026
762.0 80.125
763.0 80.176
764.0 80.261
765.0 80.352
766.0 80.414
767.0 80.491
768.0 80.566
769.0 80.659
770.0 80.714
771.0 80.813
772.0 80.878
773.0 80.977
774.0 81.06
775.0 81.137
776.0 81.211999
777.0 81.289999
778.0 81.372999
779.0 81.449
780.0 81.545999
781.0 81.626
782.0 81.697
783.0 81.761
784.0 81.852999
785.0 81.932
786.0 81.997
787.0 82.075
788.0 82.16
789.0 82.236
790.0 82.336
791.0 82.425
792.0 82.514
793.0 82.596999
794.0 82.675
795.0 82.761
796.0 82.839
797.0 82.922
798.0 83.008
799.0 83.060999
800.0 83.136
801.0 83.24
802.0 83.315
803.0 83.405
804.0 83.477
805.0 83.521999
806.0 83.616999
807.0 83.691
808.0 83.762
809.0 83.86
810.0 83.919
811.0 83.986
812.0 84.057999
813.0 84.116999
814.0 84.182999
815.0 84.263
816.0 84.311
817.0 84.387999
818.0 84.458999
819.0 84.524
820.0 84.578
821.0 84.646
822.0 84.712
823.0 84.761
824.0 84.819
825.0 84.872
826.0 84.929
827.0 84.985999
828.0 85.042
829.0 85.096999
830.0 85.145
831.0 85.197
832.0 85.247
833.0 85.286
834.0 85.333
835.0 85.386
836.0 85.422
837.0 85.485999
838.0 85.517
839.0 85.565
840.0 85.574
841.0 85.641
842.0 85.669
843.0 85.694
844.0 85.724
845.0 85.756
846.0 85.826
847.0 85.831
848.0 85.855999
849.0 85.894
850.0 85.904
851.0 85.938999
852.0 85.964
853.0 85.997
854.0 86.005
855.0 86.02
856.0 86.059
857.0 86.035
858.0 86.068999
859.0 86.071
860.0 86.105
861.0 86.090999
862.0 86.086
863.0 86.119
864.0 86.131
865.0 86.114999
866.0 86.125
867.0 86.136
868.0 86.145
869.0 86.152
870.0 86.123
871.0 86.125
872.0 86.107
873.0 86.119
874.0 86.101
875.0 86.104
876.0 86.075
877.0 86.066
878.0 86.072
879.0 86.047
880.0 86.046
881.0 86.023
882.0 86.028
883.0 86.011
884.0 85.972
885.0 85.977999
886.0 85.941999
887.0 85.944
888.0 85.926
889.0 85.884
890.0 85.873
891.0 85.84
892.0 85.840999
893.0 85.798
894.0 85.768
895.0 85.739
896.0 85.717
897.0 85.667
898.0 85.65
899.0 85.61
900.0 85.558
901.0 85.504
902.0 85.514
903.0 85.441
904.0 85.417
905.0 85.369
906.0 85.349
907.0 85.28
908.0 85.241999
909.0 85.199
910.0 85.143
911.0 85.099999
912.0 85.066
913.0 85.021999
914.0 84.962
915.0 84.932
916.0 84.875999
917.0 84.831999
918.0 84.792999
919.0 84.74
920.0 84.694999
921.0 84.657
922.0 84.587
923.0 84.560999
924.0 84.497
925.0 84.458999
926.0 84.392
927.0 84.339
928.0 84.284
929.0 84.238
930.0 84.206999
931.0 84.13
932.0 84.082
933.0 84.009
934.0 83.980999
935.0 83.916
936.0 83.831999
937.0 83.801
938.0 83.752
939.0 83.664
940.0 83.628
941.0 83.571
942.0 83.494999
943.0 83.428
944.0 83.393
945.0 83.340999
946.0 83.255
947.0 83.202
948.0 83.16
949.0 83.099999
950.0 83.048
951.0 82.977
952.0 82.899999
953.0 82.813999
954.0 82.756
955.0 82.72
956.0 82.638
957.0 82.587
958.0 82.54
959.0 82.461
960.0 82.43
961.0 82.378
962.0 82.306
963.0 82.252
964.0 82.187
965.0 82.138
966.0 82.074
967.0 81.989
968.0 81.934
969.0 81.901
970.0 81.837999
971.0 81.762999
972.0 81.715999
973.0 81.651
974.0 81.588
975.0 81.535
976.0 81.474
977.0 81.420999
978.0 81.34
979.0 81.286999
980.0 81.253
981.0 81.176999
982.0 81.148
983.0 81.089999
984.0 81.06
985.0 80.965
986.0 80.942
987.0 80.878
988.0 80.818
989.0 80.78
990.0 80.697
991.0 80.633
992.0 80.596999
993.0 80.55
994.0 80.491
995.0 80.414
996.0 80.396999
997.0 80.304
998.0 80.239
999.0 80.196
1000.0 80.15
1001.0 80.089
1002.0 80.022
1003.0 79.979
1004.0 79.944
1005.0 79.896999
1006.0 79.832
1007.0 79.806
1008.0 79.762999
1009.0 79.702
1010.0 79.644
1011.0 79.590999
1012.0 79.538
1013.0 79.496
1014.0 79.443
1015.0 79.388
1016.0 79.346999
1017.0 79.317
1018.0 79.262
1019.0 79.206
1020.0 79.168
1021.0 79.133
1022.0 79.093
1023.0 79.041
1024.0 78.966
1025.0 78.918
1026.0 78.886
1027.0 78.828
1028.0 78.773
1029.0 78.747999
1030.0 78.702
1031.0 78.654
1032.0 78.631
1033.0 78.590999
1034.0 78.569999
1035.0 78.532
1036.0 78.471999
1037.0 78.422
1038.0 78.405999
1039.0 78.361999
1040.0 78.327
1041.0 78.316
1042.0 78.242
1043.0 78.215999
1044.0 78.211
1045.0 78.149999
1046.0 78.125
1047.0 78.097
1048.0 78.054
1049.0 78.033
1050.0 78.006
1051.0 77.926
1052.0 77.932
1053.0 77.898
1054.0 77.856
1055.0 77.817
1056.0 77.786
1057.0 77.786
1058.0 77.777
1059.0 77.727
1060.0 77.673999
1061.0 77.653
1062.0 77.610999
1063.0 77.628
1064.0 77.59
1065.0 77.544
1066.0 77.554
1067.0 77.508
1068.0 77.432
1069.0 77.44
1070.0 77.398
1071.0 77.389
1072.0 77.345
1073.0 77.342
1074.0 77.288
1075.0 77.295999
1076.0 77.262
1077.0 77.193
1078.0 77.239999
1079.0 77.188
1080.0 77.197999
1081.0 77.197999
1082.0 77.223
1083.0 77.176999
1084.0 77.113
1085.0 77.183
1086.0 77.069
1087.0 77.124
1088.0 77.038
1089.0 77.096
1090.0 77.051999
1091.0 77.039999
1092.0 77.066
1093.0 76.968
1094.0 76.980999
1095.0 76.979
1096.0 76.963
1097.0 76.949
1098.0 76.928
1099.0 77.025
1100.0 76.952
