190.0 0.014
191.0 0.095
192.0 0.038
193.0 0.055
194.0 0.039
195.0 0.059
196.0 0.023
197.0 0.019
198.0 0.031
199.0 0.018
200.0 0.015
201.0 0.017
202.0 0.025
203.0 0.034
204.0 0.016
205.0 0.012
206.0 0.034
207.0 0.009
208.0 0.033
209.0 0.012
210.0 0.023
211.0 0.039
212.0 0.016
213.0 0.039
214.0 0.029
215.0 0.019
216.0 0.0
217.0 0.018
218.0 0.032
219.0 0.025
220.0 0.014
221.0 0.013
222.0 0.014
223.0 0.029
224.0 0.026
225.0 0.006
226.0 0.017
227.0 0.021
228.0 0.006
229.0 0.009
230.0 0.006
231.0 0.011
232.0 0.018
233.0 0.014
234.0 0.015
235.0 0.022
236.0 0.008
237.0 -0.001
238.0 0.015
239.0 0.019
240.0 0.011
241.0 0.019
242.0 0.008
243.0 0.025
244.0 0.016
245.0 0.011
246.0 0.014
247.0 0.006999
248.0 0.011
249.0 0.008
250.0 0.006999
251.0 0.026
252.0 0.016
253.0 0.012
254.0 0.003
255.0 0.006999
256.0 0.008
257.0 0.01
258.0 0.017
259.0 0.042
260.0 0.027
261.0 0.014
262.0 0.024
263.0 0.024
264.0 0.008
265.0 0.023
266.0 0.045
267.0 0.028
268.0 0.001
269.0 0.035
270.0 0.029
271.0 0.015
272.0 0.03
273.0 0.015
274.0 0.023
275.0 0.053
276.0 0.028
277.0 0.035
278.0 0.032
279.0 0.013
280.0 0.013
281.0 0.041
282.0 0.038
283.0 0.014
284.0 0.028
285.0 0.005
286.0 0.042
287.0 0.022
288.0 0.046
289.0 0.025
290.0 0.027
291.0 0.037
292.0 0.054
293.0 0.018
294.0 0.008
295.0 0.042
296.0 0.037
297.0 0.021
298.0 0.025
299.0 0.048
300.0 0.012
301.0 0.032
302.0 -0.017
303.0 0.013
304.0 0.03
305.0 0.04
306.0 0.029
307.0 0.065
308.0 0.041
309.0 0.048
310.0 0.018
311.0 0.043
312.0 0.029
313.0 0.046
314.0 0.061
315.0 0.093
316.0 0.041
317.0 0.055999
318.0 0.048
319.0 0.055999
320.0 0.066
321.0 0.061
322.0 0.064
323.0 0.066
324.0 0.057
325.0 0.080999
326.0 0.05
327.0 0.055
328.0 0.074
329.0 0.03
330.0 0.074
331.0 0.088
332.0 0.066
333.0 0.069999
334.0 0.096
335.0 0.083
336.0 0.102
337.0 0.093
338.0 0.113
339.0 0.128
340.0 0.126
341.0 0.146
342.0 0.136
343.0 0.176
344.0 0.175
345.0 0.224
346.0 0.241
347.0 0.302
348.0 0.342
349.0 0.41
350.0 0.482
351.0 0.575
352.0 0.702
353.0 0.859
354.0 1.055
355.0 1.323
356.0 1.617
357.0 2.006
358.0 2.493
359.0 3.114
360.0 3.849
361.0 4.779
362.0 5.877
363.0 7.187
364.0 8.699
365.0 10.454
366.0 12.435
367.0 14.638
368.0 17.071
369.0 19.614
370.0 22.278
371.0 25.004
372.0 27.702
373.0 30.325
374.0 32.906
375.0 35.366
376.0 37.743
377.0 40.056
378.0 42.315
379.0 44.523
380.0 46.644
381.0 48.75
382.0 50.833
383.0 52.959
384.0 55.045999
385.0 56.95
386.0 58.789
387.0 60.55
388.0 62.218
389.0 63.763
390.0 65.198
391.0 66.509
392.0 67.691999
393.0 68.762
394.0 69.717
395.0 70.581
396.0 71.331
397.0 71.98
398.0 72.521999
399.0 72.982
400.0 73.345
401.0 73.631999
402.0 73.862
403.0 74.027
404.0 74.146
405.0 74.212
406.0 74.224999
407.0 74.211
408.0 74.199
409.0 74.161
410.0 74.086
411.0 73.997999
412.0 73.924
413.0 73.838
414.0 73.775
415.0 73.702
416.0 73.643
417.0 73.614
418.0 73.613
419.0 73.63
420.0 73.657
421.0 73.711
422.0 73.789
423.0 73.906
424.0 74.045
425.0 74.182
426.0 74.392
427.0 74.58
428.0 74.849
429.0 75.078
430.0 75.327
431.0 75.645
432.0 75.934
433.0 76.256
434.0 76.596
435.0 76.939
436.0 77.333
437.0 77.664
438.0 78.048
439.0 78.443
440.0 78.821
441.0 79.229
442.0 79.640999
443.0 80.026
444.0 80.43
445.0 80.789
446.0 81.162
447.0 81.53
448.0 81.898
449.0 82.233999
450.0 82.556
451.0 82.851
452.0 83.138
453.0 83.389
454.0 83.665
455.0 83.875999
456.0 84.099999
457.0 84.277999
458.0 84.468
459.0 84.611999
460.0 84.745
461.0 84.813
462.0 84.91
463.0 84.972
464.0 85.026
465.0 85.024
466.0 85.014
467.0 85.012
468.0 84.948
469.0 84.89
470.0 84.857
471.0 84.776
472.0 84.657
473.0 84.524999
474.0 84.409
475.0 84.267
476.0 84.147
477.0 83.980999
478.0 83.825
479.0 83.647
480.0 83.473
481.0 83.295
482.0 83.098
483.0 82.894
484.0 82.694
485.0 82.479
486.0 82.287
487.0 82.065
488.0 81.818
489.0 81.655999
490.0 81.427
491.0 81.22
492.0 81.005
493.0 80.785
494.0 80.611
495.0 80.408999
496.0 80.223
497.0 80.025
498.0 79.847
499.0 79.681
500.0 79.493
501.0 79.332
502.0 79.199
503.0 79.035
504.0 78.892
505.0 78.778
506.0 78.636
507.0 78.545
508.0 78.44
509.0 78.34
510.0 78.274
511.0 78.166
512.0 78.116
513.0 78.057
514.0 78.011
515.0 77.988
516.0 77.964
517.0 77.952999
518.0 77.94
519.0 77.947
520.0 77.949
521.0 77.988
522.0 78.014
523.0 78.081999
524.0 78.119
525.0 78.176999
526.0 78.233
527.0 78.33
528.0 78.401
529.0 78.502
530.0 78.619
531.0 78.712999
532.0 78.837999
533.0 78.937
534.0 79.092
535.0 79.215
536.0 79.367
537.0 79.503
538.0 79.697
539.0 79.849
540.0 80.018
541.0 80.182
542.0 80.351
543.0 80.538
544.0 80.718
545.0 80.918
546.0 81.088
547.0 81.28
548.0 81.47
549.0 81.661
550.0 81.861999
551.0 82.047
552.0 82.265
553.0 82.447999
554.0 82.662
555.0 82.836
556.0 83.038
557.0 83.209999
558.0 83.422
559.0 83.608
560.0 83.787
561.0 83.992999
562.0 84.175
563.0 84.343
564.0 84.541
565.0 84.682999
566.0 84.882
567.0 85.054
568.0 85.227
569.0 85.387
570.0 85.536
571.0 85.692
572.0 85.834
573.0 85.98
574.0 86.109
575.0 86.227
576.0 86.362
577.0 86.489999
578.0 86.604
579.0 86.728
580.0 86.811
581.0 86.907
582.0 87.007
583.0 87.081
584.0 87.151
585.0 87.228
586.0 87.287
587.0 87.338
588.0 87.405999
589.0 87.444
590.0 87.492999
591.0 87.542
592.0 87.565
593.0 87.587
594.0 87.607
595.0 87.601
596.0 87.625
597.0 87.619
598.0 87.607
599.0 87.614
600.0 87.583999
601.0 87.57
602.0 87.518
603.0 87.485999
604.0 87.448
605.0 87.393
606.0 87.345
607.0 87.282
608.0 87.205999
609.0 87.142
610.0 87.047
611.0 86.985999
612.0 86.895
613.0 86.792999
614.0 86.712
615.0 86.611999
616.0 86.527
617.0 86.421
618.0 86.307999
619.0 86.18
620.0 86.084999
621.0 85.962
622.0 85.83
623.0 85.716
624.0 85.580999
625.0 85.450999
626.0 85.33
627.0 85.19
628.0 85.033999
629.0 84.913
630.0 84.769
631.0 84.631
632.0 84.491
633.0 84.352999
634.0 84.205
635.0 84.062
636.0 83.911999
637.0 83.767
638.0 83.616
639.0 83.486999
640.0 83.348999
641.0 83.181
642.0 83.038
643.0 82.894
644.0 82.764
645.0 82.603
646.0 82.447
647.0 82.325
648.0 82.186
649.0 82.033
650.0 81.901
651.0 81.758
652.0 81.628
653.0 81.488
654.0 81.345999
655.0 81.230999
656.0 81.091
657.0 80.962999
658.0 80.828999
659.0 80.703
660.0 80.577
661.0 80.453
662.0 80.359
663.0 80.217
664.0 80.103
665.0 79.996
666.0 79.864
667.0 79.771999
668.0 79.65
669.0 79.551
670.0 79.459999
671.0 79.339
672.0 79.264
673.0 79.149
674.0 79.073
675.0 78.978
676.0 78.9
677.0 78.8
678.0 78.715
679.0 78.634
680.0 78.554999
681.0 78.499
682.0 78.401
683.0 78.315
684.0 78.264
685.0 78.199
686.0 78.148
687.0 78.084
688.0 78.035
689.0 77.976
690.0 77.932999
691.0 77.881
692.0 77.836
693.0 77.798
694.0 77.779
695.0 77.722
696.0 77.697
697.0 77.667
698.0 77.643
699.0 77.607
700.0 77.595
701.0 77.583
702.0 77.554
703.0 77.539999
704.0 77.526
705.0 77.522
706.0 77.517
707.0 77.509
708.0 77.5
709.0 77.497
710.0 77.497
711.0 77.515
712.0 77.517
713.0 77.524
714.0 77.526
715.0 77.551
716.0 77.563999
717.0 77.566999
718.0 77.614
719.0 77.62
720.0 77.635
721.0 77.661
722.0 77.692
723.0 77.73
724.0 77.745
725.0 77.776
726.0 77.805
727.0 77.866999
728.0 77.88
729.0 77.932999
730.0 77.963
731.0 78.006
732.0 78.059
733.0 78.098999
734.0 78.144
735.0 78.187
736.0 78.25
737.0 78.288
738.0 78.341
739.0 78.413
740.0 78.447
741.0 78.513
742.0 78.569
743.0 78.613
744.0 78.683
745.0 78.753
746.0 78.813999
747.0 78.872
748.0 78.931
749.0 78.994
750.0 79.057999
751.0 79.132
752.0 79.191999
753.0 79.258
754.0 79.334
755.0 79.396999
756.0 79.466
757.0 79.541
758.0 79.62
759.0 79.679
760.0 79.75
761.0 79.822999
762.0 79.91
763.0 79.961
764.0 80.041
765.0 80.131
766.0 80.208
767.0 80.268
768.0 80.328999
769.0 80.423
770.0 80.486
771.0 80.561
772.0 80.648
773.0 80.71
774.0 80.803
775.0 80.875
776.0 80.947999
777.0 81.013
778.0 81.089999
779.0 81.162
780.0 81.248
781.0 81.308
782.0 81.374
783.0 81.431
784.0 81.527
785.0 81.589
786.0 81.644
787.0 81.717
788.0 81.789999
789.0 81.876
790.0 81.943
791.0 82.024
792.0 82.104999
793.0 82.167999
794.0 82.246
795.0 82.334
796.0 82.389
797.0 82.471999
798.0 82.539
799.0 82.568
800.0 82.640999
801.0 82.733999
802.0 82.777
803.0 82.851
804.0 82.921
805.0 82.969
806.0 83.035
807.0 83.104
808.0 83.157
809.0 83.208
810.0 83.246
811.0 83.334
812.0 83.387999
813.0 83.437
814.0 83.477
815.0 83.552
816.0 83.595
817.0 83.631
818.0 83.691999
819.0 83.733
820.0 83.773
821.0 83.851
822.0 83.887999
823.0 83.932
824.0 83.977
825.0 84.001
826.0 84.057
827.0 84.087
828.0 84.147
829.0 84.157
830.0 84.188
831.0 84.252
832.0 84.277999
833.0 84.298
834.0 84.336
835.0 84.363999
836.0 84.399
837.0 84.411999
838.0 84.432
839.0 84.469
840.0 84.482
841.0 84.526
842.0 84.555
843.0 84.548999
844.0 84.577
845.0 84.611
846.0 84.637
847.0 84.625
848.0 84.639
849.0 84.665
850.0 84.669
851.0 84.667
852.0 84.69
853.0 84.723
854.0 84.69
855.0 84.714
856.0 84.718999
857.0 84.685999
858.0 84.72
859.0 84.732
860.0 84.728
861.0 84.721999
862.0 84.709999
863.0 84.713
864.0 84.711
865.0 84.685
866.0 84.694999
867.0 84.68
868.0 84.685
869.0 84.666
870.0 84.631999
871.0 84.631
872.0 84.618
873.0 84.616
874.0 84.575999
875.0 84.575
876.0 84.548999
877.0 84.52
878.0 84.516
879.0 84.47
880.0 84.449
881.0 84.426999
882.0 84.428
883.0 84.394
884.0 84.363
885.0 84.348999
886.0 84.326
887.0 84.328
888.0 84.268
889.0 84.251
890.0 84.221999
891.0 84.184
892.0 84.158999
893.0 84.14
894.0 84.095
895.0 84.06
896.0 84.028
897.0 84.005
898.0 83.955
899.0 83.925
900.0 83.869
901.0 83.83
902.0 83.818
903.0 83.774
904.0 83.718
905.0 83.675
906.0 83.651
907.0 83.574
908.0 83.532
909.0 83.496
910.0 83.41
911.0 83.369
912.0 83.328
913.0 83.268
914.0 83.203999
915.0 83.158
916.0 83.108
917.0 83.06
918.0 83.009999
919.0 82.956
920.0 82.904
921.0 82.859
922.0 82.809999
923.0 82.759
924.0 82.712
925.0 82.667
926.0 82.616999
927.0 82.557
928.0 82.499
929.0 82.438999
930.0 82.416
931.0 82.34
932.0 82.292
933.0 82.230999
934.0 82.182999
935.0 82.137
936.0 82.062
937.0 82.026
938.0 81.958
939.0 81.893
940.0 81.839
941.0 81.795
942.0 81.737
943.0 81.667999
944.0 81.608999
945.0 81.551
946.0 81.498
947.0 81.443
948.0 81.388
949.0 81.337
950.0 81.272
951.0 81.191999
952.0 81.136
953.0 81.088
954.0 81.01
955.0 80.955999
956.0 80.905
957.0 80.844
958.0 80.812
959.0 80.730999
960.0 80.7
961.0 80.661
962.0 80.58
963.0 80.530999
964.0 80.459
965.0 80.419
966.0 80.342
967.0 80.289999
968.0 80.256
969.0 80.187
970.0 80.128999
971.0 80.089
972.0 80.015999
973.0 79.976
974.0 79.888
975.0 79.852
976.0 79.804
977.0 79.747
978.0 79.695
979.0 79.623
980.0 79.587
981.0 79.517
982.0 79.491
983.0 79.442
984.0 79.408999
985.0 79.324
986.0 79.296
987.0 79.242999
988.0 79.19
989.0 79.14
990.0 79.065
991.0 79.025
992.0 78.978
993.0 78.935999
994.0 78.901
995.0 78.822999
996.0 78.777
997.0 78.708
998.0 78.657
999.0 78.598999
1000.0 78.571
1001.0 78.513
1002.0 78.452999
1003.0 78.423
1004.0 78.381
1005.0 78.334
1006.0 78.295
1007.0 78.259
1008.0 78.198
1009.0 78.158
1010.0 78.098999
1011.0 78.063999
1012.0 78.011
1013.0 77.964
1014.0 77.929999
1015.0 77.876
1016.0 77.844
1017.0 77.819
1018.0 77.776
1019.0 77.719
1020.0 77.688
1021.0 77.664999
1022.0 77.595
1023.0 77.562
1024.0 77.476
1025.0 77.44
1026.0 77.416
1027.0 77.37
1028.0 77.31
1029.0 77.314
1030.0 77.266
1031.0 77.217
1032.0 77.197
1033.0 77.159
1034.0 77.133
1035.0 77.105999
1036.0 77.056
1037.0 77.014
1038.0 77.019
1039.0 76.973
1040.0 76.914
1041.0 76.899
1042.0 76.839
1043.0 76.828
1044.0 76.842
1045.0 76.766
1046.0 76.749
1047.0 76.742999
1048.0 76.688
1049.0 76.671
1050.0 76.637999
1051.0 76.593999
1052.0 76.571
1053.0 76.556
1054.0 76.503
1055.0 76.512999
1056.0 76.435
1057.0 76.444999
1058.0 76.443
1059.0 76.384
1060.0 76.366999
1061.0 76.34
1062.0 76.301
1063.0 76.339
1064.0 76.277
1065.0 76.256999
1066.0 76.268999
1067.0 76.209
1068.0 76.167
1069.0 76.17
1070.0 76.105
1071.0 76.09
1072.0 76.102999
1073.0 76.071
1074.0 76.032
1075.0 76.051
1076.0 76.019
1077.0 75.995
1078.0 75.992999
1079.0 75.973
1080.0 75.907
1081.0 75.932999
1082.0 75.959
1083.0 75.937
1084.0 75.914
1085.0 75.934
1086.0 75.902999
1087.0 75.914
1088.0 75.854
1089.0 75.814
1090.0 75.864
1091.0 75.843999
1092.0 75.866
1093.0 75.807
1094.0 75.829
1095.0 75.805
1096.0 75.764
1097.0 75.776
1098.0 75.721
1099.0 75.8
1100.0 75.732999
