190.0 0.054
191.0 0.13
192.0 0.055
193.0 0.078
194.0 0.069999
195.0 0.075
196.0 0.044
197.0 0.035
198.0 0.036
199.0 0.032
200.0 0.039
201.0 0.033
202.0 0.023
203.0 0.039
204.0 0.031
205.0 0.025
206.0 0.028
207.0 0.026
208.0 0.011
209.0 0.026
210.0 0.03
211.0 0.035
212.0 0.018
213.0 0.016
214.0 0.014
215.0 0.018
216.0 0.017
217.0 0.019
218.0 0.024
219.0 0.032
220.0 0.028
221.0 0.01
222.0 0.034
223.0 0.019
224.0 0.028
225.0 0.025
226.0 0.03
227.0 0.034
228.0 0.024
229.0 0.022
230.0 0.012
231.0 0.018
232.0 0.018
233.0 0.026
234.0 0.016
235.0 0.036
236.0 0.021
237.0 0.022
238.0 0.019
239.0 0.013
240.0 0.016
241.0 0.013
242.0 0.022
243.0 0.014
244.0 0.02
245.0 0.016
246.0 0.018
247.0 0.015
248.0 0.011
249.0 0.02
250.0 0.008
251.0 0.043
252.0 0.021
253.0 0.014
254.0 0.027
255.0 0.024
256.0 0.022
257.0 0.029
258.0 0.037
259.0 0.044
260.0 0.024
261.0 0.032
262.0 0.036
263.0 0.029
264.0 0.041
265.0 0.018
266.0 0.05
267.0 0.057
268.0 0.021
269.0 0.048
270.0 0.019
271.0 0.043
272.0 0.038
273.0 0.037
274.0 0.022
275.0 0.054
276.0 0.027
277.0 0.052
278.0 0.023
279.0 0.042
280.0 0.052
281.0 0.037
282.0 0.033
283.0 0.067
284.0 0.017
285.0 0.045
286.0 0.035
287.0 0.029
288.0 0.025
289.0 0.014
290.0 0.051
291.0 0.052
292.0 0.057
293.0 0.012
294.0 0.017
295.0 0.048
296.0 0.053
297.0 0.037
298.0 0.048
299.0 0.047
300.0 0.024
301.0 0.053
302.0 0.014
303.0 0.045
304.0 0.033
305.0 0.03
306.0 0.039
307.0 0.062
308.0 0.017
309.0 0.05
310.0 0.062
311.0 0.04
312.0 0.047
313.0 0.042
314.0 0.036
315.0 0.082
316.0 0.023
317.0 0.036
318.0 0.058
319.0 0.039
320.0 0.066
321.0 0.049
322.0 0.051
323.0 0.099
324.0 0.059
325.0 0.084
326.0 0.052
327.0 0.051
328.0 0.062
329.0 0.063
330.0 0.066
331.0 0.076
332.0 0.066
333.0 0.062
334.0 0.065
335.0 0.057
336.0 0.066
337.0 0.071
338.0 0.079
339.0 0.088
340.0 0.079
341.0 0.077
342.0 0.106
343.0 0.113
344.0 0.119
345.0 0.133
346.0 0.176
347.0 0.209
348.0 0.225
349.0 0.281
350.0 0.348
351.0 0.426
352.0 0.528
353.0 0.664
354.0 0.845
355.0 1.073
356.0 1.355
357.0 1.729
358.0 2.193
359.0 2.773
360.0 3.498
361.0 4.38
362.0 5.436
363.0 6.7
364.0 8.18
365.0 9.901
366.0 11.852
367.0 14.022
368.0 16.414
369.0 18.961
370.0 21.675
371.0 24.434
372.0 27.27
373.0 30.042
374.0 32.745
375.0 35.215999
376.0 37.52
377.0 39.587
378.0 41.401
379.0 43.081
380.0 44.541
381.0 45.827
382.0 46.999
383.0 48.126
384.0 49.215
385.0 50.131
386.0 51.003
387.0 51.813
388.0 52.642999
389.0 53.435
390.0 54.242999
391.0 55.071
392.0 55.91
393.0 56.788
394.0 57.667
395.0 58.591
396.0 59.502999
397.0 60.468999
398.0 61.439
399.0 62.415
400.0 63.393
401.0 64.369
402.0 65.346999
403.0 66.297
404.0 67.239
405.0 68.140999
406.0 69.018
407.0 69.807
408.0 70.574
409.0 71.275
410.0 71.932
411.0 72.565
412.0 73.060999
413.0 73.541
414.0 73.914
415.0 74.239
416.0 74.476
417.0 74.66
418.0 74.795
419.0 74.846999
420.0 74.851999
421.0 74.788
422.0 74.682999
423.0 74.547
424.0 74.38
425.0 74.189
426.0 73.953
427.0 73.704
428.0 73.422
429.0 73.146999
430.0 72.852999
431.0 72.542
432.0 72.252
433.0 71.946
434.0 71.658999
435.0 71.398
436.0 71.11
437.0 70.875999
438.0 70.647
439.0 70.433
440.0 70.262999
441.0 70.093
442.0 69.957
443.0 69.871
444.0 69.771
445.0 69.725
446.0 69.701
447.0 69.699
448.0 69.765
449.0 69.771
450.0 69.861999
451.0 69.957
452.0 70.075
453.0 70.217
454.0 70.386
455.0 70.587
456.0 70.797
457.0 71.009
458.0 71.24
459.0 71.521
460.0 71.801
461.0 72.087999
462.0 72.406
463.0 72.706
464.0 73.021
465.0 73.375
466.0 73.703
467.0 74.038
468.0 74.404
469.0 74.77
470.0 75.11
471.0 75.488
472.0 75.834999
473.0 76.193999
474.0 76.548
475.0 76.858
476.0 77.185
477.0 77.538
478.0 77.878
479.0 78.17
480.0 78.495
481.0 78.771
482.0 79.074999
483.0 79.357999
484.0 79.601999
485.0 79.834
486.0 80.057999
487.0 80.262
488.0 80.461
489.0 80.645
490.0 80.781
491.0 80.923
492.0 81.047
493.0 81.143
494.0 81.233999
495.0 81.274999
496.0 81.318
497.0 81.336
498.0 81.352999
499.0 81.348
500.0 81.307
501.0 81.271
502.0 81.203
503.0 81.132
504.0 81.049
505.0 80.942
506.0 80.816
507.0 80.682
508.0 80.539
509.0 80.411
510.0 80.241
511.0 80.073
512.0 79.91
513.0 79.714
514.0 79.509
515.0 79.334999
516.0 79.108999
517.0 78.9
518.0 78.69
519.0 78.488
520.0 78.269
521.0 78.066999
522.0 77.833
523.0 77.646
524.0 77.419
525.0 77.227
526.0 77.014
527.0 76.819999
528.0 76.614999
529.0 76.422
530.0 76.25
531.0 76.063999
532.0 75.883
533.0 75.715
534.0 75.543
535.0 75.355
536.0 75.229
537.0 75.068
538.0 74.943
539.0 74.807
540.0 74.685
541.0 74.534
542.0 74.453
543.0 74.35
544.0 74.275
545.0 74.181
546.0 74.107
547.0 74.048
548.0 73.991
549.0 73.914999
550.0 73.893
551.0 73.853
552.0 73.833
553.0 73.806
554.0 73.792999
555.0 73.792999
556.0 73.83
557.0 73.816
558.0 73.821
559.0 73.843999
560.0 73.89
561.0 73.984
562.0 74.009999
563.0 74.087
564.0 74.146
565.0 74.212999
566.0 74.292999
567.0 74.396
568.0 74.483
569.0 74.594
570.0 74.707
571.0 74.816
572.0 74.923
573.0 75.061
574.0 75.188999
575.0 75.329
576.0 75.449999
577.0 75.605999
578.0 75.768999
579.0 75.914
580.0 76.081
581.0 76.234
582.0 76.387
583.0 76.538
584.0 76.709999
585.0 76.854
586.0 77.017
587.0 77.173
588.0 77.337999
589.0 77.503
590.0 77.649
591.0 77.814
592.0 77.968
593.0 78.149999
594.0 78.306
595.0 78.473
596.0 78.655
597.0 78.815
598.0 78.977
599.0 79.151
600.0 79.315
601.0 79.498
602.0 79.66
603.0 79.821
604.0 79.978
605.0 80.167
606.0 80.318
607.0 80.476
608.0 80.648
609.0 80.805
610.0 80.953
611.0 81.087
612.0 81.238999
613.0 81.389
614.0 81.518999
615.0 81.662
616.0 81.791
617.0 81.917
618.0 82.033999
619.0 82.126
620.0 82.264
621.0 82.352
622.0 82.473
623.0 82.565999
624.0 82.643999
625.0 82.73
626.0 82.825999
627.0 82.905
628.0 82.956
629.0 83.017
630.0 83.072999
631.0 83.123
632.0 83.173
633.0 83.214999
634.0 83.24
635.0 83.288
636.0 83.321
637.0 83.331999
638.0 83.340999
639.0 83.35
640.0 83.359
641.0 83.343
642.0 83.323
643.0 83.312
644.0 83.291
645.0 83.264
646.0 83.263
647.0 83.209
648.0 83.158
649.0 83.128
650.0 83.065
651.0 83.026
652.0 82.949
653.0 82.899999
654.0 82.828
655.0 82.750999
656.0 82.693
657.0 82.598
658.0 82.506999
659.0 82.445
660.0 82.343999
661.0 82.256
662.0 82.152999
663.0 82.057999
664.0 81.950999
665.0 81.847
666.0 81.725
667.0 81.604
668.0 81.509
669.0 81.395
670.0 81.286999
671.0 81.158
672.0 81.032
673.0 80.928
674.0 80.786
675.0 80.664999
676.0 80.533
677.0 80.395
678.0 80.267
679.0 80.152
680.0 79.999
681.0 79.855
682.0 79.752
683.0 79.607
684.0 79.495
685.0 79.342
686.0 79.205
687.0 79.072
688.0 78.940999
689.0 78.805
690.0 78.67
691.0 78.536
692.0 78.401
693.0 78.266
694.0 78.13
695.0 77.985
696.0 77.877
697.0 77.734
698.0 77.605
699.0 77.473
700.0 77.356
701.0 77.205
702.0 77.098
703.0 76.974
704.0 76.851
705.0 76.736
706.0 76.614
707.0 76.494
708.0 76.373
709.0 76.25
710.0 76.146
711.0 76.048
712.0 75.927
713.0 75.819
714.0 75.705999
715.0 75.622
716.0 75.503
717.0 75.417999
718.0 75.315
719.0 75.209999
720.0 75.122999
721.0 75.026
722.0 74.935
723.0 74.866999
724.0 74.766
725.0 74.685
726.0 74.602999
727.0 74.516
728.0 74.443
729.0 74.378
730.0 74.295
731.0 74.22
732.0 74.167
733.0 74.087
734.0 74.039999
735.0 73.964
736.0 73.91
737.0 73.858999
738.0 73.804
739.0 73.746
740.0 73.704
741.0 73.648
742.0 73.606
743.0 73.566
744.0 73.524999
745.0 73.489
746.0 73.449
747.0 73.405
748.0 73.385
749.0 73.358
750.0 73.319
751.0 73.307999
752.0 73.280999
753.0 73.249
754.0 73.238
755.0 73.208
756.0 73.182999
757.0 73.175
758.0 73.168
759.0 73.177
760.0 73.164
761.0 73.149
762.0 73.139
763.0 73.149
764.0 73.15
765.0 73.15
766.0 73.148
767.0 73.169
768.0 73.182999
769.0 73.194999
770.0 73.224
771.0 73.22
772.0 73.241999
773.0 73.241
774.0 73.262
775.0 73.258
776.0 73.289
777.0 73.288
778.0 73.291
779.0 73.312999
780.0 73.331
781.0 73.375
782.0 73.402
783.0 73.438
784.0 73.494
785.0 73.555
786.0 73.566
787.0 73.609
788.0 73.649
789.0 73.696
790.0 73.711
791.0 73.753999
792.0 73.819999
793.0 73.842
794.0 73.887
795.0 73.933
796.0 73.996
797.0 74.047
798.0 74.095999
799.0 74.14
800.0 74.173999
801.0 74.229999
802.0 74.256
803.0 74.348
804.0 74.387
805.0 74.441999
806.0 74.491
807.0 74.554
808.0 74.619
809.0 74.668
810.0 74.716
811.0 74.777
812.0 74.846
813.0 74.886
814.0 74.965
815.0 75.027
816.0 75.09
817.0 75.172
818.0 75.217999
819.0 75.292999
820.0 75.349999
821.0 75.417
822.0 75.468999
823.0 75.532
824.0 75.605999
825.0 75.684
826.0 75.744
827.0 75.8
828.0 75.869
829.0 75.94
830.0 76.022
831.0 76.086
832.0 76.132
833.0 76.209
834.0 76.302
835.0 76.365
836.0 76.41
837.0 76.483999
838.0 76.548
839.0 76.617
840.0 76.685
841.0 76.758
842.0 76.818
843.0 76.885
844.0 76.964
845.0 77.024
846.0 77.092
847.0 77.151
848.0 77.231
849.0 77.273
850.0 77.346999
851.0 77.412
852.0 77.485
853.0 77.558
854.0 77.619
855.0 77.682
856.0 77.746
857.0 77.813
858.0 77.857
859.0 77.934
860.0 77.989
861.0 78.068
862.0 78.090999
863.0 78.169
864.0 78.219
865.0 78.268
866.0 78.332
867.0 78.404
868.0 78.432999
869.0 78.506
870.0 78.542999
871.0 78.611
872.0 78.656
873.0 78.708999
874.0 78.757
875.0 78.837999
876.0 78.86
877.0 78.914
878.0 78.956
879.0 79.012
880.0 79.054
881.0 79.095
882.0 79.145
883.0 79.168
884.0 79.196
885.0 79.223
886.0 79.267
887.0 79.286
888.0 79.329
889.0 79.364999
890.0 79.4
891.0 79.423999
892.0 79.451
893.0 79.476
894.0 79.506
895.0 79.54
896.0 79.584999
897.0 79.598
898.0 79.625
899.0 79.655
900.0 79.674
901.0 79.693
902.0 79.706
903.0 79.738
904.0 79.789
905.0 79.828
906.0 79.852999
907.0 79.869
908.0 79.907
909.0 79.932
910.0 79.949
911.0 79.983999
912.0 79.998
913.0 80.027
914.0 80.041
915.0 80.064
916.0 80.078999
917.0 80.087
918.0 80.087
919.0 80.089
920.0 80.113
921.0 80.117999
922.0 80.105999
923.0 80.108999
924.0 80.088
925.0 80.084999
926.0 80.107
927.0 80.074
928.0 80.075
929.0 80.084
930.0 80.087
931.0 80.057999
932.0 80.048
933.0 80.048
934.0 80.051
935.0 80.02
936.0 80.006999
937.0 79.993
938.0 79.979999
939.0 79.979999
940.0 79.94
941.0 79.953
942.0 79.919
943.0 79.895
944.0 79.89
945.0 79.857999
946.0 79.839
947.0 79.84
948.0 79.789
949.0 79.771
950.0 79.705
951.0 79.706999
952.0 79.682
953.0 79.666
954.0 79.598
955.0 79.588
956.0 79.562999
957.0 79.525
958.0 79.529
959.0 79.491
960.0 79.456999
961.0 79.443
962.0 79.408
963.0 79.366
964.0 79.349999
965.0 79.306
966.0 79.258
967.0 79.221
968.0 79.191
969.0 79.144
970.0 79.099
971.0 79.063
972.0 79.036
973.0 79.008
974.0 78.967
975.0 78.918
976.0 78.868
977.0 78.834999
978.0 78.81
979.0 78.742999
980.0 78.718
981.0 78.648
982.0 78.627
983.0 78.537
984.0 78.51
985.0 78.454
986.0 78.417999
987.0 78.351
988.0 78.334
989.0 78.279
990.0 78.218
991.0 78.17
992.0 78.143
993.0 78.076
994.0 78.042
995.0 77.997
996.0 77.938
997.0 77.866
998.0 77.803
999.0 77.78
1000.0 77.717
1001.0 77.675
1002.0 77.646
1003.0 77.61
1004.0 77.553
1005.0 77.515999
1006.0 77.468999
1007.0 77.424
1008.0 77.349
1009.0 77.312
1010.0 77.282
1011.0 77.206
1012.0 77.164999
1013.0 77.122
1014.0 77.053
1015.0 77.022
1016.0 76.983999
1017.0 76.911
1018.0 76.875
1019.0 76.822999
1020.0 76.762
1021.0 76.731
1022.0 76.671
1023.0 76.595
1024.0 76.542
1025.0 76.500999
1026.0 76.462
1027.0 76.389
1028.0 76.333
1029.0 76.307
1030.0 76.231
1031.0 76.2
1032.0 76.163
1033.0 76.101
1034.0 76.075
1035.0 76.012999
1036.0 75.953999
1037.0 75.944999
1038.0 75.89
1039.0 75.806
1040.0 75.786
1041.0 75.744
1042.0 75.678
1043.0 75.666
1044.0 75.582
1045.0 75.534
1046.0 75.506
1047.0 75.422
1048.0 75.401
1049.0 75.373
1050.0 75.298
1051.0 75.246
1052.0 75.194
1053.0 75.134999
1054.0 75.114999
1055.0 75.039
1056.0 75.01
1057.0 74.988
1058.0 74.961
1059.0 74.886
1060.0 74.865
1061.0 74.811
1062.0 74.797
1063.0 74.719
1064.0 74.685999
1065.0 74.654
1066.0 74.551999
1067.0 74.538
1068.0 74.559
1069.0 74.438
1070.0 74.411
1071.0 74.396
1072.0 74.349
1073.0 74.291
1074.0 74.29
1075.0 74.175
1076.0 74.187
1077.0 74.128
1078.0 74.153
1079.0 74.075999
1080.0 74.054
1081.0 74.008
1082.0 73.995
1083.0 73.987
1084.0 73.928
1085.0 73.871
1086.0 73.831
1087.0 73.814
1088.0 73.7
1089.0 73.706999
1090.0 73.646
1091.0 73.655
1092.0 73.646
1093.0 73.61
1094.0 73.524999
1095.0 73.519
1096.0 73.492999
1097.0 73.406
1098.0 73.441999
1099.0 73.34
1100.0 73.37
