190.0 0.059
191.0 0.091
192.0 0.034
193.0 0.084999
194.0 0.061
195.0 0.069999
196.0 0.04
197.0 0.032
198.0 0.029
199.0 0.04
200.0 0.019
201.0 0.036
202.0 0.019
203.0 0.046
204.0 0.021
205.0 0.021
206.0 0.033
207.0 0.027
208.0 0.013
209.0 0.025
210.0 0.024
211.0 0.039
212.0 0.018
213.0 0.024
214.0 0.014
215.0 0.009
216.0 0.017
217.0 0.033
218.0 0.014
219.0 0.051
220.0 0.036
221.0 0.023
222.0 -0.001
223.0 0.024
224.0 0.026
225.0 0.022
226.0 0.026
227.0 0.031
228.0 0.026
229.0 0.022
230.0 0.012
231.0 0.021
232.0 0.018
233.0 0.018
234.0 0.008
235.0 0.033
236.0 0.018
237.0 0.023
238.0 0.006
239.0 0.009
240.0 0.02
241.0 0.02
242.0 0.02
243.0 0.033
244.0 0.019
245.0 0.011
246.0 0.008
247.0 0.022
248.0 0.004
249.0 0.024
250.0 0.025
251.0 0.036
252.0 0.021
253.0 0.021
254.0 0.012
255.0 0.006
256.0 0.036
257.0 0.019
258.0 0.027
259.0 0.055
260.0 0.022
261.0 0.037
262.0 0.02
263.0 0.033
264.0 0.002
265.0 0.027
266.0 0.039
267.0 0.036
268.0 0.029
269.0 0.032
270.0 0.024
271.0 0.026
272.0 0.043
273.0 0.04
274.0 0.041
275.0 0.072
276.0 0.028
277.0 0.036
278.0 0.041
279.0 0.038
280.0 0.03
281.0 0.025
282.0 0.053
283.0 0.045
284.0 0.052
285.0 0.029
286.0 0.031
287.0 0.065
288.0 0.027
289.0 0.036
290.0 0.047
291.0 0.073
292.0 0.029
293.0 0.041
294.0 0.0
295.0 0.038
296.0 0.033
297.0 0.045
298.0 0.053
299.0 0.055
300.0 0.024
301.0 0.041
302.0 0.055999
303.0 0.043
304.0 0.043
305.0 0.046
306.0 0.036
307.0 0.055
308.0 0.039
309.0 0.048
310.0 0.054
311.0 0.035
312.0 0.055999
313.0 0.064
314.0 0.037
315.0 0.071
316.0 0.052
317.0 0.068999
318.0 0.057
319.0 0.045
320.0 0.01
321.0 0.049
322.0 0.049
323.0 0.091
324.0 0.046
325.0 0.063
326.0 0.04
327.0 0.028
328.0 0.045
329.0 0.04
330.0 0.066
331.0 0.068
332.0 0.055999
333.0 0.034
334.0 0.037
335.0 0.066
336.0 0.05
337.0 0.049
338.0 0.055
339.0 0.071
340.0 0.071
341.0 0.064
342.0 0.068999
343.0 0.082
344.0 0.088
345.0 0.109
346.0 0.119
347.0 0.16
348.0 0.158
349.0 0.191
350.0 0.228
351.0 0.28
352.0 0.348
353.0 0.448
354.0 0.566999
355.0 0.727
356.0 0.918
357.0 1.167
358.0 1.498
359.0 1.922
360.0 2.43
361.0 3.094
362.0 3.918
363.0 4.907999
364.0 6.091
365.0 7.478999
366.0 9.08
367.0 10.884
368.0 12.889
369.0 15.05
370.0 17.359
371.0 19.784
372.0 22.278
373.0 24.776
374.0 27.302
375.0 29.712
376.0 32.024
377.0 34.226
378.0 36.264
379.0 38.192
380.0 40.017
381.0 41.638
382.0 43.156
383.0 44.609
384.0 45.995
385.0 47.134
386.0 48.142
387.0 49.063
388.0 49.881
389.0 50.638
390.0 51.332
391.0 51.973
392.0 52.586
393.0 53.183
394.0 53.762
395.0 54.333
396.0 54.873
397.0 55.456
398.0 56.029
399.0 56.618
400.0 57.217
401.0 57.831
402.0 58.465
403.0 59.099
404.0 59.757
405.0 60.428
406.0 61.086
407.0 61.726
408.0 62.38
409.0 63.02
410.0 63.676999
411.0 64.310999
412.0 64.92
413.0 65.503999
414.0 66.090999
415.0 66.623
416.0 67.14
417.0 67.608
418.0 68.039
419.0 68.426
420.0 68.776
421.0 69.088
422.0 69.375
423.0 69.599999
424.0 69.809
425.0 69.971
426.0 70.102
427.0 70.189
428.0 70.221999
429.0 70.238999
430.0 70.233999
431.0 70.193
432.0 70.145
433.0 70.032
434.0 69.931
435.0 69.825
436.0 69.662
437.0 69.529
438.0 69.367
439.0 69.218
440.0 69.06
441.0 68.902
442.0 68.748
443.0 68.596
444.0 68.453
445.0 68.298
446.0 68.199
447.0 68.065
448.0 67.956
449.0 67.869999
450.0 67.805
451.0 67.723
452.0 67.67
453.0 67.625
454.0 67.596999
455.0 67.601
456.0 67.604
457.0 67.596999
458.0 67.643
459.0 67.687
460.0 67.752
461.0 67.851
462.0 67.928
463.0 68.057999
464.0 68.159
465.0 68.316
466.0 68.461
467.0 68.619
468.0 68.791
469.0 68.976
470.0 69.176999
471.0 69.39
472.0 69.622
473.0 69.843
474.0 70.091
475.0 70.32
476.0 70.553999
477.0 70.825999
478.0 71.103
479.0 71.358
480.0 71.631999
481.0 71.902
482.0 72.167
483.0 72.455
484.0 72.721
485.0 72.992999
486.0 73.257
487.0 73.538
488.0 73.802
489.0 74.090999
490.0 74.314
491.0 74.575
492.0 74.838
493.0 75.051
494.0 75.268
495.0 75.499
496.0 75.697999
497.0 75.874
498.0 76.062
499.0 76.255
500.0 76.401
501.0 76.532
502.0 76.692
503.0 76.817
504.0 76.920999
505.0 77.009
506.0 77.097
507.0 77.168
508.0 77.217
509.0 77.294
510.0 77.322
511.0 77.328
512.0 77.346
513.0 77.331999
514.0 77.336
515.0 77.295
516.0 77.262
517.0 77.212
518.0 77.181
519.0 77.093999
520.0 77.049
521.0 76.956
522.0 76.866999
523.0 76.782
524.0 76.675
525.0 76.58
526.0 76.476
527.0 76.354
528.0 76.229
529.0 76.087999
530.0 75.968999
531.0 75.846999
532.0 75.719
533.0 75.587999
534.0 75.436
535.0 75.297
536.0 75.151
537.0 75.017
538.0 74.890999
539.0 74.747
540.0 74.599999
541.0 74.464
542.0 74.328
543.0 74.196
544.0 74.072999
545.0 73.938999
546.0 73.828999
547.0 73.715
548.0 73.586
549.0 73.473999
550.0 73.389
551.0 73.273
552.0 73.173
553.0 73.082
554.0 72.996
555.0 72.897
556.0 72.831
557.0 72.738
558.0 72.665
559.0 72.592
560.0 72.551
561.0 72.505
562.0 72.491
563.0 72.445
564.0 72.409
565.0 72.398
566.0 72.373
567.0 72.363999
568.0 72.346999
569.0 72.334
570.0 72.35
571.0 72.355999
572.0 72.346
573.0 72.389
574.0 72.411
575.0 72.462
576.0 72.492999
577.0 72.527
578.0 72.589
579.0 72.639
580.0 72.685999
581.0 72.768
582.0 72.809
583.0 72.898
584.0 72.955
585.0 73.046
586.0 73.114999
587.0 73.190999
588.0 73.295
589.0 73.384
590.0 73.473
591.0 73.563
592.0 73.668
593.0 73.776
594.0 73.89
595.0 74.008
596.0 74.132
597.0 74.239
598.0 74.373
599.0 74.499
600.0 74.616
601.0 74.77
602.0 74.898
603.0 75.026
604.0 75.17
605.0 75.326
606.0 75.47
607.0 75.611999
608.0 75.766
609.0 75.908
610.0 76.058
611.0 76.2
612.0 76.341
613.0 76.499
614.0 76.645
615.0 76.798999
616.0 76.943
617.0 77.092
618.0 77.215
619.0 77.366999
620.0 77.517
621.0 77.647
622.0 77.79
623.0 77.914
624.0 78.06
625.0 78.176
626.0 78.332
627.0 78.461
628.0 78.569999
629.0 78.683
630.0 78.810999
631.0 78.918
632.0 79.039999
633.0 79.146
634.0 79.251
635.0 79.366
636.0 79.451
637.0 79.554
638.0 79.656
639.0 79.742999
640.0 79.822
641.0 79.887
642.0 79.964
643.0 80.042999
644.0 80.113
645.0 80.178
646.0 80.256
647.0 80.28
648.0 80.356
649.0 80.394
650.0 80.435
651.0 80.491
652.0 80.525
653.0 80.541
654.0 80.579
655.0 80.593999
656.0 80.628
657.0 80.617
658.0 80.635
659.0 80.645
660.0 80.628999
661.0 80.633
662.0 80.626
663.0 80.623
664.0 80.605999
665.0 80.58
666.0 80.565
667.0 80.535
668.0 80.508
669.0 80.473
670.0 80.442
671.0 80.396999
672.0 80.352
673.0 80.296
674.0 80.242
675.0 80.19
676.0 80.137
677.0 80.071
678.0 80.008
679.0 79.942
680.0 79.877
681.0 79.773
682.0 79.721
683.0 79.642
684.0 79.578
685.0 79.476
686.0 79.392
687.0 79.315
688.0 79.221
689.0 79.145
690.0 79.048
691.0 78.938
692.0 78.856
693.0 78.753
694.0 78.652
695.0 78.539
696.0 78.458
697.0 78.341
698.0 78.246
699.0 78.135
700.0 78.047
701.0 77.92
702.0 77.822
703.0 77.724999
704.0 77.617
705.0 77.501
706.0 77.386
707.0 77.294
708.0 77.184
709.0 77.063
710.0 76.968999
711.0 76.869
712.0 76.752
713.0 76.659
714.0 76.543
715.0 76.446
716.0 76.337
717.0 76.243
718.0 76.124
719.0 76.024
720.0 75.925
721.0 75.819
722.0 75.716
723.0 75.629
724.0 75.524999
725.0 75.426999
726.0 75.341
727.0 75.229
728.0 75.131
729.0 75.054
730.0 74.961
731.0 74.857
732.0 74.780999
733.0 74.685999
734.0 74.597
735.0 74.524
736.0 74.435
737.0 74.36
738.0 74.268999
739.0 74.199
740.0 74.117
741.0 74.041
742.0 73.964
743.0 73.893
744.0 73.816999
745.0 73.767
746.0 73.688
747.0 73.623
748.0 73.56
749.0 73.499
750.0 73.425
751.0 73.387
752.0 73.321
753.0 73.27
754.0 73.214
755.0 73.158999
756.0 73.104
757.0 73.046
758.0 73.007
759.0 72.968
760.0 72.931
761.0 72.877
762.0 72.843999
763.0 72.799
764.0 72.773
765.0 72.736
766.0 72.696
767.0 72.67
768.0 72.649
769.0 72.625
770.0 72.596999
771.0 72.559
772.0 72.554
773.0 72.528
774.0 72.505
775.0 72.471
776.0 72.46
777.0 72.435
778.0 72.423
779.0 72.411
780.0 72.395
781.0 72.392
782.0 72.389
783.0 72.391
784.0 72.402999
785.0 72.422
786.0 72.408
787.0 72.419
788.0 72.43
789.0 72.438999
790.0 72.424
791.0 72.437
792.0 72.453999
793.0 72.449
794.0 72.455
795.0 72.468999
796.0 72.499
797.0 72.511
798.0 72.539
799.0 72.568999
800.0 72.582
801.0 72.599999
802.0 72.602999
803.0 72.645
804.0 72.663
805.0 72.7
806.0 72.72
807.0 72.751
808.0 72.8
809.0 72.827
810.0 72.842
811.0 72.889
812.0 72.926
813.0 72.952
814.0 72.992999
815.0 73.029
816.0 73.079
817.0 73.133
818.0 73.165
819.0 73.215
820.0 73.25
821.0 73.294
822.0 73.334999
823.0 73.39
824.0 73.426999
825.0 73.477999
826.0 73.536
827.0 73.581
828.0 73.631
829.0 73.688
830.0 73.743
831.0 73.794
832.0 73.849
833.0 73.890999
834.0 73.964
835.0 74.034
836.0 74.071
837.0 74.139
838.0 74.19
839.0 74.25
840.0 74.309
841.0 74.367
842.0 74.412
843.0 74.489999
844.0 74.547
845.0 74.604
846.0 74.675
847.0 74.728
848.0 74.795999
849.0 74.855
850.0 74.917
851.0 74.992999
852.0 75.056
853.0 75.105999
854.0 75.185
855.0 75.229
856.0 75.31
857.0 75.358999
858.0 75.435
859.0 75.492999
860.0 75.557
861.0 75.642
862.0 75.696
863.0 75.738
864.0 75.827
865.0 75.874
866.0 75.929
867.0 76.0
868.0 76.054999
869.0 76.136
870.0 76.191
871.0 76.252
872.0 76.313
873.0 76.374
874.0 76.449999
875.0 76.512
876.0 76.546
877.0 76.634
878.0 76.684
879.0 76.738
880.0 76.814
881.0 76.87
882.0 76.935
883.0 76.979
884.0 77.02
885.0 77.098999
886.0 77.137
887.0 77.18
888.0 77.236
889.0 77.278
890.0 77.346
891.0 77.378999
892.0 77.435
893.0 77.492999
894.0 77.537
895.0 77.593
896.0 77.649999
897.0 77.715999
898.0 77.734
899.0 77.8
900.0 77.852
901.0 77.889
902.0 77.944999
903.0 77.975
904.0 78.053
905.0 78.102999
906.0 78.159
907.0 78.200999
908.0 78.242
909.0 78.293
910.0 78.334999
911.0 78.383
912.0 78.435
913.0 78.483
914.0 78.507
915.0 78.556
916.0 78.602999
917.0 78.639
918.0 78.664999
919.0 78.707
920.0 78.742999
921.0 78.77
922.0 78.79
923.0 78.828
924.0 78.84
925.0 78.867
926.0 78.892
927.0 78.908
928.0 78.944999
929.0 78.979
930.0 79.015
931.0 79.008
932.0 79.044
933.0 79.059
934.0 79.092
935.0 79.099
936.0 79.117999
937.0 79.119
938.0 79.142
939.0 79.175
940.0 79.174
941.0 79.208
942.0 79.208
943.0 79.227999
944.0 79.23
945.0 79.235
946.0 79.257
947.0 79.246
948.0 79.269
949.0 79.245
950.0 79.227999
951.0 79.258
952.0 79.264
953.0 79.279
954.0 79.257
955.0 79.278
956.0 79.255
957.0 79.257
958.0 79.271
959.0 79.268
960.0 79.27
961.0 79.282
962.0 79.283
963.0 79.253
964.0 79.267
965.0 79.262999
966.0 79.242999
967.0 79.236999
968.0 79.22
969.0 79.196999
970.0 79.224999
971.0 79.171
972.0 79.176
973.0 79.174
974.0 79.17
975.0 79.137999
976.0 79.098
977.0 79.119
978.0 79.113999
979.0 79.077
980.0 79.057
981.0 79.027
982.0 79.014
983.0 78.991999
984.0 78.955
985.0 78.935999
986.0 78.905
987.0 78.866
988.0 78.864
989.0 78.825
990.0 78.817
991.0 78.791
992.0 78.757
993.0 78.723
994.0 78.718
995.0 78.678
996.0 78.646
997.0 78.605999
998.0 78.578
999.0 78.551999
1000.0 78.515999
1001.0 78.494
1002.0 78.459
1003.0 78.467
1004.0 78.408
1005.0 78.389
1006.0 78.358999
1007.0 78.325999
1008.0 78.283999
1009.0 78.263
1010.0 78.233
1011.0 78.182
1012.0 78.157
1013.0 78.133
1014.0 78.101
1015.0 78.05
1016.0 78.027
1017.0 77.986
1018.0 77.94
1019.0 77.929999
1020.0 77.878
1021.0 77.837999
1022.0 77.8
1023.0 77.747999
1024.0 77.694
1025.0 77.672
1026.0 77.625
1027.0 77.584
1028.0 77.532
1029.0 77.512
1030.0 77.462
1031.0 77.428
1032.0 77.44
1033.0 77.36
1034.0 77.337999
1035.0 77.288
1036.0 77.224999
1037.0 77.220999
1038.0 77.18
1039.0 77.127
1040.0 77.071
1041.0 77.062
1042.0 77.000999
1043.0 76.986
1044.0 76.927
1045.0 76.874
1046.0 76.848
1047.0 76.792
1048.0 76.724999
1049.0 76.73
1050.0 76.688
1051.0 76.602999
1052.0 76.561
1053.0 76.505
1054.0 76.491
1055.0 76.44
1056.0 76.408
1057.0 76.413
1058.0 76.331
1059.0 76.275
1060.0 76.264
1061.0 76.219
1062.0 76.187
1063.0 76.113
1064.0 76.128
1065.0 76.051
1066.0 75.971
1067.0 75.953999
1068.0 75.947
1069.0 75.883
1070.0 75.817
1071.0 75.766
1072.0 75.753
1073.0 75.727
1074.0 75.69
1075.0 75.590999
1076.0 75.595
1077.0 75.517
1078.0 75.527
1079.0 75.476
1080.0 75.422
1081.0 75.432
1082.0 75.37
1083.0 75.381
1084.0 75.301
1085.0 75.239999
1086.0 75.242
1087.0 75.256999
1088.0 75.102
1089.0 75.083
1090.0 75.036
1091.0 75.058
1092.0 75.011
1093.0 75.012
1094.0 74.884
1095.0 74.865
1096.0 74.815
1097.0 74.826
1098.0 74.8
1099.0 74.717999
1100.0 74.684
