190.0 0.051
191.0 0.117
192.0 0.023
193.0 0.062
194.0 0.039
195.0 0.077
196.0 0.032
197.0 0.021
198.0 0.029
199.0 0.037
200.0 0.022
201.0 0.04
202.0 0.032
203.0 0.044
204.0 0.03
205.0 0.024
206.0 0.035
207.0 0.019
208.0 0.02
209.0 0.032
210.0 0.029
211.0 0.034
212.0 0.015
213.0 0.017
214.0 0.018
215.0 0.031
216.0 0.008
217.0 0.025
218.0 0.017
219.0 0.038
220.0 0.026
221.0 0.025
222.0 0.03
223.0 0.01
224.0 0.015
225.0 0.028
226.0 0.029
227.0 0.017
228.0 0.016
229.0 0.022
230.0 0.017
231.0 0.015
232.0 0.016
233.0 0.02
234.0 0.009
235.0 0.029
236.0 0.012
237.0 0.018
238.0 0.004
239.0 0.024
240.0 0.016
241.0 0.023
242.0 0.02
243.0 0.02
244.0 0.014
245.0 0.017
246.0 0.021
247.0 0.01
248.0 0.023
249.0 0.026
250.0 0.025
251.0 0.033
252.0 0.022
253.0 0.032
254.0 0.017
255.0 0.02
256.0 0.011
257.0 0.029
258.0 0.033
259.0 0.031
260.0 0.022
261.0 0.018
262.0 0.022
263.0 0.019
264.0 0.041
265.0 0.026
266.0 0.037
267.0 0.039
268.0 0.031
269.0 0.045
270.0 0.017
271.0 0.015
272.0 0.048
273.0 0.016
274.0 0.03
275.0 0.055999
276.0 0.012
277.0 0.02
278.0 0.037
279.0 0.028
280.0 0.029
281.0 0.057
282.0 0.059
283.0 0.072
284.0 0.05
285.0 0.039
286.0 0.052
287.0 0.044
288.0 0.043
289.0 0.047
290.0 0.044
291.0 0.074
292.0 0.05
293.0 0.014
294.0 0.043
295.0 0.025
296.0 0.038
297.0 0.031
298.0 0.043
299.0 0.054
300.0 0.047
301.0 0.034
302.0 0.064
303.0 0.008
304.0 0.028
305.0 0.037
306.0 0.039
307.0 0.085999
308.0 0.022
309.0 0.05
310.0 0.027
311.0 0.038
312.0 0.048
313.0 0.03
314.0 0.034
315.0 0.055
316.0 0.033
317.0 0.035
318.0 0.048
319.0 0.041
320.0 0.063
321.0 0.03
322.0 0.02
323.0 0.072
324.0 0.068
325.0 0.05
326.0 0.05
327.0 0.06
328.0 0.051
329.0 0.053
330.0 0.062
331.0 0.069999
332.0 0.035
333.0 0.049
334.0 0.052
335.0 0.063
336.0 0.062
337.0 0.057
338.0 0.063
339.0 0.072
340.0 0.062
341.0 0.079
342.0 0.088
343.0 0.094
344.0 0.101
345.0 0.111
346.0 0.13
347.0 0.167
348.0 0.191
349.0 0.222
350.0 0.264
351.0 0.35
352.0 0.426
353.0 0.545999
354.0 0.698
355.0 0.888
356.0 1.138
357.0 1.45
358.0 1.852
359.0 2.366
360.0 3.007
361.0 3.783
362.0 4.74
363.0 5.882
364.0 7.224
365.0 8.770999
366.0 10.529
367.0 12.476
368.0 14.574
369.0 16.869
370.0 19.225
371.0 21.703
372.0 24.264
373.0 26.853
374.0 29.463
375.0 32.022
376.0 34.515
377.0 36.929
378.0 39.199
379.0 41.375
380.0 43.392
381.0 45.256
382.0 46.952
383.0 48.599
384.0 50.061
385.0 51.212999
386.0 52.229
387.0 53.074
388.0 53.81
389.0 54.417
390.0 54.955
391.0 55.428
392.0 55.836
393.0 56.235
394.0 56.608
395.0 56.972
396.0 57.352
397.0 57.742
398.0 58.16
399.0 58.599999
400.0 59.073
401.0 59.583
402.0 60.118
403.0 60.685
404.0 61.307
405.0 61.949
406.0 62.614
407.0 63.277
408.0 63.978
409.0 64.697999
410.0 65.444
411.0 66.185
412.0 66.920999
413.0 67.658
414.0 68.41
415.0 69.136
416.0 69.812
417.0 70.491
418.0 71.106
419.0 71.709999
420.0 72.228
421.0 72.773
422.0 73.216
423.0 73.633
424.0 73.989
425.0 74.292999
426.0 74.548999
427.0 74.735
428.0 74.876
429.0 74.967
430.0 75.012
431.0 75.005
432.0 74.965999
433.0 74.829
434.0 74.719
435.0 74.578999
436.0 74.351999
437.0 74.158
438.0 73.908
439.0 73.669
440.0 73.417
441.0 73.157
442.0 72.895
443.0 72.616
444.0 72.33
445.0 72.098
446.0 71.84
447.0 71.613
448.0 71.378
449.0 71.139
450.0 70.947999
451.0 70.721999
452.0 70.584
453.0 70.396
454.0 70.27
455.0 70.143999
456.0 70.048
457.0 69.938
458.0 69.898
459.0 69.855999
460.0 69.831
461.0 69.831
462.0 69.847
463.0 69.899999
464.0 69.934
465.0 70.037
466.0 70.125
467.0 70.242999
468.0 70.376
469.0 70.533
470.0 70.699
471.0 70.908
472.0 71.108
473.0 71.325
474.0 71.575
475.0 71.804
476.0 72.043
477.0 72.324999
478.0 72.645
479.0 72.916
480.0 73.227
481.0 73.54
482.0 73.841
483.0 74.18
484.0 74.492999
485.0 74.822999
486.0 75.158999
487.0 75.505
488.0 75.848
489.0 76.215999
490.0 76.53
491.0 76.853
492.0 77.188
493.0 77.494
494.0 77.798
495.0 78.097
496.0 78.389
497.0 78.655
498.0 78.94
499.0 79.22
500.0 79.439
501.0 79.684
502.0 79.908999
503.0 80.11
504.0 80.289
505.0 80.493
506.0 80.608999
507.0 80.774999
508.0 80.878
509.0 81.016
510.0 81.099
511.0 81.152
512.0 81.235999
513.0 81.273
514.0 81.298999
515.0 81.32
516.0 81.304
517.0 81.274999
518.0 81.258
519.0 81.21
520.0 81.152
521.0 81.072999
522.0 80.988
523.0 80.884999
524.0 80.767
525.0 80.67
526.0 80.54
527.0 80.405
528.0 80.250999
529.0 80.1
530.0 79.94
531.0 79.785
532.0 79.608999
533.0 79.431
534.0 79.262
535.0 79.068
536.0 78.884
537.0 78.683
538.0 78.525
539.0 78.319
540.0 78.141
541.0 77.938
542.0 77.752
543.0 77.559
544.0 77.389
545.0 77.195
546.0 77.027
547.0 76.856
548.0 76.678
549.0 76.500999
550.0 76.349
551.0 76.176999
552.0 76.018
553.0 75.884
554.0 75.731
555.0 75.617
556.0 75.475
557.0 75.343999
558.0 75.232
559.0 75.093
560.0 74.999
561.0 74.921
562.0 74.826
563.0 74.743
564.0 74.654
565.0 74.590999
566.0 74.533
567.0 74.473
568.0 74.42
569.0 74.383
570.0 74.346
571.0 74.298
572.0 74.283
573.0 74.274
574.0 74.27
575.0 74.273
576.0 74.272
577.0 74.285
578.0 74.314
579.0 74.337
580.0 74.374
581.0 74.41
582.0 74.438999
583.0 74.504
584.0 74.572
585.0 74.625
586.0 74.69
587.0 74.773
588.0 74.858
589.0 74.938999
590.0 75.033
591.0 75.131
592.0 75.244
593.0 75.349
594.0 75.475
595.0 75.595
596.0 75.723
597.0 75.851
598.0 75.976999
599.0 76.119
600.0 76.242
601.0 76.404
602.0 76.547
603.0 76.684
604.0 76.846999
605.0 77.005
606.0 77.173999
607.0 77.325999
608.0 77.479
609.0 77.647
610.0 77.827
611.0 77.986
612.0 78.142
613.0 78.312
614.0 78.483999
615.0 78.673
616.0 78.828
617.0 79.0
618.0 79.158
619.0 79.33
620.0 79.515
621.0 79.666
622.0 79.837999
623.0 80.006999
624.0 80.173
625.0 80.327
626.0 80.503
627.0 80.66
628.0 80.816
629.0 80.974999
630.0 81.111999
631.0 81.266
632.0 81.413
633.0 81.555
634.0 81.699
635.0 81.842
636.0 81.971
637.0 82.105999
638.0 82.256
639.0 82.354
640.0 82.486
641.0 82.587
642.0 82.698
643.0 82.808
644.0 82.911999
645.0 83.009999
646.0 83.107
647.0 83.172
648.0 83.276
649.0 83.352
650.0 83.428
651.0 83.496
652.0 83.560999
653.0 83.614
654.0 83.672
655.0 83.726999
656.0 83.767
657.0 83.789999
658.0 83.816
659.0 83.855999
660.0 83.87
661.0 83.896
662.0 83.911
663.0 83.914
664.0 83.914
665.0 83.917
666.0 83.903
667.0 83.911
668.0 83.885
669.0 83.848999
670.0 83.83
671.0 83.816
672.0 83.767
673.0 83.733
674.0 83.685
675.0 83.641
676.0 83.584999
677.0 83.52
678.0 83.48
679.0 83.411999
680.0 83.342
681.0 83.247
682.0 83.187
683.0 83.13
684.0 83.048
685.0 82.938
686.0 82.86
687.0 82.775
688.0 82.664
689.0 82.583
690.0 82.497
691.0 82.384
692.0 82.293
693.0 82.189
694.0 82.071
695.0 81.962999
696.0 81.857
697.0 81.747
698.0 81.638
699.0 81.513
700.0 81.417
701.0 81.281
702.0 81.169
703.0 81.067
704.0 80.950999
705.0 80.813
706.0 80.7
707.0 80.565
708.0 80.453
709.0 80.336
710.0 80.217
711.0 80.105999
712.0 79.958
713.0 79.845999
714.0 79.723999
715.0 79.612
716.0 79.486999
717.0 79.371
718.0 79.238
719.0 79.129
720.0 79.002
721.0 78.874
722.0 78.774
723.0 78.657
724.0 78.533
725.0 78.420999
726.0 78.307999
727.0 78.17
728.0 78.063
729.0 77.975
730.0 77.851
731.0 77.747999
732.0 77.648
733.0 77.53
734.0 77.422
735.0 77.329
736.0 77.212999
737.0 77.132
738.0 77.032
739.0 76.91
740.0 76.831999
741.0 76.726
742.0 76.64
743.0 76.544
744.0 76.462
745.0 76.366999
746.0 76.283999
747.0 76.200999
748.0 76.134999
749.0 76.051
750.0 75.953
751.0 75.907
752.0 75.818
753.0 75.752
754.0 75.68
755.0 75.609
756.0 75.536
757.0 75.464
758.0 75.401
759.0 75.355999
760.0 75.302
761.0 75.238
762.0 75.176
763.0 75.136
764.0 75.081
765.0 75.023
766.0 74.961
767.0 74.94
768.0 74.898
769.0 74.846999
770.0 74.807999
771.0 74.772
772.0 74.733
773.0 74.694
774.0 74.676
775.0 74.632
776.0 74.609
777.0 74.582
778.0 74.557
779.0 74.546
780.0 74.529
781.0 74.508
782.0 74.494
783.0 74.482
784.0 74.467
785.0 74.47
786.0 74.452
787.0 74.438
788.0 74.426999
789.0 74.446
790.0 74.424
791.0 74.437
792.0 74.438
793.0 74.425
794.0 74.44
795.0 74.432
796.0 74.467
797.0 74.456999
798.0 74.497
799.0 74.492999
800.0 74.496
801.0 74.521
802.0 74.524999
803.0 74.558
804.0 74.574
805.0 74.607999
806.0 74.621
807.0 74.645
808.0 74.68
809.0 74.702
810.0 74.735
811.0 74.78
812.0 74.795999
813.0 74.831
814.0 74.861
815.0 74.911
816.0 74.941999
817.0 75.004
818.0 75.022
819.0 75.072
820.0 75.111
821.0 75.157
822.0 75.192
823.0 75.255
824.0 75.297
825.0 75.334
826.0 75.383
827.0 75.449999
828.0 75.503
829.0 75.549
830.0 75.601
831.0 75.67
832.0 75.705999
833.0 75.786
834.0 75.825
835.0 75.904
836.0 75.946
837.0 76.012999
838.0 76.082
839.0 76.129
840.0 76.188999
841.0 76.254
842.0 76.310999
843.0 76.385
844.0 76.453
845.0 76.512
846.0 76.589
847.0 76.646999
848.0 76.729
849.0 76.776
850.0 76.846
851.0 76.912
852.0 76.982
853.0 77.062
854.0 77.117999
855.0 77.195
856.0 77.279
857.0 77.331
858.0 77.402
859.0 77.474
860.0 77.546
861.0 77.622
862.0 77.687
863.0 77.756
864.0 77.830999
865.0 77.889
866.0 77.963
867.0 78.035
868.0 78.108999
869.0 78.183
870.0 78.252
871.0 78.309
872.0 78.393
873.0 78.459
874.0 78.541
875.0 78.621
876.0 78.654
877.0 78.734
878.0 78.808
879.0 78.878
880.0 78.943
881.0 78.999
882.0 79.073
883.0 79.140999
884.0 79.207
885.0 79.281
886.0 79.34
887.0 79.387
888.0 79.467
889.0 79.523
890.0 79.584999
891.0 79.652
892.0 79.715
893.0 79.765
894.0 79.829
895.0 79.901
896.0 79.971
897.0 80.037
898.0 80.073
899.0 80.147
900.0 80.183
901.0 80.258
902.0 80.289999
903.0 80.355
904.0 80.422
905.0 80.485
906.0 80.54
907.0 80.588
908.0 80.636
909.0 80.706999
910.0 80.746
911.0 80.798
912.0 80.852
913.0 80.919
914.0 80.95
915.0 80.991999
916.0 81.057
917.0 81.098
918.0 81.138
919.0 81.19
920.0 81.235999
921.0 81.274999
922.0 81.295
923.0 81.361999
924.0 81.378
925.0 81.415
926.0 81.461
927.0 81.501
928.0 81.521999
929.0 81.567
930.0 81.616
931.0 81.621
932.0 81.648
933.0 81.698
934.0 81.723
935.0 81.748
936.0 81.771
937.0 81.801999
938.0 81.813999
939.0 81.855
940.0 81.867
941.0 81.899
942.0 81.896
943.0 81.917
944.0 81.959999
945.0 81.955
946.0 82.0
947.0 81.994
948.0 82.027
949.0 82.029
950.0 82.023
951.0 82.016
952.0 82.045
953.0 82.056
954.0 82.049
955.0 82.069
956.0 82.063
957.0 82.051
958.0 82.115
959.0 82.104999
960.0 82.116999
961.0 82.131
962.0 82.119
963.0 82.104999
964.0 82.108
965.0 82.132
966.0 82.098
967.0 82.117999
968.0 82.108999
969.0 82.103
970.0 82.108999
971.0 82.067
972.0 82.071
973.0 82.093999
974.0 82.072
975.0 82.063
976.0 82.039
977.0 82.037
978.0 82.014
979.0 82.018
980.0 81.998
981.0 81.977
982.0 81.977999
983.0 81.938999
984.0 81.938999
985.0 81.92
986.0 81.896999
987.0 81.860999
988.0 81.852
989.0 81.83
990.0 81.81
991.0 81.791
992.0 81.784
993.0 81.737
994.0 81.721
995.0 81.697
996.0 81.684
997.0 81.640999
998.0 81.599
999.0 81.583
1000.0 81.523
1001.0 81.513
1002.0 81.51
1003.0 81.47
1004.0 81.450999
1005.0 81.423
1006.0 81.399999
1007.0 81.355999
1008.0 81.333
1009.0 81.306
1010.0 81.272
1011.0 81.221
1012.0 81.199
1013.0 81.173
1014.0 81.136
1015.0 81.108
1016.0 81.072
1017.0 81.032
1018.0 80.991
1019.0 80.965
1020.0 80.93
1021.0 80.863
1022.0 80.859
1023.0 80.822
1024.0 80.75
1025.0 80.713
1026.0 80.694
1027.0 80.640999
1028.0 80.591
1029.0 80.541
1030.0 80.493
1031.0 80.489
1032.0 80.462999
1033.0 80.391
1034.0 80.369999
1035.0 80.335
1036.0 80.277
1037.0 80.258
1038.0 80.229
1039.0 80.16
1040.0 80.128999
1041.0 80.084999
1042.0 80.023
1043.0 80.017
1044.0 79.944999
1045.0 79.906
1046.0 79.875
1047.0 79.82
1048.0 79.777
1049.0 79.742
1050.0 79.678
1051.0 79.621
1052.0 79.574999
1053.0 79.527
1054.0 79.491
1055.0 79.47
1056.0 79.435999
1057.0 79.398
1058.0 79.361999
1059.0 79.288
1060.0 79.258
1061.0 79.212
1062.0 79.188
1063.0 79.117
1064.0 79.093
1065.0 79.048
1066.0 78.985
1067.0 78.93
1068.0 78.934
1069.0 78.856
1070.0 78.788
1071.0 78.736999
1072.0 78.686
1073.0 78.666
1074.0 78.678
1075.0 78.607
1076.0 78.524
1077.0 78.494
1078.0 78.480999
1079.0 78.447999
1080.0 78.398
1081.0 78.349999
1082.0 78.318
1083.0 78.334
1084.0 78.25
1085.0 78.200999
1086.0 78.196
1087.0 78.104
1088.0 78.061
1089.0 78.018
1090.0 77.963
1091.0 77.899
1092.0 77.893
1093.0 77.892
1094.0 77.77
1095.0 77.724999
1096.0 77.685999
1097.0 77.711
1098.0 77.656
1099.0 77.604
1100.0 77.61
