190.0 0.074
191.0 0.132
192.0 0.064
193.0 0.073
194.0 0.062
195.0 0.074
196.0 0.044
197.0 0.034
198.0 0.052
199.0 0.049
200.0 0.03
201.0 0.033
202.0 0.045
203.0 0.061
204.0 0.033
205.0 0.034
206.0 0.024
207.0 0.03
208.0 0.025
209.0 0.031
210.0 0.037
211.0 0.04
212.0 0.028
213.0 0.017
214.0 0.035
215.0 0.017
216.0 0.026
217.0 0.027
218.0 0.018
219.0 0.032
220.0 0.033
221.0 0.026
222.0 0.021
223.0 0.019
224.0 0.021
225.0 0.014
226.0 0.033
227.0 0.044
228.0 0.017
229.0 0.018
230.0 0.016
231.0 0.019
232.0 0.002
233.0 0.022
234.0 0.025
235.0 0.034
236.0 0.015
237.0 0.022
238.0 0.03
239.0 0.019
240.0 0.032
241.0 0.012
242.0 0.03
243.0 0.029
244.0 0.015
245.0 0.016
246.0 0.026
247.0 0.022
248.0 0.018
249.0 0.016
250.0 0.026
251.0 0.039
252.0 0.015
253.0 0.034
254.0 0.023
255.0 0.03
256.0 0.022
257.0 0.03
258.0 0.032
259.0 0.04
260.0 0.036
261.0 0.033
262.0 0.032
263.0 0.034
264.0 0.046
265.0 0.019
266.0 0.045
267.0 0.051
268.0 0.051
269.0 0.055
270.0 0.047
271.0 0.049
272.0 0.035
273.0 0.024
274.0 0.046
275.0 0.058
276.0 0.051
277.0 0.054
278.0 0.047
279.0 0.051
280.0 0.038
281.0 0.061
282.0 0.065
283.0 0.080999
284.0 0.078
285.0 0.026
286.0 0.044
287.0 0.032
288.0 0.057
289.0 0.061
290.0 0.061
291.0 0.063
292.0 0.039
293.0 0.045
294.0 0.044
295.0 0.042
296.0 0.045
297.0 0.026
298.0 0.046
299.0 0.068999
300.0 0.022
301.0 0.039
302.0 0.055
303.0 0.073
304.0 0.048
305.0 0.044
306.0 0.053
307.0 0.055
308.0 0.077
309.0 0.041
310.0 0.077
311.0 0.066
312.0 0.073
313.0 0.068
314.0 0.067
315.0 0.084
316.0 0.079
317.0 0.025
318.0 0.041
319.0 0.072
320.0 0.085999
321.0 0.09
322.0 0.038
323.0 0.114
324.0 0.077
325.0 0.073
326.0 0.074
327.0 0.097
328.0 0.071
329.0 0.085999
330.0 0.068999
331.0 0.099
332.0 0.1
333.0 0.085999
334.0 0.094
335.0 0.096
336.0 0.084
337.0 0.092
338.0 0.117
339.0 0.141
340.0 0.128
341.0 0.152
342.0 0.173
343.0 0.173
344.0 0.212
345.0 0.246
346.0 0.29
347.0 0.346
348.0 0.414
349.0 0.471
350.0 0.579
351.0 0.691999
352.0 0.861
353.0 1.057
354.0 1.301
355.0 1.625
356.0 1.993
357.0 2.498
358.0 3.092
359.0 3.844
360.0 4.723
361.0 5.804
362.0 7.077999
363.0 8.558
364.0 10.246
365.0 12.16
366.0 14.247
367.0 16.544
368.0 18.933
369.0 21.386
370.0 23.827
371.0 26.221
372.0 28.499
373.0 30.708
374.0 32.796
375.0 34.775
376.0 36.681
377.0 38.563
378.0 40.387
379.0 42.267
380.0 44.133
381.0 46.009
382.0 47.963
383.0 49.964
384.0 51.993
385.0 53.947
386.0 55.91
387.0 57.812
388.0 59.7
389.0 61.463
390.0 63.13
391.0 64.664999
392.0 66.069
393.0 67.345999
394.0 68.438
395.0 69.408999
396.0 70.223
397.0 70.889
398.0 71.384
399.0 71.721999
400.0 71.944
401.0 72.057999
402.0 72.041
403.0 71.948
404.0 71.809
405.0 71.552
406.0 71.285
407.0 70.967
408.0 70.63
409.0 70.293
410.0 69.922
411.0 69.562
412.0 69.229
413.0 68.934
414.0 68.631
415.0 68.355999
416.0 68.108999
417.0 67.91
418.0 67.746
419.0 67.613999
420.0 67.532
421.0 67.411
422.0 67.396
423.0 67.416
424.0 67.496
425.0 67.574
426.0 67.730999
427.0 67.881
428.0 68.11
429.0 68.340999
430.0 68.601999
431.0 68.920999
432.0 69.239999
433.0 69.581
434.0 69.958
435.0 70.355
436.0 70.787
437.0 71.203
438.0 71.657
439.0 72.145
440.0 72.621
441.0 73.146999
442.0 73.652
443.0 74.173
444.0 74.721
445.0 75.244
446.0 75.773
447.0 76.319999
448.0 76.833
449.0 77.324
450.0 77.806
451.0 78.273
452.0 78.758
453.0 79.172
454.0 79.608999
455.0 79.99
456.0 80.357999
457.0 80.698
458.0 81.024
459.0 81.318
460.0 81.547
461.0 81.767
462.0 81.97
463.0 82.104
464.0 82.25
465.0 82.328
466.0 82.367
467.0 82.386
468.0 82.352999
469.0 82.313999
470.0 82.274
471.0 82.182999
472.0 82.044
473.0 81.886
474.0 81.699999
475.0 81.515
476.0 81.307
477.0 81.072
478.0 80.832
479.0 80.571
480.0 80.309
481.0 80.057999
482.0 79.735999
483.0 79.439
484.0 79.142
485.0 78.833
486.0 78.537
487.0 78.205
488.0 77.866999
489.0 77.578
490.0 77.266
491.0 76.959999
492.0 76.646
493.0 76.333
494.0 76.066999
495.0 75.780999
496.0 75.503
497.0 75.244
498.0 74.973999
499.0 74.728
500.0 74.468
501.0 74.249
502.0 74.044
503.0 73.841
504.0 73.611999
505.0 73.436
506.0 73.245
507.0 73.089
508.0 72.938999
509.0 72.814
510.0 72.684
511.0 72.56
512.0 72.448
513.0 72.362
514.0 72.286
515.0 72.213
516.0 72.162
517.0 72.118
518.0 72.07
519.0 72.057
520.0 72.047
521.0 72.057
522.0 72.082
523.0 72.102
524.0 72.119
525.0 72.184
526.0 72.230999
527.0 72.307999
528.0 72.379
529.0 72.47
530.0 72.574
531.0 72.694999
532.0 72.811
533.0 72.929999
534.0 73.067
535.0 73.206999
536.0 73.366
537.0 73.508
538.0 73.702
539.0 73.881
540.0 74.063
541.0 74.236999
542.0 74.417
543.0 74.614999
544.0 74.819
545.0 75.058
546.0 75.256999
547.0 75.449
548.0 75.696
549.0 75.909
550.0 76.161999
551.0 76.378999
552.0 76.629
553.0 76.863
554.0 77.087
555.0 77.306
556.0 77.568
557.0 77.786999
558.0 78.037
559.0 78.264
560.0 78.447
561.0 78.715999
562.0 78.943
563.0 79.146
564.0 79.404
565.0 79.608999
566.0 79.837
567.0 80.044
568.0 80.285
569.0 80.512
570.0 80.700999
571.0 80.92
572.0 81.114
573.0 81.311
574.0 81.494999
575.0 81.666
576.0 81.843999
577.0 82.021999
578.0 82.184
579.0 82.36
580.0 82.506
581.0 82.639
582.0 82.762
583.0 82.875
584.0 82.965
585.0 83.076
586.0 83.147
587.0 83.212
588.0 83.276
589.0 83.325
590.0 83.357
591.0 83.393
592.0 83.414
593.0 83.42
594.0 83.428
595.0 83.435999
596.0 83.43
597.0 83.42
598.0 83.404
599.0 83.381
600.0 83.347
601.0 83.325
602.0 83.273
603.0 83.235
604.0 83.182
605.0 83.114
606.0 83.053
607.0 82.98
608.0 82.895
609.0 82.816999
610.0 82.733
611.0 82.63
612.0 82.533999
613.0 82.426999
614.0 82.327
615.0 82.218999
616.0 82.104
617.0 81.971
618.0 81.840999
619.0 81.699
620.0 81.581
621.0 81.438999
622.0 81.295
623.0 81.155999
624.0 80.998
625.0 80.857
626.0 80.702
627.0 80.547
628.0 80.387
629.0 80.227999
630.0 80.073
631.0 79.906
632.0 79.745
633.0 79.577
634.0 79.422
635.0 79.257
636.0 79.08
637.0 78.928
638.0 78.756
639.0 78.596999
640.0 78.435999
641.0 78.27
642.0 78.101
643.0 77.952
644.0 77.798
645.0 77.624
646.0 77.456999
647.0 77.319999
648.0 77.161
649.0 77.003
650.0 76.84
651.0 76.697
652.0 76.544
653.0 76.383
654.0 76.238
655.0 76.093999
656.0 75.96
657.0 75.826
658.0 75.693999
659.0 75.551999
660.0 75.408
661.0 75.271
662.0 75.145
663.0 75.01
664.0 74.886
665.0 74.755
666.0 74.634
667.0 74.527
668.0 74.405
669.0 74.304
670.0 74.193
671.0 74.081
672.0 73.980999
673.0 73.877
674.0 73.783
675.0 73.684
676.0 73.571
677.0 73.476
678.0 73.38
679.0 73.304999
680.0 73.229999
681.0 73.143
682.0 73.048
683.0 72.976
684.0 72.958
685.0 72.912
686.0 72.857
687.0 72.780999
688.0 72.724999
689.0 72.664
690.0 72.614999
691.0 72.572
692.0 72.513
693.0 72.468999
694.0 72.438999
695.0 72.386
696.0 72.340999
697.0 72.315
698.0 72.295
699.0 72.255
700.0 72.232
701.0 72.208
702.0 72.188
703.0 72.173
704.0 72.149
705.0 72.14
706.0 72.129
707.0 72.118
708.0 72.111
709.0 72.107
710.0 72.096999
711.0 72.111
712.0 72.099
713.0 72.121
714.0 72.116
715.0 72.124
716.0 72.136
717.0 72.149
718.0 72.170999
719.0 72.173
720.0 72.197
721.0 72.209
722.0 72.25
723.0 72.277
724.0 72.289999
725.0 72.33
726.0 72.351
727.0 72.396
728.0 72.419
729.0 72.45
730.0 72.503
731.0 72.521
732.0 72.568999
733.0 72.614
734.0 72.658999
735.0 72.693
736.0 72.751
737.0 72.788
738.0 72.843999
739.0 72.897
740.0 72.941999
741.0 73.007
742.0 73.067
743.0 73.102999
744.0 73.172
745.0 73.229999
746.0 73.302
747.0 73.342
748.0 73.412
749.0 73.474999
750.0 73.541
751.0 73.592
752.0 73.678999
753.0 73.731
754.0 73.81
755.0 73.878
756.0 73.953
757.0 74.007
758.0 74.102999
759.0 74.154
760.0 74.25
761.0 74.309
762.0 74.395
763.0 74.468
764.0 74.539
765.0 74.639
766.0 74.714
767.0 74.8
768.0 74.865
769.0 74.975
770.0 75.027999
771.0 75.127
772.0 75.194
773.0 75.263
774.0 75.327999
775.0 75.394
776.0 75.476
777.0 75.534
778.0 75.590999
779.0 75.639
780.0 75.726
781.0 75.798
782.0 75.890999
783.0 75.980999
784.0 76.092
785.0 76.172
786.0 76.243
787.0 76.315
788.0 76.386
789.0 76.465999
790.0 76.55
791.0 76.605
792.0 76.706
793.0 76.752
794.0 76.834
795.0 76.931
796.0 76.991
797.0 77.06
798.0 77.129
799.0 77.192
800.0 77.244
801.0 77.327
802.0 77.388
803.0 77.458
804.0 77.514
805.0 77.58
806.0 77.661
807.0 77.729
808.0 77.776
809.0 77.841
810.0 77.887
811.0 77.952999
812.0 78.018
813.0 78.051999
814.0 78.125
815.0 78.175
816.0 78.215999
817.0 78.267
818.0 78.334
819.0 78.373
820.0 78.434
821.0 78.48
822.0 78.524
823.0 78.561
824.0 78.625999
825.0 78.635
826.0 78.691
827.0 78.73
828.0 78.78
829.0 78.805
830.0 78.829
831.0 78.874
832.0 78.915
833.0 78.943
834.0 78.971
835.0 79.005
836.0 79.051
837.0 79.064
838.0 79.086999
839.0 79.108
840.0 79.135
841.0 79.149
842.0 79.186
843.0 79.181
844.0 79.205
845.0 79.244
846.0 79.239999
847.0 79.261
848.0 79.264
849.0 79.282
850.0 79.296
851.0 79.283999
852.0 79.313999
853.0 79.339
854.0 79.313
855.0 79.315
856.0 79.344
857.0 79.304
858.0 79.324
859.0 79.313
860.0 79.32
861.0 79.325
862.0 79.315
863.0 79.298999
864.0 79.301
865.0 79.269
866.0 79.261
867.0 79.268
868.0 79.252
869.0 79.232
870.0 79.214
871.0 79.209
872.0 79.179999
873.0 79.174
874.0 79.139
875.0 79.105999
876.0 79.101999
877.0 79.083
878.0 79.065
879.0 79.015
880.0 79.018
881.0 78.967
882.0 78.967
883.0 78.893999
884.0 78.846
885.0 78.828
886.0 78.747999
887.0 78.708999
888.0 78.655
889.0 78.623
890.0 78.592
891.0 78.542
892.0 78.509
893.0 78.476
894.0 78.427
895.0 78.379
896.0 78.330999
897.0 78.292
898.0 78.238
899.0 78.2
900.0 78.132
901.0 78.125999
902.0 78.063
903.0 78.013
904.0 78.003
905.0 77.964999
906.0 77.944999
907.0 77.893
908.0 77.864
909.0 77.822999
910.0 77.766
911.0 77.73
912.0 77.702
913.0 77.651
914.0 77.614
915.0 77.571
916.0 77.52
917.0 77.464
918.0 77.429999
919.0 77.36
920.0 77.313
921.0 77.241
922.0 77.176
923.0 77.11
924.0 77.051
925.0 76.988
926.0 76.915
927.0 76.841
928.0 76.789
929.0 76.738
930.0 76.681999
931.0 76.61
932.0 76.556
933.0 76.488
934.0 76.436
935.0 76.38
936.0 76.303
937.0 76.254
938.0 76.211
939.0 76.142
940.0 76.051999
941.0 76.009
942.0 75.944999
943.0 75.871
944.0 75.831999
945.0 75.755
946.0 75.697
947.0 75.593999
948.0 75.545
949.0 75.475
950.0 75.429999
951.0 75.349
952.0 75.276
953.0 75.221999
954.0 75.138
955.0 75.114999
956.0 75.031
957.0 74.967
958.0 74.9
959.0 74.827
960.0 74.824
961.0 74.756
962.0 74.685
963.0 74.646
964.0 74.573
965.0 74.528
966.0 74.456
967.0 74.378999
968.0 74.341
969.0 74.287
970.0 74.219
971.0 74.165
972.0 74.106
973.0 74.036
974.0 73.97
975.0 73.935
976.0 73.857
977.0 73.81
978.0 73.755
979.0 73.694
980.0 73.634999
981.0 73.568
982.0 73.514
983.0 73.411
984.0 73.363
985.0 73.29
986.0 73.25
987.0 73.193
988.0 73.146
989.0 73.079
990.0 73.021
991.0 72.958
992.0 72.91
993.0 72.855
994.0 72.801
995.0 72.724
996.0 72.693
997.0 72.618
998.0 72.575999
999.0 72.511
1000.0 72.464
1001.0 72.43
1002.0 72.363
1003.0 72.321
1004.0 72.304
1005.0 72.25
1006.0 72.19
1007.0 72.16
1008.0 72.108999
1009.0 72.059
1010.0 72.003
1011.0 71.937
1012.0 71.894
1013.0 71.855
1014.0 71.835
1015.0 71.77
1016.0 71.712
1017.0 71.684
1018.0 71.636
1019.0 71.604
1020.0 71.53
1021.0 71.502
1022.0 71.456
1023.0 71.402
1024.0 71.347
1025.0 71.319999
1026.0 71.285
1027.0 71.223
1028.0 71.191999
1029.0 71.163
1030.0 71.13
1031.0 71.091
1032.0 71.047
1033.0 71.029
1034.0 70.996
1035.0 70.970999
1036.0 70.934
1037.0 70.886
1038.0 70.872
1039.0 70.828999
1040.0 70.796
1041.0 70.779
1042.0 70.728
1043.0 70.682
1044.0 70.687999
1045.0 70.628
1046.0 70.603
1047.0 70.574
1048.0 70.537
1049.0 70.517
1050.0 70.499
1051.0 70.462
1052.0 70.442
1053.0 70.395
1054.0 70.379
1055.0 70.343
1056.0 70.328999
1057.0 70.294
1058.0 70.284
1059.0 70.242
1060.0 70.217
1061.0 70.205
1062.0 70.175
1063.0 70.172
1064.0 70.154
1065.0 70.114
1066.0 70.116
1067.0 70.057999
1068.0 69.989
1069.0 69.982
1070.0 69.958
1071.0 69.958
1072.0 69.947999
1073.0 69.943999
1074.0 69.891
1075.0 69.911
1076.0 69.866
1077.0 69.854
1078.0 69.889
1079.0 69.819
1080.0 69.808
1081.0 69.804999
1082.0 69.855
1083.0 69.806
1084.0 69.785
1085.0 69.785
1086.0 69.736
1087.0 69.754
1088.0 69.746
1089.0 69.696
1090.0 69.74
1091.0 69.693
1092.0 69.701
1093.0 69.645
1094.0 69.706999
1095.0 69.708
1096.0 69.659
1097.0 69.684
1098.0 69.63
1099.0 69.628999
1100.0 69.621
