190.0 0.052
191.0 0.105
192.0 0.028
193.0 0.064
194.0 0.049
195.0 0.057
196.0 0.042
197.0 0.013
198.0 0.01
199.0 0.028
200.0 0.034
201.0 0.038
202.0 0.033
203.0 0.052
204.0 0.034
205.0 0.032
206.0 0.016
207.0 0.017
208.0 0.022
209.0 0.011
210.0 0.027
211.0 0.04
212.0 0.027
213.0 0.011
214.0 0.008
215.0 0.021
216.0 0.013
217.0 0.017
218.0 0.009
219.0 0.039
220.0 0.022
221.0 0.015
222.0 0.016
223.0 0.017
224.0 0.018
225.0 0.018
226.0 0.024
227.0 0.028
228.0 0.014
229.0 0.01
230.0 0.014
231.0 0.022
232.0 0.017
233.0 0.019
234.0 0.024
235.0 0.033
236.0 0.006999
237.0 0.017
238.0 0.005
239.0 0.021
240.0 0.008
241.0 0.019
242.0 0.022
243.0 0.011
244.0 0.013
245.0 0.019
246.0 0.016
247.0 0.004
248.0 0.006999
249.0 0.008
250.0 0.015
251.0 0.034
252.0 0.025
253.0 0.016
254.0 0.001
255.0 0.004
256.0 0.018
257.0 0.012
258.0 0.006999
259.0 0.036
260.0 0.031
261.0 0.015
262.0 0.022
263.0 0.019
264.0 0.026
265.0 0.01
266.0 0.019
267.0 0.05
268.0 0.027
269.0 0.025
270.0 0.041
271.0 0.044
272.0 0.032
273.0 0.008
274.0 0.028
275.0 0.051
276.0 0.032
277.0 0.035
278.0 0.04
279.0 0.04
280.0 0.035
281.0 0.035
282.0 0.016
283.0 0.069999
284.0 0.03
285.0 0.043
286.0 0.015
287.0 0.023
288.0 0.053
289.0 0.034
290.0 0.064
291.0 0.034
292.0 0.038
293.0 0.041
294.0 0.043
295.0 0.031
296.0 0.037
297.0 0.031
298.0 0.047
299.0 0.080999
300.0 0.028
301.0 0.035
302.0 0.015
303.0 0.062
304.0 0.024
305.0 0.022
306.0 0.044
307.0 0.06
308.0 0.052
309.0 0.026
310.0 0.014
311.0 0.06
312.0 0.038
313.0 0.037
314.0 0.074
315.0 0.077
316.0 0.047
317.0 0.064
318.0 0.057
319.0 0.075
320.0 0.022
321.0 0.082
322.0 0.084
323.0 0.124
324.0 0.068999
325.0 0.071
326.0 0.042
327.0 0.071
328.0 0.072
329.0 0.077
330.0 0.08
331.0 0.095
332.0 0.080999
333.0 0.091
334.0 0.076
335.0 0.085999
336.0 0.084999
337.0 0.084
338.0 0.088
339.0 0.091
340.0 0.092
341.0 0.096
342.0 0.099
343.0 0.102
344.0 0.103
345.0 0.114
346.0 0.122
347.0 0.129
348.0 0.132
349.0 0.139
350.0 0.151
351.0 0.181
352.0 0.187
353.0 0.208
354.0 0.244
355.0 0.291
356.0 0.327
357.0 0.399
358.0 0.491
359.0 0.614
360.0 0.779
361.0 0.979
362.0 1.265
363.0 1.651
364.0 2.147
365.0 2.795
366.0 3.663
367.0 4.772
368.0 6.156
369.0 7.822
370.0 9.818999
371.0 12.068
372.0 14.575
373.0 17.265
374.0 20.12
375.0 23.081
376.0 26.121
377.0 29.165
378.0 32.24
379.0 35.343
380.0 38.455
381.0 41.531
382.0 44.601
383.0 47.761
384.0 50.82
385.0 53.576
386.0 56.161
387.0 58.487
388.0 60.582
389.0 62.368
390.0 63.914
391.0 65.18
392.0 66.2
393.0 66.986999
394.0 67.578
395.0 68.006
396.0 68.269
397.0 68.457
398.0 68.524
399.0 68.547
400.0 68.545999
401.0 68.515
402.0 68.471
403.0 68.476
404.0 68.494
405.0 68.518
406.0 68.625
407.0 68.744
408.0 68.928
409.0 69.144
410.0 69.405
411.0 69.729
412.0 70.116
413.0 70.499
414.0 70.957
415.0 71.461
416.0 71.997999
417.0 72.575
418.0 73.151
419.0 73.751
420.0 74.387
421.0 75.113
422.0 75.73
423.0 76.389
424.0 77.065
425.0 77.669999
426.0 78.312
427.0 78.925
428.0 79.505
429.0 80.005
430.0 80.568
431.0 81.003
432.0 81.437
433.0 81.777
434.0 82.14
435.0 82.408999
436.0 82.634
437.0 82.813999
438.0 82.958
439.0 83.032
440.0 83.081
441.0 83.047
442.0 83.013
443.0 82.923999
444.0 82.779
445.0 82.581
446.0 82.366
447.0 82.093
448.0 81.832
449.0 81.556
450.0 81.239999
451.0 80.949
452.0 80.593
453.0 80.254
454.0 79.903
455.0 79.552
456.0 79.212999
457.0 78.863
458.0 78.545
459.0 78.211
460.0 77.898
461.0 77.589
462.0 77.293
463.0 76.994
464.0 76.752
465.0 76.514
466.0 76.281
467.0 76.082
468.0 75.914999
469.0 75.749
470.0 75.610999
471.0 75.489999
472.0 75.401
473.0 75.316
474.0 75.27
475.0 75.227999
476.0 75.217999
477.0 75.238
478.0 75.253
479.0 75.3
480.0 75.376
481.0 75.444999
482.0 75.558
483.0 75.655
484.0 75.794
485.0 75.96
486.0 76.137
487.0 76.310999
488.0 76.517
489.0 76.727
490.0 76.932999
491.0 77.2
492.0 77.444
493.0 77.675
494.0 77.971
495.0 78.232
496.0 78.515999
497.0 78.81
498.0 79.09
499.0 79.396999
500.0 79.706999
501.0 80.006
502.0 80.292
503.0 80.6
504.0 80.887
505.0 81.202
506.0 81.512
507.0 81.797
508.0 82.075
509.0 82.345
510.0 82.637
511.0 82.882
512.0 83.152
513.0 83.401
514.0 83.638
515.0 83.867
516.0 84.077
517.0 84.268
518.0 84.450999
519.0 84.608
520.0 84.794
521.0 84.929
522.0 85.060999
523.0 85.143
524.0 85.253
525.0 85.343
526.0 85.404
527.0 85.450999
528.0 85.492
529.0 85.516
530.0 85.532
531.0 85.503
532.0 85.479
533.0 85.449
534.0 85.382
535.0 85.338
536.0 85.22
537.0 85.15
538.0 85.05
539.0 84.949
540.0 84.81
541.0 84.670999
542.0 84.536
543.0 84.379
544.0 84.217
545.0 84.044
546.0 83.87
547.0 83.664
548.0 83.477
549.0 83.295
550.0 83.084999
551.0 82.894
552.0 82.663
553.0 82.447999
554.0 82.254
555.0 82.041
556.0 81.833999
557.0 81.596999
558.0 81.395
559.0 81.179
560.0 80.998
561.0 80.772
562.0 80.564
563.0 80.369
564.0 80.16
565.0 79.94
566.0 79.722
567.0 79.547
568.0 79.340999
569.0 79.137
570.0 78.949
571.0 78.766
572.0 78.573
573.0 78.408
574.0 78.233
575.0 78.068
576.0 77.899
577.0 77.751
578.0 77.614
579.0 77.491
580.0 77.356
581.0 77.231
582.0 77.133
583.0 77.058
584.0 76.971
585.0 76.902
586.0 76.842999
587.0 76.797
588.0 76.751
589.0 76.723
590.0 76.703
591.0 76.676
592.0 76.658
593.0 76.645
594.0 76.651
595.0 76.641
596.0 76.631
597.0 76.631
598.0 76.648
599.0 76.657
600.0 76.672
601.0 76.699
602.0 76.724999
603.0 76.759
604.0 76.79
605.0 76.836
606.0 76.88
607.0 76.941
608.0 76.995
609.0 77.051
610.0 77.125
611.0 77.188999
612.0 77.268
613.0 77.346999
614.0 77.444
615.0 77.518
616.0 77.62
617.0 77.711
618.0 77.813
619.0 77.924
620.0 78.036
621.0 78.152999
622.0 78.269
623.0 78.383
624.0 78.506
625.0 78.641
626.0 78.755
627.0 78.877
628.0 79.011
629.0 79.146
630.0 79.279
631.0 79.415
632.0 79.554
633.0 79.679999
634.0 79.833
635.0 79.97
636.0 80.128999
637.0 80.271
638.0 80.396999
639.0 80.556
640.0 80.7
641.0 80.843
642.0 80.974
643.0 81.136
644.0 81.261
645.0 81.394
646.0 81.548
647.0 81.676999
648.0 81.815
649.0 81.964
650.0 82.099999
651.0 82.221999
652.0 82.343999
653.0 82.473
654.0 82.599999
655.0 82.732
656.0 82.845
657.0 82.962
658.0 83.072
659.0 83.184
660.0 83.281
661.0 83.389
662.0 83.494
663.0 83.592
664.0 83.691999
665.0 83.777999
666.0 83.864999
667.0 83.947
668.0 84.044
669.0 84.107
670.0 84.176
671.0 84.244
672.0 84.313999
673.0 84.375999
674.0 84.413
675.0 84.453999
676.0 84.505
677.0 84.56
678.0 84.587999
679.0 84.629
680.0 84.67
681.0 84.667999
682.0 84.697999
683.0 84.713
684.0 84.675
685.0 84.649
686.0 84.662
687.0 84.664
688.0 84.633
689.0 84.652
690.0 84.633
691.0 84.596
692.0 84.584
693.0 84.547
694.0 84.521999
695.0 84.480999
696.0 84.445
697.0 84.408
698.0 84.352999
699.0 84.303
700.0 84.256
701.0 84.196
702.0 84.131
703.0 84.06
704.0 83.999
705.0 83.923
706.0 83.845
707.0 83.768
708.0 83.681
709.0 83.589
710.0 83.515
711.0 83.421
712.0 83.336
713.0 83.226
714.0 83.148
715.0 83.037
716.0 82.926
717.0 82.833
718.0 82.732
719.0 82.632
720.0 82.515
721.0 82.379
722.0 82.282
723.0 82.161
724.0 82.05
725.0 81.945
726.0 81.821
727.0 81.696
728.0 81.572
729.0 81.453
730.0 81.331
731.0 81.218
732.0 81.08
733.0 80.955
734.0 80.83
735.0 80.7
736.0 80.572999
737.0 80.45
738.0 80.321
739.0 80.202
740.0 80.073
741.0 79.944999
742.0 79.810999
743.0 79.698
744.0 79.569999
745.0 79.44
746.0 79.34
747.0 79.215999
748.0 79.069
749.0 78.962
750.0 78.84
751.0 78.723
752.0 78.58
753.0 78.482
754.0 78.368
755.0 78.251
756.0 78.131
757.0 78.011
758.0 77.904
759.0 77.791
760.0 77.682
761.0 77.569
762.0 77.45
763.0 77.352
764.0 77.239
765.0 77.141
766.0 77.035
767.0 76.924
768.0 76.818
769.0 76.702
770.0 76.625
771.0 76.524
772.0 76.42
773.0 76.349999
774.0 76.266
775.0 76.204
776.0 76.126
777.0 76.063999
778.0 76.012
779.0 75.973
780.0 75.907
781.0 75.798
782.0 75.717999
783.0 75.611999
784.0 75.504
785.0 75.409
786.0 75.326
787.0 75.277
788.0 75.217999
789.0 75.149
790.0 75.063
791.0 75.02
792.0 74.951
793.0 74.897
794.0 74.843999
795.0 74.72
796.0 74.703
797.0 74.634999
798.0 74.602999
799.0 74.566
800.0 74.511
801.0 74.476
802.0 74.417
803.0 74.404
804.0 74.378999
805.0 74.337
806.0 74.315
807.0 74.280999
808.0 74.264
809.0 74.22
810.0 74.19
811.0 74.177
812.0 74.168
813.0 74.13
814.0 74.132
815.0 74.085
816.0 74.099
817.0 74.075999
818.0 74.056
819.0 74.062
820.0 74.059
821.0 74.047
822.0 74.039999
823.0 74.044
824.0 74.023
825.0 74.026
826.0 74.016
827.0 74.033
828.0 74.034
829.0 74.038
830.0 74.045
831.0 74.051
832.0 74.063999
833.0 74.068
834.0 74.101
835.0 74.107
836.0 74.114999
837.0 74.123
838.0 74.146
839.0 74.16
840.0 74.200999
841.0 74.204
842.0 74.233999
843.0 74.283999
844.0 74.295999
845.0 74.329
846.0 74.346999
847.0 74.376
848.0 74.39
849.0 74.437
850.0 74.458
851.0 74.489
852.0 74.532
853.0 74.555
854.0 74.602
855.0 74.634
856.0 74.682
857.0 74.721
858.0 74.780999
859.0 74.8
860.0 74.851
861.0 74.895
862.0 74.924
863.0 74.983999
864.0 75.024
865.0 75.082
866.0 75.133
867.0 75.177
868.0 75.215
869.0 75.253
870.0 75.338
871.0 75.395
872.0 75.441
873.0 75.489999
874.0 75.544
875.0 75.616
876.0 75.677
877.0 75.727
878.0 75.778
879.0 75.836
880.0 75.905
881.0 75.963
882.0 76.056
883.0 76.141
884.0 76.224
885.0 76.3
886.0 76.382
887.0 76.458
888.0 76.534
889.0 76.586
890.0 76.661
891.0 76.704
892.0 76.789
893.0 76.810999
894.0 76.881999
895.0 76.959
896.0 76.99
897.0 77.072
898.0 77.13
899.0 77.181
900.0 77.241
901.0 77.283
902.0 77.342999
903.0 77.381999
904.0 77.432999
905.0 77.455
906.0 77.48
907.0 77.523
908.0 77.533
909.0 77.549
910.0 77.577
911.0 77.584
912.0 77.598
913.0 77.616
914.0 77.604
915.0 77.652
916.0 77.641
917.0 77.666
918.0 77.691
919.0 77.708999
920.0 77.736999
921.0 77.754
922.0 77.804
923.0 77.837999
924.0 77.876
925.0 77.898
926.0 77.947
927.0 78.002
928.0 78.054
929.0 78.097
930.0 78.132
931.0 78.203999
932.0 78.227999
933.0 78.303
934.0 78.348
935.0 78.413
936.0 78.446
937.0 78.507
938.0 78.547
939.0 78.592
940.0 78.651
941.0 78.703999
942.0 78.768
943.0 78.816
944.0 78.849
945.0 78.91
946.0 78.956
947.0 79.009
948.0 79.051
949.0 79.072
950.0 79.104
951.0 79.14
952.0 79.198
953.0 79.235999
954.0 79.295
955.0 79.333
956.0 79.379
957.0 79.420999
958.0 79.453
959.0 79.479999
960.0 79.547
961.0 79.566999
962.0 79.622
963.0 79.652999
964.0 79.694
965.0 79.714
966.0 79.766
967.0 79.794
968.0 79.818
969.0 79.869999
970.0 79.861
971.0 79.920999
972.0 79.944999
973.0 79.979999
974.0 79.999
975.0 80.021
976.0 80.038
977.0 80.099
978.0 80.113
979.0 80.155
980.0 80.258
981.0 80.376
982.0 80.369
983.0 80.416
984.0 80.447
985.0 80.453
986.0 80.479
987.0 80.471
988.0 80.52
989.0 80.494
990.0 80.525
991.0 80.547
992.0 80.55
993.0 80.577
994.0 80.581999
995.0 80.58
996.0 80.605999
997.0 80.621
998.0 80.652999
999.0 80.64
1000.0 80.635
1001.0 80.649
1002.0 80.656
1003.0 80.672
1004.0 80.644
1005.0 80.652999
1006.0 80.647
1007.0 80.659
1008.0 80.656
1009.0 80.642
1010.0 80.678
1011.0 80.633
1012.0 80.657
1013.0 80.648
1014.0 80.635
1015.0 80.65
1016.0 80.64
1017.0 80.62
1018.0 80.586
1019.0 80.607
1020.0 80.591
1021.0 80.605
1022.0 80.581
1023.0 80.576
1024.0 80.549
1025.0 80.497
1026.0 80.501
1027.0 80.491999
1028.0 80.477
1029.0 80.476
1030.0 80.44
1031.0 80.432
1032.0 80.405
1033.0 80.387
1034.0 80.398
1035.0 80.376
1036.0 80.325999
1037.0 80.328999
1038.0 80.315
1039.0 80.285
1040.0 80.261
1041.0 80.235999
1042.0 80.229
1043.0 80.186
1044.0 80.148
1045.0 80.146
1046.0 80.117999
1047.0 80.089
1048.0 80.054999
1049.0 80.034
1050.0 80.024
1051.0 79.983
1052.0 79.935999
1053.0 79.938
1054.0 79.845999
1055.0 79.876
1056.0 79.844
1057.0 79.834999
1058.0 79.798999
1059.0 79.771
1060.0 79.734
1061.0 79.718
1062.0 79.674
1063.0 79.652999
1064.0 79.625999
1065.0 79.556
1066.0 79.554
1067.0 79.532
1068.0 79.462999
1069.0 79.429
1070.0 79.423
1071.0 79.34
1072.0 79.308
1073.0 79.301999
1074.0 79.265
1075.0 79.261
1076.0 79.209
1077.0 79.19
1078.0 79.137999
1079.0 79.123
1080.0 79.06
1081.0 79.042
1082.0 78.983999
1083.0 79.003999
1084.0 78.934
1085.0 78.861
1086.0 78.899
1087.0 78.798
1088.0 78.81
1089.0 78.773
1090.0 78.669
1091.0 78.617
1092.0 78.619
1093.0 78.521
1094.0 78.489
1095.0 78.551
1096.0 78.408999
1097.0 78.405
1098.0 78.385
1099.0 78.369
1100.0 78.322999
