190.0 0.06
191.0 0.111
192.0 0.044
193.0 0.078
194.0 0.036
195.0 0.058
196.0 0.04
197.0 0.041
198.0 0.052
199.0 0.024
200.0 0.034
201.0 0.045
202.0 0.049
203.0 0.048
204.0 0.032
205.0 0.022
206.0 0.036
207.0 0.025
208.0 0.013
209.0 0.022
210.0 0.023
211.0 0.04
212.0 0.013
213.0 0.024
214.0 0.027
215.0 0.023
216.0 0.009
217.0 0.034
218.0 0.011
219.0 0.044
220.0 0.03
221.0 0.006999
222.0 0.022
223.0 0.025
224.0 0.025
225.0 0.02
226.0 0.019
227.0 0.045
228.0 0.021
229.0 0.014
230.0 0.016
231.0 0.019
232.0 0.011
233.0 0.016
234.0 0.019
235.0 0.037
236.0 0.02
237.0 0.012
238.0 0.019
239.0 0.019
240.0 0.013
241.0 0.027
242.0 0.018
243.0 0.028
244.0 0.021
245.0 0.029
246.0 0.0
247.0 0.021
248.0 0.014
249.0 0.023
250.0 0.01
251.0 0.04
252.0 0.015
253.0 0.026
254.0 0.02
255.0 0.029
256.0 0.01
257.0 0.04
258.0 0.025
259.0 0.037
260.0 -0.001
261.0 0.032
262.0 0.031
263.0 0.032
264.0 0.01
265.0 0.031
266.0 0.029
267.0 0.055
268.0 0.057
269.0 0.035
270.0 0.046
271.0 0.062
272.0 0.036
273.0 0.031
274.0 0.039
275.0 0.075
276.0 0.035
277.0 0.049
278.0 0.045
279.0 0.01
280.0 0.023
281.0 0.028
282.0 0.031
283.0 0.069999
284.0 0.035
285.0 0.025
286.0 0.022
287.0 0.02
288.0 0.047
289.0 0.037
290.0 0.068999
291.0 0.062
292.0 0.028
293.0 0.04
294.0 0.028
295.0 0.04
296.0 0.035
297.0 0.042
298.0 0.03
299.0 0.071
300.0 0.032
301.0 0.054
302.0 0.052
303.0 0.046
304.0 0.013
305.0 0.059
306.0 0.071
307.0 0.065
308.0 0.068
309.0 0.047
310.0 0.029
311.0 0.044
312.0 0.027
313.0 0.042
314.0 0.061
315.0 0.091
316.0 0.075
317.0 0.080999
318.0 0.05
319.0 0.058
320.0 0.057
321.0 0.073
322.0 0.06
323.0 0.086999
324.0 0.023
325.0 0.067
326.0 0.071
327.0 0.078
328.0 0.052
329.0 0.084
330.0 0.05
331.0 0.111
332.0 0.079
333.0 0.063
334.0 0.079
335.0 0.082
336.0 0.085999
337.0 0.074
338.0 0.094
339.0 0.12
340.0 0.107
341.0 0.114
342.0 0.116
343.0 0.138
344.0 0.153
345.0 0.164
346.0 0.206
347.0 0.244
348.0 0.278
349.0 0.329
350.0 0.405
351.0 0.496999
352.0 0.611
353.0 0.763
354.0 0.952
355.0 1.21
356.0 1.501
357.0 1.918
358.0 2.42
359.0 3.034
360.0 3.807
361.0 4.75
362.0 5.887
363.0 7.257
364.0 8.856999
365.0 10.724
366.0 12.86
367.0 15.248
368.0 17.863
369.0 20.681
370.0 23.59
371.0 26.526
372.0 29.491
373.0 32.293
374.0 34.945
375.0 37.364
376.0 39.503
377.0 41.457
378.0 43.164
379.0 44.725
380.0 46.123
381.0 47.385
382.0 48.651
383.0 49.997
384.0 51.266
385.0 52.47
386.0 53.671
387.0 54.874999
388.0 56.104
389.0 57.352
390.0 58.631
391.0 59.896
392.0 61.201
393.0 62.527
394.0 63.843
395.0 65.173999
396.0 66.468999
397.0 67.753
398.0 69.017
399.0 70.23
400.0 71.38
401.0 72.458999
402.0 73.495
403.0 74.429999
404.0 75.312
405.0 76.075
406.0 76.752
407.0 77.33
408.0 77.806
409.0 78.195
410.0 78.474
411.0 78.699
412.0 78.797
413.0 78.844
414.0 78.834
415.0 78.724999
416.0 78.576
417.0 78.368
418.0 78.116
419.0 77.858
420.0 77.522
421.0 77.191
422.0 76.858999
423.0 76.491
424.0 76.163
425.0 75.788
426.0 75.446
427.0 75.087999
428.0 74.736
429.0 74.411
430.0 74.151
431.0 73.869
432.0 73.607
433.0 73.384
434.0 73.197999
435.0 73.041
436.0 72.892
437.0 72.812
438.0 72.713
439.0 72.690999
440.0 72.709999
441.0 72.729
442.0 72.789999
443.0 72.902
444.0 73.009999
445.0 73.193
446.0 73.401
447.0 73.599
448.0 73.843
449.0 74.133
450.0 74.419
451.0 74.721999
452.0 75.06
453.0 75.402
454.0 75.771999
455.0 76.156
456.0 76.562
457.0 76.952
458.0 77.364999
459.0 77.783999
460.0 78.2
461.0 78.657
462.0 79.085
463.0 79.512
464.0 79.918
465.0 80.364
466.0 80.76
467.0 81.167999
468.0 81.566
469.0 81.942
470.0 82.321999
471.0 82.694
472.0 83.031
473.0 83.336
474.0 83.649
475.0 83.931
476.0 84.206
477.0 84.468
478.0 84.721
479.0 84.891
480.0 85.086
481.0 85.241999
482.0 85.369
483.0 85.479
484.0 85.586
485.0 85.63
486.0 85.687
487.0 85.717
488.0 85.72
489.0 85.705
490.0 85.654
491.0 85.58
492.0 85.505
493.0 85.405
494.0 85.291
495.0 85.146999
496.0 84.992
497.0 84.831
498.0 84.66
499.0 84.476
500.0 84.264
501.0 84.056
502.0 83.842
503.0 83.604999
504.0 83.348
505.0 83.128999
506.0 82.875
507.0 82.616999
508.0 82.357
509.0 82.107
510.0 81.854
511.0 81.588
512.0 81.344
513.0 81.08
514.0 80.822
515.0 80.576
516.0 80.322
517.0 80.061
518.0 79.818999
519.0 79.577
520.0 79.36
521.0 79.135
522.0 78.919
523.0 78.724999
524.0 78.501
525.0 78.329
526.0 78.147
527.0 77.971999
528.0 77.807999
529.0 77.654
530.0 77.497
531.0 77.378
532.0 77.244
533.0 77.122
534.0 77.015999
535.0 76.917
536.0 76.837999
537.0 76.753
538.0 76.676999
539.0 76.631
540.0 76.595
541.0 76.539
542.0 76.507
543.0 76.488
544.0 76.495
545.0 76.499
546.0 76.523
547.0 76.546
548.0 76.569
549.0 76.605999
550.0 76.669
551.0 76.712
552.0 76.771999
553.0 76.846
554.0 76.939
555.0 77.037
556.0 77.134999
557.0 77.248
558.0 77.36
559.0 77.471999
560.0 77.62
561.0 77.761
562.0 77.893
563.0 78.047
564.0 78.188
565.0 78.36
566.0 78.53
567.0 78.700999
568.0 78.872
569.0 79.030999
570.0 79.222
571.0 79.411
572.0 79.593999
573.0 79.791
574.0 79.986
575.0 80.179999
576.0 80.391
577.0 80.581999
578.0 80.798999
579.0 81.006999
580.0 81.218999
581.0 81.42
582.0 81.627
583.0 81.819
584.0 82.026
585.0 82.226
586.0 82.423999
587.0 82.616
588.0 82.823
589.0 83.009999
590.0 83.197
591.0 83.372999
592.0 83.562
593.0 83.753
594.0 83.934
595.0 84.111999
596.0 84.291
597.0 84.467
598.0 84.617
599.0 84.794
600.0 84.937
601.0 85.111
602.0 85.263
603.0 85.399
604.0 85.548
605.0 85.697999
606.0 85.815
607.0 85.945
608.0 86.081
609.0 86.191
610.0 86.306
611.0 86.383
612.0 86.492999
613.0 86.587999
614.0 86.672
615.0 86.758
616.0 86.824
617.0 86.88
618.0 86.936
619.0 86.989999
620.0 87.044
621.0 87.05
622.0 87.089
623.0 87.122
624.0 87.132
625.0 87.128
626.0 87.158
627.0 87.141
628.0 87.141
629.0 87.117999
630.0 87.095999
631.0 87.058
632.0 87.039
633.0 86.992999
634.0 86.95
635.0 86.91
636.0 86.83
637.0 86.787
638.0 86.721
639.0 86.643
640.0 86.571
641.0 86.476
642.0 86.384
643.0 86.304999
644.0 86.206999
645.0 86.105
646.0 86.018
647.0 85.885
648.0 85.787
649.0 85.672
650.0 85.539
651.0 85.423
652.0 85.303
653.0 85.170999
654.0 85.03
655.0 84.897
656.0 84.767
657.0 84.622
658.0 84.473
659.0 84.342
660.0 84.202999
661.0 84.053
662.0 83.906
663.0 83.762
664.0 83.598
665.0 83.453
666.0 83.294
667.0 83.139
668.0 83.003
669.0 82.837
670.0 82.679
671.0 82.533999
672.0 82.384
673.0 82.235
674.0 82.08
675.0 81.908999
676.0 81.75
677.0 81.598
678.0 81.477999
679.0 81.311
680.0 81.143
681.0 81.001
682.0 80.864999
683.0 80.721
684.0 80.557999
685.0 80.398
686.0 80.242999
687.0 80.125999
688.0 79.97
689.0 79.839
690.0 79.709
691.0 79.559
692.0 79.432
693.0 79.305
694.0 79.17
695.0 79.035
696.0 78.924
697.0 78.795
698.0 78.675
699.0 78.549
700.0 78.435999
701.0 78.329
702.0 78.215999
703.0 78.11
704.0 78.005
705.0 77.889
706.0 77.79
707.0 77.697
708.0 77.593999
709.0 77.5
710.0 77.411
711.0 77.336
712.0 77.23
713.0 77.159
714.0 77.072
715.0 77.000999
716.0 76.917999
717.0 76.857
718.0 76.769
719.0 76.703
720.0 76.641
721.0 76.577
722.0 76.51
723.0 76.456
724.0 76.398
725.0 76.351
726.0 76.298
727.0 76.227
728.0 76.187
729.0 76.166
730.0 76.111999
731.0 76.075999
732.0 76.042
733.0 76.006
734.0 75.988
735.0 75.948
736.0 75.914
737.0 75.896
738.0 75.888
739.0 75.857
740.0 75.84
741.0 75.825
742.0 75.813
743.0 75.795
744.0 75.798
745.0 75.783999
746.0 75.787
747.0 75.77
748.0 75.792
749.0 75.809
750.0 75.793
751.0 75.797
752.0 75.822999
753.0 75.825
754.0 75.829
755.0 75.854999
756.0 75.858999
757.0 75.869
758.0 75.904
759.0 75.919
760.0 75.967
761.0 75.976999
762.0 75.998
763.0 76.036
764.0 76.071999
765.0 76.110999
766.0 76.13
767.0 76.182
768.0 76.221999
769.0 76.251
770.0 76.302
771.0 76.331999
772.0 76.371
773.0 76.424
774.0 76.459
775.0 76.495
776.0 76.547
777.0 76.581999
778.0 76.614999
779.0 76.663
780.0 76.711
781.0 76.776
782.0 76.834999
783.0 76.896
784.0 76.959
785.0 77.034
786.0 77.075999
787.0 77.146
788.0 77.203999
789.0 77.273
790.0 77.307999
791.0 77.388
792.0 77.464999
793.0 77.5
794.0 77.593
795.0 77.664
796.0 77.739
797.0 77.8
798.0 77.876
799.0 77.944999
800.0 77.99
801.0 78.061
802.0 78.122
803.0 78.215
804.0 78.269
805.0 78.346999
806.0 78.411
807.0 78.502
808.0 78.568
809.0 78.641
810.0 78.708
811.0 78.782
812.0 78.857
813.0 78.929
814.0 79.005
815.0 79.078
816.0 79.152999
817.0 79.238
818.0 79.313
819.0 79.384
820.0 79.458
821.0 79.526
822.0 79.599
823.0 79.679
824.0 79.732
825.0 79.808
826.0 79.892
827.0 79.966
828.0 80.039
829.0 80.104
830.0 80.187
831.0 80.247999
832.0 80.324
833.0 80.384
834.0 80.456999
835.0 80.539
836.0 80.58
837.0 80.676999
838.0 80.738
839.0 80.798999
840.0 80.861999
841.0 80.926
842.0 80.989
843.0 81.067
844.0 81.135
845.0 81.184
846.0 81.256
847.0 81.308
848.0 81.389
849.0 81.435
850.0 81.494999
851.0 81.565
852.0 81.605999
853.0 81.664999
854.0 81.72
855.0 81.776
856.0 81.839
857.0 81.902
858.0 81.934
859.0 81.999
860.0 82.039
861.0 82.116999
862.0 82.151
863.0 82.184
864.0 82.232
865.0 82.268
866.0 82.319
867.0 82.369
868.0 82.411
869.0 82.453
870.0 82.476
871.0 82.511
872.0 82.557
873.0 82.604999
874.0 82.627
875.0 82.687999
876.0 82.694999
877.0 82.725
878.0 82.76
879.0 82.796
880.0 82.816999
881.0 82.846
882.0 82.882
883.0 82.892
884.0 82.911
885.0 82.937
886.0 82.938
887.0 82.946
888.0 82.965
889.0 82.974
890.0 82.985
891.0 83.006
892.0 83.03
893.0 83.02
894.0 83.048
895.0 83.048
896.0 83.067
897.0 83.087
898.0 83.064
899.0 83.087
900.0 83.077
901.0 83.084999
902.0 83.072
903.0 83.116999
904.0 83.099999
905.0 83.099999
906.0 83.114
907.0 83.096999
908.0 83.103
909.0 83.107
910.0 83.083
911.0 83.099
912.0 83.111999
913.0 83.092
914.0 83.079
915.0 83.074
916.0 83.069
917.0 83.045999
918.0 83.04
919.0 83.026
920.0 83.008
921.0 82.989
922.0 82.969
923.0 82.953
924.0 82.919
925.0 82.883
926.0 82.878
927.0 82.854
928.0 82.82
929.0 82.795
930.0 82.789999
931.0 82.741
932.0 82.733999
933.0 82.691
934.0 82.665
935.0 82.625
936.0 82.599
937.0 82.556
938.0 82.526
939.0 82.494999
940.0 82.457
941.0 82.425
942.0 82.38
943.0 82.337
944.0 82.323
945.0 82.252
946.0 82.242999
947.0 82.199999
948.0 82.151
949.0 82.126
950.0 82.051
951.0 82.003
952.0 81.961
953.0 81.933
954.0 81.88
955.0 81.855999
956.0 81.755
957.0 81.739999
958.0 81.715
959.0 81.678
960.0 81.615
961.0 81.591
962.0 81.533
963.0 81.467999
964.0 81.453
965.0 81.391
966.0 81.316
967.0 81.27
968.0 81.217
969.0 81.163
970.0 81.101
971.0 81.077999
972.0 81.006999
973.0 80.994
974.0 80.925
975.0 80.857999
976.0 80.813999
977.0 80.777
978.0 80.714
979.0 80.66
980.0 80.608
981.0 80.538
982.0 80.512
983.0 80.44
984.0 80.369999
985.0 80.318
986.0 80.259
987.0 80.202
988.0 80.143
989.0 80.081
990.0 80.023
991.0 79.993
992.0 79.913
993.0 79.871
994.0 79.810999
995.0 79.791
996.0 79.744
997.0 79.634
998.0 79.578999
999.0 79.55
1000.0 79.478
1001.0 79.413
1002.0 79.388
1003.0 79.349999
1004.0 79.265
1005.0 79.235
1006.0 79.179999
1007.0 79.122
1008.0 79.066999
1009.0 79.038
1010.0 78.976
1011.0 78.905
1012.0 78.866
1013.0 78.805
1014.0 78.746
1015.0 78.703
1016.0 78.667
1017.0 78.605999
1018.0 78.55
1019.0 78.518
1020.0 78.45
1021.0 78.399
1022.0 78.348
1023.0 78.271
1024.0 78.206
1025.0 78.144
1026.0 78.114999
1027.0 78.049
1028.0 78.001
1029.0 77.959999
1030.0 77.884
1031.0 77.837
1032.0 77.81
1033.0 77.724999
1034.0 77.717
1035.0 77.658
1036.0 77.601
1037.0 77.578
1038.0 77.524
1039.0 77.44
1040.0 77.403
1041.0 77.366
1042.0 77.305
1043.0 77.285
1044.0 77.219
1045.0 77.171
1046.0 77.149999
1047.0 77.08
1048.0 77.024
1049.0 76.976
1050.0 76.925
1051.0 76.868
1052.0 76.815
1053.0 76.734
1054.0 76.697999
1055.0 76.656
1056.0 76.651
1057.0 76.637
1058.0 76.563999
1059.0 76.519
1060.0 76.506
1061.0 76.464
1062.0 76.441999
1063.0 76.4
1064.0 76.354999
1065.0 76.331999
1066.0 76.247
1067.0 76.247
1068.0 76.227
1069.0 76.17
1070.0 76.083
1071.0 76.099999
1072.0 76.057
1073.0 76.012999
1074.0 75.998
1075.0 75.935
1076.0 75.926
1077.0 75.821
1078.0 75.846999
1079.0 75.773
1080.0 75.766
1081.0 75.752
1082.0 75.714
1083.0 75.72
1084.0 75.641
1085.0 75.563999
1086.0 75.539999
1087.0 75.562
1088.0 75.491
1089.0 75.477999
1090.0 75.414
1091.0 75.441
1092.0 75.435
1093.0 75.413
1094.0 75.319
1095.0 75.266
1096.0 75.242
1097.0 75.217
1098.0 75.263
1099.0 75.136
1100.0 75.172
