190.0 0.038
191.0 0.118
192.0 0.047
193.0 0.041
194.0 0.044
195.0 0.068999
196.0 0.034
197.0 0.018
198.0 0.042
199.0 0.029
200.0 0.022
201.0 0.029
202.0 0.028
203.0 0.033
204.0 0.028
205.0 0.034
206.0 0.024
207.0 0.008
208.0 0.02
209.0 0.013
210.0 0.021
211.0 0.036
212.0 0.018
213.0 0.018
214.0 0.011
215.0 0.023
216.0 0.026
217.0 0.021
218.0 0.013
219.0 0.037
220.0 0.02
221.0 0.023
222.0 0.018
223.0 0.022
224.0 0.023
225.0 0.016
226.0 0.023
227.0 0.034
228.0 0.026
229.0 0.001
230.0 0.014
231.0 0.015
232.0 0.023
233.0 0.02
234.0 0.02
235.0 0.029
236.0 0.016
237.0 0.02
238.0 0.013
239.0 0.017
240.0 0.015
241.0 0.025
242.0 0.015
243.0 0.027
244.0 0.008
245.0 0.014
246.0 0.022
247.0 0.018
248.0 0.013
249.0 0.033
250.0 0.016
251.0 0.033
252.0 0.008
253.0 0.01
254.0 0.022
255.0 0.018
256.0 0.017
257.0 0.025
258.0 0.028
259.0 0.033
260.0 0.026
261.0 0.018
262.0 0.001
263.0 0.026
264.0 0.024
265.0 0.03
266.0 0.028
267.0 0.013
268.0 0.024
269.0 0.03
270.0 0.038
271.0 0.031
272.0 0.033
273.0 0.014
274.0 0.024
275.0 0.068
276.0 0.045
277.0 0.046
278.0 0.03
279.0 0.01
280.0 0.032
281.0 0.024
282.0 0.06
283.0 0.038
284.0 0.037
285.0 0.042
286.0 0.031
287.0 0.017
288.0 0.022
289.0 0.035
290.0 0.045
291.0 0.051
292.0 0.012
293.0 0.04
294.0 0.019
295.0 0.023
296.0 0.032
297.0 0.04
298.0 0.025
299.0 0.055
300.0 0.025
301.0 0.038
302.0 0.029
303.0 0.037
304.0 0.03
305.0 0.028
306.0 0.035
307.0 0.045
308.0 0.015
309.0 0.038
310.0 0.068
311.0 0.041
312.0 0.028
313.0 0.037
314.0 0.025
315.0 0.072
316.0 0.055999
317.0 0.035
318.0 0.058
319.0 0.037
320.0 0.053
321.0 0.059
322.0 0.065
323.0 0.094
324.0 0.038
325.0 0.057
326.0 0.055
327.0 0.062
328.0 0.054
329.0 0.05
330.0 0.055999
331.0 0.078
332.0 0.063
333.0 0.062
334.0 0.06
335.0 0.047
336.0 0.058
337.0 0.054
338.0 0.093
339.0 0.096
340.0 0.068999
341.0 0.08
342.0 0.097
343.0 0.085999
344.0 0.112
345.0 0.117
346.0 0.15
347.0 0.172
348.0 0.2
349.0 0.232
350.0 0.287
351.0 0.354
352.0 0.449
353.0 0.562
354.0 0.723
355.0 0.91
356.0 1.162
357.0 1.481
358.0 1.902
359.0 2.429
360.0 3.09
361.0 3.913
362.0 4.907999
363.0 6.123
364.0 7.536
365.0 9.185
366.0 11.078
367.0 13.174
368.0 15.431
369.0 17.866
370.0 20.42
371.0 23.034
372.0 25.787
373.0 28.57
374.0 31.374
375.0 34.185
376.0 36.969
377.0 39.714
378.0 42.383
379.0 44.956
380.0 47.348
381.0 49.572
382.0 51.661
383.0 53.621
384.0 55.441
385.0 56.875
386.0 58.067
387.0 59.041
388.0 59.84
389.0 60.453999
390.0 60.933
391.0 61.295999
392.0 61.58
393.0 61.824
394.0 62.004
395.0 62.197
396.0 62.366
397.0 62.56
398.0 62.783999
399.0 63.055
400.0 63.344
401.0 63.696
402.0 64.095
403.0 64.537
404.0 65.039
405.0 65.584
406.0 66.19
407.0 66.805
408.0 67.496
409.0 68.193
410.0 68.941
411.0 69.724
412.0 70.539
413.0 71.339
414.0 72.182999
415.0 73.001
416.0 73.802
417.0 74.607999
418.0 75.385
419.0 76.125
420.0 76.819
421.0 77.512
422.0 78.151
423.0 78.700999
424.0 79.242
425.0 79.702
426.0 80.084999
427.0 80.429
428.0 80.679
429.0 80.882
430.0 81.024
431.0 81.069
432.0 81.089
433.0 80.989
434.0 80.895
435.0 80.759
436.0 80.533
437.0 80.306999
438.0 80.017
439.0 79.700999
440.0 79.361
441.0 79.012
442.0 78.676999
443.0 78.286999
444.0 77.92
445.0 77.53
446.0 77.151
447.0 76.771
448.0 76.411
449.0 76.066
450.0 75.709
451.0 75.378
452.0 75.095
453.0 74.785
454.0 74.506
455.0 74.266
456.0 74.031
457.0 73.807
458.0 73.627
459.0 73.476
460.0 73.333
461.0 73.227
462.0 73.15
463.0 73.09
464.0 73.042
465.0 73.036999
466.0 73.048
467.0 73.101
468.0 73.163
469.0 73.251
470.0 73.348
471.0 73.505
472.0 73.656
473.0 73.838
474.0 74.039
475.0 74.236
476.0 74.461999
477.0 74.736999
478.0 75.026
479.0 75.285
480.0 75.599
481.0 75.902
482.0 76.223
483.0 76.566999
484.0 76.919
485.0 77.298
486.0 77.647
487.0 78.018
488.0 78.403
489.0 78.783999
490.0 79.152
491.0 79.534
492.0 79.908
493.0 80.259
494.0 80.644
495.0 81.002
496.0 81.354
497.0 81.672
498.0 82.042
499.0 82.364
500.0 82.687
501.0 82.992
502.0 83.265999
503.0 83.54
504.0 83.801999
505.0 84.038
506.0 84.253
507.0 84.461
508.0 84.641
509.0 84.815
510.0 84.964
511.0 85.068
512.0 85.202
513.0 85.304999
514.0 85.345
515.0 85.404
516.0 85.423
517.0 85.438999
518.0 85.431
519.0 85.406
520.0 85.367999
521.0 85.291
522.0 85.202999
523.0 85.119999
524.0 84.992999
525.0 84.882
526.0 84.752
527.0 84.602
528.0 84.416
529.0 84.261
530.0 84.075
531.0 83.875999
532.0 83.667
533.0 83.464
534.0 83.236
535.0 83.023
536.0 82.779
537.0 82.557999
538.0 82.303
539.0 82.069999
540.0 81.849
541.0 81.58
542.0 81.347
543.0 81.096
544.0 80.88
545.0 80.628
546.0 80.405
547.0 80.184
548.0 79.932999
549.0 79.688
550.0 79.486999
551.0 79.27
552.0 79.027999
553.0 78.832
554.0 78.637999
555.0 78.444999
556.0 78.273
557.0 78.076
558.0 77.905
559.0 77.714
560.0 77.566999
561.0 77.405
562.0 77.246
563.0 77.128
564.0 76.976
565.0 76.874
566.0 76.761
567.0 76.661
568.0 76.551999
569.0 76.467
570.0 76.392
571.0 76.319
572.0 76.25
573.0 76.207
574.0 76.156
575.0 76.122
576.0 76.09
577.0 76.075999
578.0 76.071999
579.0 76.063
580.0 76.082
581.0 76.078999
582.0 76.087
583.0 76.113
584.0 76.156
585.0 76.183
586.0 76.239999
587.0 76.285
588.0 76.351
589.0 76.41
590.0 76.474
591.0 76.565
592.0 76.642
593.0 76.746
594.0 76.841
595.0 76.953
596.0 77.075999
597.0 77.19
598.0 77.298
599.0 77.435
600.0 77.557
601.0 77.715
602.0 77.856
603.0 77.991
604.0 78.147
605.0 78.315
606.0 78.468
607.0 78.633
608.0 78.802
609.0 78.974
610.0 79.144
611.0 79.31
612.0 79.483999
613.0 79.671
614.0 79.852
615.0 80.032
616.0 80.215999
617.0 80.396
618.0 80.579
619.0 80.759
620.0 80.957
621.0 81.125
622.0 81.324
623.0 81.5
624.0 81.682
625.0 81.86
626.0 82.076
627.0 82.233999
628.0 82.405
629.0 82.575
630.0 82.737
631.0 82.908
632.0 83.081999
633.0 83.238
634.0 83.408
635.0 83.586
636.0 83.717
637.0 83.879
638.0 84.032
639.0 84.181
640.0 84.316999
641.0 84.444
642.0 84.577
643.0 84.717
644.0 84.836999
645.0 84.946
646.0 85.084999
647.0 85.162
648.0 85.27
649.0 85.385
650.0 85.464
651.0 85.55
652.0 85.643999
653.0 85.705
654.0 85.779
655.0 85.831999
656.0 85.916
657.0 85.949
658.0 85.991
659.0 86.054
660.0 86.072999
661.0 86.105
662.0 86.126
663.0 86.144
664.0 86.165
665.0 86.18
666.0 86.157
667.0 86.167
668.0 86.158
669.0 86.133
670.0 86.106
671.0 86.101
672.0 86.054
673.0 86.031
674.0 85.965999
675.0 85.932
676.0 85.878
677.0 85.811
678.0 85.765
679.0 85.681
680.0 85.614
681.0 85.524999
682.0 85.453
683.0 85.369
684.0 85.282
685.0 85.176
686.0 85.082
687.0 84.992999
688.0 84.869
689.0 84.789999
690.0 84.670999
691.0 84.548999
692.0 84.443
693.0 84.33
694.0 84.191
695.0 84.062
696.0 83.957
697.0 83.834
698.0 83.696
699.0 83.556
700.0 83.44
701.0 83.298
702.0 83.145
703.0 83.031
704.0 82.884999
705.0 82.742
706.0 82.602
707.0 82.454
708.0 82.32
709.0 82.179
710.0 82.035
711.0 81.898
712.0 81.748
713.0 81.598
714.0 81.467
715.0 81.328999
716.0 81.167
717.0 81.057999
718.0 80.887
719.0 80.746
720.0 80.605
721.0 80.461
722.0 80.324
723.0 80.195
724.0 80.054
725.0 79.91
726.0 79.784
727.0 79.62
728.0 79.491999
729.0 79.374
730.0 79.234
731.0 79.105
732.0 78.978
733.0 78.837999
734.0 78.717
735.0 78.595
736.0 78.468
737.0 78.349999
738.0 78.227
739.0 78.105999
740.0 77.992999
741.0 77.881999
742.0 77.757
743.0 77.645
744.0 77.544
745.0 77.428
746.0 77.339
747.0 77.232
748.0 77.13
749.0 77.041
750.0 76.926
751.0 76.833
752.0 76.747
753.0 76.661
754.0 76.583
755.0 76.467
756.0 76.386
757.0 76.298
758.0 76.226
759.0 76.154
760.0 76.074
761.0 76.014
762.0 75.928
763.0 75.861
764.0 75.804
765.0 75.732999
766.0 75.654
767.0 75.608
768.0 75.546
769.0 75.495
770.0 75.429999
771.0 75.383
772.0 75.334
773.0 75.268
774.0 75.239
775.0 75.182999
776.0 75.165
777.0 75.108
778.0 75.071
779.0 75.038
780.0 75.002
781.0 74.977
782.0 74.95
783.0 74.926999
784.0 74.914
785.0 74.897
786.0 74.867999
787.0 74.85
788.0 74.834999
789.0 74.831999
790.0 74.794
791.0 74.797
792.0 74.795
793.0 74.78
794.0 74.762
795.0 74.761
796.0 74.786
797.0 74.77
798.0 74.782
799.0 74.783999
800.0 74.783999
801.0 74.798
802.0 74.786
803.0 74.807
804.0 74.826
805.0 74.854
806.0 74.863
807.0 74.876
808.0 74.902
809.0 74.917999
810.0 74.937
811.0 74.972
812.0 74.999
813.0 75.011
814.0 75.057
815.0 75.07
816.0 75.125
817.0 75.165
818.0 75.196
819.0 75.232
820.0 75.273
821.0 75.292
822.0 75.352
823.0 75.393
824.0 75.434
825.0 75.473
826.0 75.53
827.0 75.571999
828.0 75.639
829.0 75.670999
830.0 75.721
831.0 75.763
832.0 75.831999
833.0 75.88
834.0 75.941
835.0 76.0
836.0 76.048
837.0 76.109
838.0 76.171
839.0 76.229
840.0 76.289
841.0 76.355999
842.0 76.417
843.0 76.467
844.0 76.55
845.0 76.599999
846.0 76.678
847.0 76.744999
848.0 76.825
849.0 76.88
850.0 76.927
851.0 77.015
852.0 77.075
853.0 77.149999
854.0 77.22
855.0 77.291
856.0 77.357
857.0 77.422
858.0 77.497
859.0 77.569999
860.0 77.653
861.0 77.714
862.0 77.793
863.0 77.861
864.0 77.928
865.0 77.995
866.0 78.077
867.0 78.148
868.0 78.199
869.0 78.298999
870.0 78.354
871.0 78.438
872.0 78.505
873.0 78.583
874.0 78.636
875.0 78.730999
876.0 78.793
877.0 78.861
878.0 78.932999
879.0 78.994
880.0 79.061
881.0 79.13
882.0 79.227999
883.0 79.268
884.0 79.33
885.0 79.402
886.0 79.438
887.0 79.530999
888.0 79.593999
889.0 79.659
890.0 79.71
891.0 79.777
892.0 79.848
893.0 79.9
894.0 79.982
895.0 80.04
896.0 80.123
897.0 80.164999
898.0 80.206999
899.0 80.295
900.0 80.337
901.0 80.415
902.0 80.447999
903.0 80.518999
904.0 80.579
905.0 80.652999
906.0 80.702
907.0 80.779
908.0 80.818
909.0 80.881
910.0 80.925
911.0 80.999
912.0 81.051
913.0 81.105999
914.0 81.146
915.0 81.199
916.0 81.26
917.0 81.295
918.0 81.352999
919.0 81.39
920.0 81.453
921.0 81.477999
922.0 81.518
923.0 81.579
924.0 81.607
925.0 81.625
926.0 81.675
927.0 81.721999
928.0 81.750999
929.0 81.794
930.0 81.832
931.0 81.842
932.0 81.883
933.0 81.905
934.0 81.947
935.0 81.973
936.0 81.988
937.0 82.02
938.0 82.032
939.0 82.067
940.0 82.089
941.0 82.105999
942.0 82.13
943.0 82.152999
944.0 82.164999
945.0 82.175
946.0 82.215
947.0 82.221999
948.0 82.242
949.0 82.258
950.0 82.242
951.0 82.257
952.0 82.265999
953.0 82.304
954.0 82.246
955.0 82.289
956.0 82.274999
957.0 82.279
958.0 82.31
959.0 82.299
960.0 82.303
961.0 82.319
962.0 82.316999
963.0 82.301
964.0 82.319
965.0 82.324
966.0 82.289999
967.0 82.312
968.0 82.297
969.0 82.274999
970.0 82.273
971.0 82.227999
972.0 82.249
973.0 82.273
974.0 82.250999
975.0 82.233999
976.0 82.196
977.0 82.206999
978.0 82.185
979.0 82.175
980.0 82.167
981.0 82.127
982.0 82.103
983.0 82.096
984.0 82.072
985.0 82.052
986.0 82.018
987.0 81.989999
988.0 81.977999
989.0 81.943
990.0 81.926
991.0 81.913
992.0 81.878
993.0 81.837
994.0 81.825
995.0 81.812
996.0 81.772
997.0 81.738
998.0 81.685
999.0 81.67
1000.0 81.608
1001.0 81.596
1002.0 81.566
1003.0 81.556
1004.0 81.508
1005.0 81.479999
1006.0 81.459999
1007.0 81.411
1008.0 81.372
1009.0 81.349999
1010.0 81.316
1011.0 81.26
1012.0 81.235999
1013.0 81.183
1014.0 81.152999
1015.0 81.123
1016.0 81.101999
1017.0 81.056
1018.0 81.005
1019.0 80.983999
1020.0 80.93
1021.0 80.881
1022.0 80.849
1023.0 80.791
1024.0 80.756
1025.0 80.7
1026.0 80.672
1027.0 80.616
1028.0 80.565
1029.0 80.524
1030.0 80.476
1031.0 80.441
1032.0 80.4
1033.0 80.335
1034.0 80.306999
1035.0 80.262
1036.0 80.218
1037.0 80.191999
1038.0 80.123
1039.0 80.069999
1040.0 80.057
1041.0 80.002
1042.0 79.928999
1043.0 79.916
1044.0 79.84
1045.0 79.798
1046.0 79.762
1047.0 79.691
1048.0 79.674
1049.0 79.616
1050.0 79.552
1051.0 79.508
1052.0 79.45
1053.0 79.369999
1054.0 79.364
1055.0 79.291
1056.0 79.271999
1057.0 79.252
1058.0 79.179999
1059.0 79.111
1060.0 79.081999
1061.0 79.018999
1062.0 79.011
1063.0 78.943
1064.0 78.916
1065.0 78.841
1066.0 78.746
1067.0 78.718
1068.0 78.735999
1069.0 78.637999
1070.0 78.602
1071.0 78.561
1072.0 78.513
1073.0 78.478
1074.0 78.441
1075.0 78.342
1076.0 78.32
1077.0 78.273
1078.0 78.220999
1079.0 78.157
1080.0 78.133
1081.0 78.069999
1082.0 78.144
1083.0 78.077
1084.0 78.006
1085.0 77.915
1086.0 77.86
1087.0 77.858
1088.0 77.810999
1089.0 77.747
1090.0 77.749
1091.0 77.644
1092.0 77.569999
1093.0 77.59
1094.0 77.503999
1095.0 77.416
1096.0 77.42
1097.0 77.415
1098.0 77.314
1099.0 77.276
1100.0 77.244
