190.0 0.051
191.0 0.112
192.0 0.04
193.0 0.068
194.0 0.051
195.0 0.051
196.0 0.035
197.0 0.044
198.0 0.036
199.0 0.017
200.0 0.039
201.0 0.036
202.0 0.04
203.0 0.051
204.0 0.025
205.0 0.031
206.0 0.028
207.0 0.024
208.0 0.023
209.0 0.033
210.0 0.009
211.0 0.044
212.0 0.024
213.0 0.021
214.0 0.028
215.0 0.02
216.0 0.022
217.0 0.033
218.0 0.03
219.0 0.032
220.0 0.016
221.0 0.023
222.0 0.022
223.0 0.015
224.0 0.037
225.0 0.019
226.0 0.011
227.0 0.037
228.0 0.026
229.0 0.03
230.0 0.022
231.0 0.015
232.0 0.014
233.0 0.017
234.0 0.018
235.0 0.028
236.0 0.017
237.0 0.018
238.0 0.019
239.0 0.016
240.0 0.022
241.0 0.015
242.0 0.019
243.0 0.029
244.0 0.017
245.0 0.017
246.0 0.018
247.0 0.015
248.0 0.016
249.0 0.02
250.0 0.021
251.0 0.04
252.0 0.021
253.0 0.021
254.0 0.039
255.0 0.028
256.0 0.014
257.0 0.021
258.0 0.035
259.0 0.035
260.0 0.017
261.0 0.035
262.0 0.018
263.0 0.035
264.0 0.021
265.0 0.035
266.0 0.046
267.0 0.05
268.0 0.028
269.0 0.034
270.0 0.041
271.0 0.043
272.0 0.036
273.0 0.028
274.0 0.04
275.0 0.049
276.0 0.055999
277.0 0.051
278.0 0.037
279.0 0.021
280.0 0.028
281.0 0.027
282.0 0.035
283.0 0.059
284.0 0.012
285.0 0.052
286.0 0.051
287.0 0.03
288.0 0.047
289.0 0.032
290.0 0.071
291.0 0.078
292.0 0.04
293.0 0.028
294.0 0.022
295.0 0.052
296.0 0.051
297.0 0.031
298.0 0.034
299.0 0.08
300.0 0.036
301.0 0.034
302.0 0.033
303.0 0.049
304.0 0.038
305.0 0.031
306.0 0.024
307.0 0.076
308.0 0.057
309.0 0.065
310.0 0.047
311.0 0.046
312.0 0.04
313.0 0.067
314.0 0.057
315.0 0.073
316.0 0.068
317.0 0.075
318.0 0.05
319.0 0.071
320.0 0.079
321.0 0.066
322.0 0.09
323.0 0.144
324.0 0.065
325.0 0.066
326.0 0.089
327.0 0.078
328.0 0.084999
329.0 0.096
330.0 0.095
331.0 0.115
332.0 0.091
333.0 0.088
334.0 0.084999
335.0 0.104
336.0 0.09
337.0 0.09
338.0 0.095
339.0 0.104
340.0 0.113
341.0 0.102
342.0 0.122
343.0 0.103
344.0 0.11
345.0 0.115
346.0 0.124
347.0 0.151
348.0 0.151
349.0 0.155
350.0 0.172
351.0 0.186
352.0 0.207
353.0 0.229
354.0 0.255
355.0 0.305
356.0 0.354
357.0 0.421
358.0 0.511
359.0 0.627
360.0 0.786
361.0 0.996
362.0 1.268
363.0 1.659
364.0 2.14
365.0 2.787
366.0 3.63
367.0 4.702
368.0 6.063
369.0 7.703
370.0 9.664
371.0 11.922
372.0 14.446
373.0 17.239
374.0 20.266
375.0 23.454
376.0 26.765
377.0 30.169
378.0 33.621
379.0 37.107
380.0 40.505
381.0 43.937
382.0 47.113
383.0 50.414
384.0 53.491
385.0 56.069
386.0 58.365999
387.0 60.336
388.0 62.029
389.0 63.406
390.0 64.542999
391.0 65.447
392.0 66.182
393.0 66.767
394.0 67.238
395.0 67.655
396.0 67.979
397.0 68.282
398.0 68.593
399.0 68.928
400.0 69.242
401.0 69.62
402.0 70.028
403.0 70.482999
404.0 70.967
405.0 71.495
406.0 72.056
407.0 72.673
408.0 73.304
409.0 74.026
410.0 74.744999
411.0 75.483999
412.0 76.273
413.0 77.061
414.0 77.877
415.0 78.671
416.0 79.459
417.0 80.242999
418.0 81.004
419.0 81.75
420.0 82.442
421.0 83.104
422.0 83.682999
423.0 84.277
424.0 84.821
425.0 85.313
426.0 85.705
427.0 86.051
428.0 86.348
429.0 86.586
430.0 86.747
431.0 86.846
432.0 86.867
433.0 86.833
434.0 86.746
435.0 86.633
436.0 86.447
437.0 86.25
438.0 85.989
439.0 85.736
440.0 85.433
441.0 85.116
442.0 84.728
443.0 84.355999
444.0 84.003
445.0 83.604
446.0 83.249
447.0 82.864999
448.0 82.502
449.0 82.167999
450.0 81.769
451.0 81.432999
452.0 81.096999
453.0 80.804
454.0 80.481
455.0 80.218
456.0 79.962999
457.0 79.721
458.0 79.503
459.0 79.315
460.0 79.13
461.0 79.015
462.0 78.881
463.0 78.765
464.0 78.735
465.0 78.675
466.0 78.652999
467.0 78.657
468.0 78.698
469.0 78.754
470.0 78.810999
471.0 78.884
472.0 79.007
473.0 79.158
474.0 79.305
475.0 79.491
476.0 79.694
477.0 79.92
478.0 80.154
479.0 80.403
480.0 80.663
481.0 80.932999
482.0 81.233999
483.0 81.518
484.0 81.837
485.0 82.15
486.0 82.484
487.0 82.813
488.0 83.14
489.0 83.484
490.0 83.836999
491.0 84.179999
492.0 84.533
493.0 84.878
494.0 85.194
495.0 85.536
496.0 85.854
497.0 86.185999
498.0 86.492
499.0 86.811
500.0 87.090999
501.0 87.384
502.0 87.672
503.0 87.938
504.0 88.188999
505.0 88.405999
506.0 88.642
507.0 88.802
508.0 89.007
509.0 89.197999
510.0 89.346
511.0 89.459999
512.0 89.578
513.0 89.681
514.0 89.773
515.0 89.824
516.0 89.885
517.0 89.905
518.0 89.881
519.0 89.883
520.0 89.866
521.0 89.83
522.0 89.752
523.0 89.705
524.0 89.614
525.0 89.509
526.0 89.397
527.0 89.264
528.0 89.121
529.0 88.980999
530.0 88.794
531.0 88.616
532.0 88.461
533.0 88.243
534.0 88.051999
535.0 87.86
536.0 87.627
537.0 87.405999
538.0 87.181
539.0 86.982
540.0 86.721
541.0 86.487
542.0 86.26
543.0 86.036
544.0 85.791
545.0 85.568
546.0 85.306
547.0 85.091
548.0 84.874
549.0 84.607
550.0 84.384
551.0 84.175
552.0 83.942
553.0 83.709
554.0 83.541
555.0 83.315
556.0 83.116
557.0 82.929
558.0 82.708
559.0 82.521
560.0 82.327
561.0 82.143999
562.0 81.988
563.0 81.832
564.0 81.681
565.0 81.545999
566.0 81.387
567.0 81.26
568.0 81.144
569.0 81.024
570.0 80.94
571.0 80.81
572.0 80.723999
573.0 80.645
574.0 80.584
575.0 80.478
576.0 80.444999
577.0 80.391
578.0 80.349
579.0 80.293
580.0 80.274999
581.0 80.239
582.0 80.239999
583.0 80.230999
584.0 80.221
585.0 80.227
586.0 80.238
587.0 80.255
588.0 80.279
589.0 80.313999
590.0 80.367999
591.0 80.411
592.0 80.466
593.0 80.512
594.0 80.584999
595.0 80.657
596.0 80.746
597.0 80.817
598.0 80.902
599.0 80.994999
600.0 81.115
601.0 81.19
602.0 81.313999
603.0 81.423999
604.0 81.537
605.0 81.667999
606.0 81.795
607.0 81.923
608.0 82.060999
609.0 82.189
610.0 82.32
611.0 82.452
612.0 82.616
613.0 82.755
614.0 82.899
615.0 83.048
616.0 83.209
617.0 83.352
618.0 83.505
619.0 83.655999
620.0 83.822
621.0 83.96
622.0 84.134
623.0 84.280999
624.0 84.433
625.0 84.607
626.0 84.747
627.0 84.899999
628.0 85.056
629.0 85.206
630.0 85.363999
631.0 85.516
632.0 85.669
633.0 85.823
634.0 85.956
635.0 86.098
636.0 86.251
637.0 86.389
638.0 86.531
639.0 86.652
640.0 86.797
641.0 86.926
642.0 87.046
643.0 87.172
644.0 87.285
645.0 87.383
646.0 87.514
647.0 87.614999
648.0 87.727999
649.0 87.822999
650.0 87.926
651.0 88.003
652.0 88.08
653.0 88.158
654.0 88.247
655.0 88.319
656.0 88.372
657.0 88.447
658.0 88.488999
659.0 88.554999
660.0 88.587
661.0 88.644
662.0 88.663
663.0 88.702
664.0 88.717
665.0 88.756999
666.0 88.768999
667.0 88.773
668.0 88.795999
669.0 88.777
670.0 88.766
671.0 88.777
672.0 88.764
673.0 88.743
674.0 88.724999
675.0 88.696
676.0 88.654
677.0 88.63
678.0 88.571
679.0 88.536
680.0 88.495
681.0 88.428
682.0 88.364
683.0 88.314
684.0 88.235
685.0 88.149
686.0 88.089
687.0 87.996
688.0 87.921
689.0 87.834999
690.0 87.749
691.0 87.642
692.0 87.571
693.0 87.452
694.0 87.351
695.0 87.255
696.0 87.142
697.0 87.031
698.0 86.929
699.0 86.816999
700.0 86.7
701.0 86.575999
702.0 86.455
703.0 86.336
704.0 86.215
705.0 86.084999
706.0 85.961
707.0 85.837
708.0 85.694
709.0 85.551
710.0 85.441
711.0 85.286
712.0 85.164
713.0 85.029
714.0 84.893
715.0 84.757
716.0 84.611999
717.0 84.477
718.0 84.334
719.0 84.2
720.0 84.057999
721.0 83.923999
722.0 83.786
723.0 83.641
724.0 83.492999
725.0 83.371
726.0 83.236
727.0 83.099999
728.0 82.959
729.0 82.813
730.0 82.691999
731.0 82.543
732.0 82.419
733.0 82.285
734.0 82.167
735.0 82.025
736.0 81.893
737.0 81.777
738.0 81.640999
739.0 81.513
740.0 81.384
741.0 81.268
742.0 81.133
743.0 81.018
744.0 80.89
745.0 80.782
746.0 80.67
747.0 80.541
748.0 80.450999
749.0 80.328999
750.0 80.214
751.0 80.096
752.0 80.001
753.0 79.891
754.0 79.779
755.0 79.688999
756.0 79.578999
757.0 79.488
758.0 79.389
759.0 79.292
760.0 79.199
761.0 79.117999
762.0 79.003999
763.0 78.938
764.0 78.848
765.0 78.767
766.0 78.68
767.0 78.590999
768.0 78.522
769.0 78.444
770.0 78.361
771.0 78.295
772.0 78.227
773.0 78.161999
774.0 78.084
775.0 78.039999
776.0 77.98
777.0 77.917
778.0 77.846999
779.0 77.807
780.0 77.746
781.0 77.695
782.0 77.658
783.0 77.612
784.0 77.575
785.0 77.519
786.0 77.494
787.0 77.447
788.0 77.414
789.0 77.378
790.0 77.325999
791.0 77.304
792.0 77.268
793.0 77.239999
794.0 77.196
795.0 77.196
796.0 77.149999
797.0 77.137
798.0 77.114
799.0 77.098
800.0 77.075
801.0 77.068
802.0 77.058
803.0 77.05
804.0 77.037
805.0 77.037
806.0 77.024
807.0 77.019
808.0 77.007
809.0 77.024
810.0 77.023
811.0 77.021
812.0 77.003
813.0 77.031
814.0 77.044
815.0 77.041
816.0 77.038
817.0 77.061
818.0 77.071
819.0 77.095
820.0 77.086
821.0 77.121
822.0 77.164
823.0 77.152
824.0 77.163
825.0 77.192
826.0 77.224
827.0 77.258
828.0 77.273
829.0 77.307999
830.0 77.351
831.0 77.361999
832.0 77.412
833.0 77.429999
834.0 77.459999
835.0 77.491
836.0 77.532
837.0 77.56
838.0 77.616
839.0 77.644
840.0 77.692
841.0 77.732
842.0 77.781
843.0 77.793
844.0 77.861
845.0 77.884
846.0 77.932
847.0 77.986999
848.0 78.025
849.0 78.081999
850.0 78.141
851.0 78.176999
852.0 78.236
853.0 78.292
854.0 78.322999
855.0 78.379
856.0 78.411
857.0 78.497
858.0 78.551999
859.0 78.611
860.0 78.636
861.0 78.717
862.0 78.771999
863.0 78.828
864.0 78.885
865.0 78.939
866.0 78.991
867.0 79.065
868.0 79.11
869.0 79.168
870.0 79.218
871.0 79.27
872.0 79.36
873.0 79.402
874.0 79.477
875.0 79.529
876.0 79.571
877.0 79.647
878.0 79.705
879.0 79.773
880.0 79.813999
881.0 79.879
882.0 79.944999
883.0 79.996
884.0 80.069
885.0 80.131
886.0 80.196
887.0 80.242999
888.0 80.306999
889.0 80.367999
890.0 80.418
891.0 80.478
892.0 80.542999
893.0 80.619
894.0 80.649
895.0 80.721
896.0 80.759
897.0 80.83
898.0 80.889
899.0 80.955
900.0 80.982
901.0 81.063
902.0 81.12
903.0 81.186
904.0 81.245
905.0 81.309
906.0 81.343
907.0 81.408999
908.0 81.457
909.0 81.536
910.0 81.571
911.0 81.63
912.0 81.685
913.0 81.745
914.0 81.795
915.0 81.843999
916.0 81.888
917.0 81.942
918.0 81.981
919.0 82.048
920.0 82.107
921.0 82.139
922.0 82.191999
923.0 82.258
924.0 82.293
925.0 82.355
926.0 82.384
927.0 82.408999
928.0 82.454
929.0 82.486999
930.0 82.536
931.0 82.584999
932.0 82.63
933.0 82.667999
934.0 82.698
935.0 82.753
936.0 82.777
937.0 82.821
938.0 82.867999
939.0 82.898
940.0 82.947999
941.0 82.989
942.0 82.989
943.0 83.055
944.0 83.081
945.0 83.119
946.0 83.122
947.0 83.167
948.0 83.170999
949.0 83.194
950.0 83.249
951.0 83.28
952.0 83.282
953.0 83.296
954.0 83.324
955.0 83.331999
956.0 83.362
957.0 83.399
958.0 83.382
959.0 83.42
960.0 83.438
961.0 83.464
962.0 83.477999
963.0 83.512
964.0 83.521999
965.0 83.52
966.0 83.555
967.0 83.567
968.0 83.608999
969.0 83.602
970.0 83.599
971.0 83.604999
972.0 83.638
973.0 83.64
974.0 83.628999
975.0 83.646
976.0 83.646
977.0 83.672
978.0 83.66
979.0 83.687
980.0 83.75
981.0 83.821
982.0 83.8
983.0 83.838
984.0 83.823
985.0 83.827
986.0 83.824
987.0 83.825999
988.0 83.825
989.0 83.799
990.0 83.791
991.0 83.796
992.0 83.813
993.0 83.787
994.0 83.77
995.0 83.765
996.0 83.769
997.0 83.74
998.0 83.726999
999.0 83.687
1000.0 83.688
1001.0 83.686
1002.0 83.642
1003.0 83.655999
1004.0 83.62
1005.0 83.627
1006.0 83.596
1007.0 83.589
1008.0 83.565
1009.0 83.55
1010.0 83.523
1011.0 83.498
1012.0 83.494
1013.0 83.458
1014.0 83.46
1015.0 83.428
1016.0 83.413
1017.0 83.37
1018.0 83.37
1019.0 83.327
1020.0 83.27
1021.0 83.299
1022.0 83.233999
1023.0 83.242
1024.0 83.194
1025.0 83.174
1026.0 83.099999
1027.0 83.09
1028.0 83.063
1029.0 83.002
1030.0 82.999
1031.0 82.973
1032.0 82.933
1033.0 82.906
1034.0 82.864999
1035.0 82.849999
1036.0 82.822
1037.0 82.795
1038.0 82.752
1039.0 82.714
1040.0 82.681
1041.0 82.666
1042.0 82.624
1043.0 82.581
1044.0 82.560999
1045.0 82.521
1046.0 82.474
1047.0 82.426
1048.0 82.403
1049.0 82.374
1050.0 82.274
1051.0 82.261
1052.0 82.206999
1053.0 82.154
1054.0 82.103
1055.0 82.089
1056.0 82.057999
1057.0 82.039
1058.0 82.002
1059.0 81.964
1060.0 81.906
1061.0 81.892
1062.0 81.846
1063.0 81.781
1064.0 81.746
1065.0 81.697
1066.0 81.71
1067.0 81.616999
1068.0 81.581999
1069.0 81.557999
1070.0 81.512
1071.0 81.443
1072.0 81.366
1073.0 81.325999
1074.0 81.331
1075.0 81.313
1076.0 81.199
1077.0 81.155
1078.0 81.116
1079.0 81.14
1080.0 81.067
1081.0 81.021
1082.0 80.997
1083.0 80.965
1084.0 80.899
1085.0 80.857999
1086.0 80.805
1087.0 80.73
1088.0 80.700999
1089.0 80.699
1090.0 80.711
1091.0 80.553
1092.0 80.556
1093.0 80.497
1094.0 80.383
1095.0 80.403
1096.0 80.312
1097.0 80.266
1098.0 80.318
1099.0 80.229
1100.0 80.230999
