190.0 0.080999
191.0 0.149
192.0 0.046
193.0 0.098
194.0 0.068
195.0 0.083
196.0 0.033
197.0 0.031
198.0 0.032
199.0 0.054
200.0 0.017
201.0 0.052
202.0 0.03
203.0 0.043
204.0 0.032
205.0 0.02
206.0 0.036
207.0 0.033
208.0 0.032
209.0 0.028
210.0 0.022
211.0 0.039
212.0 0.035
213.0 0.02
214.0 0.019
215.0 0.037
216.0 0.018
217.0 0.031
218.0 0.026
219.0 0.049
220.0 0.019
221.0 0.018
222.0 0.03
223.0 0.024
224.0 0.013
225.0 0.031
226.0 0.031
227.0 0.022
228.0 0.019
229.0 0.014
230.0 0.017
231.0 0.019
232.0 0.014
233.0 0.021
234.0 0.022
235.0 0.036
236.0 0.021
237.0 0.03
238.0 0.014
239.0 0.005
240.0 0.013
241.0 0.011
242.0 0.019
243.0 0.025
244.0 0.025
245.0 0.022
246.0 0.026
247.0 0.015
248.0 0.025
249.0 0.018
250.0 0.013
251.0 0.043
252.0 0.021
253.0 0.027
254.0 0.03
255.0 0.021
256.0 0.038
257.0 0.027
258.0 0.036
259.0 0.05
260.0 0.027
261.0 0.025
262.0 0.036
263.0 0.035
264.0 0.04
265.0 0.035
266.0 0.017
267.0 0.044
268.0 0.034
269.0 0.003
270.0 0.033
271.0 0.028
272.0 0.042
273.0 0.026
274.0 0.031
275.0 0.055
276.0 0.039
277.0 0.048
278.0 0.037
279.0 0.034
280.0 0.025
281.0 0.032
282.0 0.042
283.0 0.067
284.0 0.037
285.0 0.044
286.0 0.04
287.0 0.01
288.0 0.042
289.0 0.035
290.0 0.054
291.0 0.058
292.0 0.053
293.0 0.015
294.0 0.037
295.0 0.051
296.0 0.012
297.0 0.055
298.0 0.028
299.0 0.047
300.0 0.023
301.0 0.039
302.0 0.027
303.0 0.029
304.0 0.053
305.0 0.044
306.0 0.053
307.0 0.055999
308.0 0.037
309.0 0.044
310.0 0.039
311.0 0.048
312.0 0.044
313.0 0.049
314.0 0.086999
315.0 0.092
316.0 0.079
317.0 0.045
318.0 0.036
319.0 0.043
320.0 0.018
321.0 0.076
322.0 0.079
323.0 0.124
324.0 0.119
325.0 0.069999
326.0 0.082
327.0 0.205
328.0 0.207
329.0 0.19
330.0 0.219
331.0 0.208
332.0 0.208
333.0 0.2
334.0 0.196
335.0 0.217
336.0 0.195
337.0 0.212
338.0 0.22
339.0 0.221
340.0 0.234
341.0 0.226
342.0 0.259
343.0 0.279
344.0 0.296
345.0 0.321
346.0 0.366
347.0 0.429
348.0 0.474
349.0 0.57
350.0 0.670999
351.0 0.8
352.0 0.957
353.0 1.172
354.0 1.446
355.0 1.791
356.0 2.213
357.0 2.741
358.0 3.38
359.0 4.182
360.0 5.14
361.0 6.297999
362.0 7.682
363.0 9.292
364.0 11.141
365.0 13.235
366.0 15.565
367.0 18.097
368.0 20.747
369.0 23.49
370.0 26.195
371.0 28.832
372.0 31.327
373.0 33.7
374.0 35.879
375.0 37.949
376.0 39.883
377.0 41.656
378.0 43.437
379.0 45.187
380.0 46.904
381.0 48.686
382.0 50.476
383.0 52.45
384.0 54.437
385.0 56.373
386.0 58.325
387.0 60.303
388.0 62.236
389.0 64.128
390.0 65.982
391.0 67.761
392.0 69.457
393.0 71.044
394.0 72.515
395.0 73.863
396.0 75.078
397.0 76.156
398.0 77.045
399.0 77.773
400.0 78.364
401.0 78.81
402.0 79.072
403.0 79.239999
404.0 79.286999
405.0 79.200999
406.0 79.057999
407.0 78.809
408.0 78.513
409.0 78.179
410.0 77.782
411.0 77.373
412.0 76.953999
413.0 76.531
414.0 76.099999
415.0 75.697999
416.0 75.305
417.0 74.928
418.0 74.593
419.0 74.3
420.0 74.019
421.0 73.809
422.0 73.587999
423.0 73.465
424.0 73.348
425.0 73.251
426.0 73.218
427.0 73.22
428.0 73.267
429.0 73.361
430.0 73.458
431.0 73.607
432.0 73.804999
433.0 74.021
434.0 74.294
435.0 74.594
436.0 74.887
437.0 75.241
438.0 75.651
439.0 76.031
440.0 76.441999
441.0 76.912
442.0 77.416
443.0 77.92
444.0 78.425
445.0 78.951
446.0 79.486
447.0 80.025
448.0 80.575
449.0 81.089999
450.0 81.645
451.0 82.176
452.0 82.703
453.0 83.242999
454.0 83.738999
455.0 84.217
456.0 84.712
457.0 85.149
458.0 85.625
459.0 86.029
460.0 86.401
461.0 86.765
462.0 87.099999
463.0 87.423
464.0 87.681
465.0 87.901
466.0 88.119
467.0 88.287
468.0 88.405999
469.0 88.551999
470.0 88.649
471.0 88.721
472.0 88.699
473.0 88.700999
474.0 88.646999
475.0 88.583
476.0 88.502
477.0 88.355999
478.0 88.239999
479.0 88.065
480.0 87.87
481.0 87.667
482.0 87.446
483.0 87.204
484.0 86.936
485.0 86.663
486.0 86.389
487.0 86.084999
488.0 85.81
489.0 85.476
490.0 85.16
491.0 84.846
492.0 84.553
493.0 84.205
494.0 83.899
495.0 83.58
496.0 83.26
497.0 82.969
498.0 82.637
499.0 82.349
500.0 82.04
501.0 81.749
502.0 81.457
503.0 81.181
504.0 80.934
505.0 80.663
506.0 80.428
507.0 80.176
508.0 79.958
509.0 79.757
510.0 79.551
511.0 79.367
512.0 79.191999
513.0 79.033
514.0 78.872
515.0 78.727999
516.0 78.593
517.0 78.486999
518.0 78.374
519.0 78.295999
520.0 78.207
521.0 78.125
522.0 78.072
523.0 78.048
524.0 78.014
525.0 77.998
526.0 77.986999
527.0 77.992999
528.0 78.015
529.0 78.058
530.0 78.101
531.0 78.161
532.0 78.203999
533.0 78.282
534.0 78.351
535.0 78.464999
536.0 78.561
537.0 78.675
538.0 78.793
539.0 78.94
540.0 79.073
541.0 79.242999
542.0 79.391
543.0 79.548
544.0 79.715999
545.0 79.907
546.0 80.081
547.0 80.27
548.0 80.489999
549.0 80.687
550.0 80.881
551.0 81.101
552.0 81.315
553.0 81.542999
554.0 81.771
555.0 81.997
556.0 82.242
557.0 82.462999
558.0 82.718
559.0 82.934
560.0 83.209999
561.0 83.431999
562.0 83.679
563.0 83.922
564.0 84.177
565.0 84.425
566.0 84.658
567.0 84.886
568.0 85.136
569.0 85.351
570.0 85.595
571.0 85.828
572.0 86.05
573.0 86.26
574.0 86.484
575.0 86.697
576.0 86.902
577.0 87.126
578.0 87.327
579.0 87.507
580.0 87.703
581.0 87.895
582.0 88.071999
583.0 88.241
584.0 88.399
585.0 88.566999
586.0 88.727
587.0 88.858999
588.0 89.027
589.0 89.157
590.0 89.275
591.0 89.405
592.0 89.51
593.0 89.637
594.0 89.726
595.0 89.815
596.0 89.898
597.0 89.973
598.0 90.015999
599.0 90.088
600.0 90.119
601.0 90.164
602.0 90.19
603.0 90.19
604.0 90.202
605.0 90.205
606.0 90.2
607.0 90.172
608.0 90.161
609.0 90.122999
610.0 90.090999
611.0 90.035
612.0 89.973
613.0 89.907
614.0 89.849999
615.0 89.771
616.0 89.679
617.0 89.587
618.0 89.500999
619.0 89.385
620.0 89.291
621.0 89.181
622.0 89.051
623.0 88.922
624.0 88.798999
625.0 88.663
626.0 88.524999
627.0 88.383
628.0 88.265
629.0 88.111999
630.0 87.944999
631.0 87.8
632.0 87.646999
633.0 87.483999
634.0 87.316
635.0 87.169
636.0 86.997999
637.0 86.814
638.0 86.673999
639.0 86.495
640.0 86.301
641.0 86.146999
642.0 85.989999
643.0 85.79
644.0 85.617
645.0 85.452
646.0 85.274
647.0 85.104
648.0 84.914999
649.0 84.759
650.0 84.575999
651.0 84.402
652.0 84.202
653.0 84.06
654.0 83.916
655.0 83.711
656.0 83.545999
657.0 83.381
658.0 83.221999
659.0 83.071
660.0 82.903
661.0 82.754
662.0 82.565
663.0 82.426
664.0 82.273
665.0 82.12
666.0 81.967
667.0 81.824
668.0 81.684
669.0 81.53
670.0 81.399999
671.0 81.242999
672.0 81.140999
673.0 80.993
674.0 80.879
675.0 80.742999
676.0 80.616
677.0 80.491999
678.0 80.367999
679.0 80.274999
680.0 80.155
681.0 80.061
682.0 79.947
683.0 79.840999
684.0 79.746
685.0 79.64
686.0 79.557
687.0 79.466
688.0 79.372
689.0 79.293
690.0 79.196999
691.0 79.139
692.0 79.061
693.0 78.980999
694.0 78.912
695.0 78.841
696.0 78.794
697.0 78.726
698.0 78.664999
699.0 78.614999
700.0 78.562
701.0 78.512
702.0 78.459999
703.0 78.43
704.0 78.396999
705.0 78.337
706.0 78.310999
707.0 78.292
708.0 78.255
709.0 78.232
710.0 78.215
711.0 78.176
712.0 78.171
713.0 78.155
714.0 78.152999
715.0 78.135
716.0 78.136
717.0 78.124
718.0 78.135
719.0 78.13
720.0 78.124
721.0 78.127
722.0 78.147
723.0 78.161
724.0 78.159
725.0 78.18
726.0 78.194
727.0 78.224999
728.0 78.236
729.0 78.264
730.0 78.283999
731.0 78.313
732.0 78.342
733.0 78.375
734.0 78.403
735.0 78.458
736.0 78.479
737.0 78.52
738.0 78.569
739.0 78.607
740.0 78.649
741.0 78.703999
742.0 78.765
743.0 78.791
744.0 78.836
745.0 78.893999
746.0 78.955
747.0 79.014
748.0 79.065
749.0 79.119
750.0 79.181
751.0 79.253
752.0 79.305
753.0 79.373
754.0 79.435999
755.0 79.505
756.0 79.581
757.0 79.654
758.0 79.717
759.0 79.797
760.0 79.859
761.0 79.934
762.0 80.013
763.0 80.074
764.0 80.17
765.0 80.244
766.0 80.334
767.0 80.408999
768.0 80.485
769.0 80.579
770.0 80.646
771.0 80.721
772.0 80.815
773.0 80.895
774.0 80.983
775.0 81.074
776.0 81.142
777.0 81.233999
778.0 81.325999
779.0 81.411999
780.0 81.498
781.0 81.581999
782.0 81.672
783.0 81.727
784.0 81.791
785.0 81.896
786.0 81.979
787.0 82.079
788.0 82.155
789.0 82.244
790.0 82.351
791.0 82.419
792.0 82.512
793.0 82.604
794.0 82.687
795.0 82.781
796.0 82.86
797.0 82.959999
798.0 83.047
799.0 83.147
800.0 83.24
801.0 83.309
802.0 83.387
803.0 83.473
804.0 83.545
805.0 83.625
806.0 83.713
807.0 83.786
808.0 83.864
809.0 83.943
810.0 84.027
811.0 84.11
812.0 84.186
813.0 84.265999
814.0 84.326
815.0 84.396
816.0 84.476
817.0 84.545
818.0 84.61
819.0 84.687
820.0 84.769
821.0 84.812
822.0 84.892
823.0 84.950999
824.0 85.024999
825.0 85.077
826.0 85.148
827.0 85.205
828.0 85.261
829.0 85.307
830.0 85.363999
831.0 85.423
832.0 85.477
833.0 85.528
834.0 85.584
835.0 85.639
836.0 85.68
837.0 85.739
838.0 85.776
839.0 85.826
840.0 85.858999
841.0 85.906
842.0 85.938
843.0 86.005
844.0 86.001
845.0 86.056999
846.0 86.089
847.0 86.136
848.0 86.173
849.0 86.182
850.0 86.233
851.0 86.253
852.0 86.272
853.0 86.292
854.0 86.324
855.0 86.35
856.0 86.365
857.0 86.381
858.0 86.399
859.0 86.438
860.0 86.453999
861.0 86.446
862.0 86.462999
863.0 86.473
864.0 86.48
865.0 86.479
866.0 86.524999
867.0 86.488
868.0 86.500999
869.0 86.528
870.0 86.517
871.0 86.517
872.0 86.518
873.0 86.527
874.0 86.497
875.0 86.526
876.0 86.492
877.0 86.46
878.0 86.485
879.0 86.467
880.0 86.46
881.0 86.458
882.0 86.414
883.0 86.424
884.0 86.402
885.0 86.417999
886.0 86.375999
887.0 86.388
888.0 86.339
889.0 86.334999
890.0 86.31
891.0 86.307
892.0 86.267
893.0 86.249
894.0 86.217
895.0 86.197
896.0 86.148
897.0 86.119999
898.0 86.082
899.0 86.056999
900.0 86.011
901.0 86.019
902.0 85.945
903.0 85.917
904.0 85.879
905.0 85.815
906.0 85.774
907.0 85.753
908.0 85.682
909.0 85.643999
910.0 85.598
911.0 85.539
912.0 85.483
913.0 85.436
914.0 85.393
915.0 85.346999
916.0 85.272
917.0 85.247
918.0 85.189
919.0 85.149
920.0 85.091
921.0 85.058
922.0 85.006
923.0 84.925
924.0 84.873
925.0 84.835
926.0 84.758
927.0 84.724999
928.0 84.667
929.0 84.625
930.0 84.567
931.0 84.517
932.0 84.434
933.0 84.404
934.0 84.328999
935.0 84.282
936.0 84.216
937.0 84.167
938.0 84.114999
939.0 84.067
940.0 83.977
941.0 83.947
942.0 83.872
943.0 83.801
944.0 83.763
945.0 83.691
946.0 83.627
947.0 83.596999
948.0 83.509999
949.0 83.457
950.0 83.362
951.0 83.336
952.0 83.250999
953.0 83.159
954.0 83.136
955.0 83.05
956.0 83.008
957.0 82.929
958.0 82.875
959.0 82.806
960.0 82.726
961.0 82.686
962.0 82.65
963.0 82.58
964.0 82.543
965.0 82.477999
966.0 82.405
967.0 82.357
968.0 82.298
969.0 82.223
970.0 82.146
971.0 82.096
972.0 82.032
973.0 81.989
974.0 81.935999
975.0 81.871
976.0 81.812
977.0 81.744
978.0 81.691999
979.0 81.636
980.0 81.567
981.0 81.521
982.0 81.471
983.0 81.404
984.0 81.335
985.0 81.288
986.0 81.23
987.0 81.166
988.0 81.117999
989.0 81.045999
990.0 81.003
991.0 80.943
992.0 80.898
993.0 80.835
994.0 80.786
995.0 80.715
996.0 80.696
997.0 80.605999
998.0 80.574
999.0 80.501
1000.0 80.483
1001.0 80.386
1002.0 80.336
1003.0 80.296
1004.0 80.242999
1005.0 80.173
1006.0 80.127
1007.0 80.068
1008.0 80.033
1009.0 79.982
1010.0 79.926
1011.0 79.881
1012.0 79.836
1013.0 79.762999
1014.0 79.735999
1015.0 79.69
1016.0 79.632
1017.0 79.596
1018.0 79.54
1019.0 79.486999
1020.0 79.442
1021.0 79.411
1022.0 79.364
1023.0 79.346999
1024.0 79.262
1025.0 79.234
1026.0 79.175
1027.0 79.125
1028.0 79.068
1029.0 79.054
1030.0 78.974999
1031.0 78.94
1032.0 78.91
1033.0 78.846
1034.0 78.825
1035.0 78.825999
1036.0 78.767
1037.0 78.742999
1038.0 78.687
1039.0 78.661999
1040.0 78.611
1041.0 78.61
1042.0 78.518
1043.0 78.511
1044.0 78.486999
1045.0 78.435999
1046.0 78.401
1047.0 78.361
1048.0 78.346
1049.0 78.310999
1050.0 78.229
1051.0 78.219
1052.0 78.193
1053.0 78.149999
1054.0 78.09
1055.0 78.093999
1056.0 78.038
1057.0 78.015
1058.0 78.023
1059.0 77.986999
1060.0 78.005
1061.0 77.958
1062.0 77.878
1063.0 77.892
1064.0 77.866999
1065.0 77.802
1066.0 77.839
1067.0 77.774
1068.0 77.752
1069.0 77.732999
1070.0 77.727
1071.0 77.688999
1072.0 77.659
1073.0 77.621
1074.0 77.605999
1075.0 77.608
1076.0 77.604
1077.0 77.542999
1078.0 77.553
1079.0 77.541
1080.0 77.479
1081.0 77.506
1082.0 77.539
1083.0 77.439
1084.0 77.41
1085.0 77.420999
1086.0 77.417999
1087.0 77.361999
1088.0 77.356
1089.0 77.346999
1090.0 77.378999
1091.0 77.405999
1092.0 77.303
1093.0 77.269
1094.0 77.268
1095.0 77.294
1096.0 77.232999
1097.0 77.31
1098.0 77.244
1099.0 77.205
1100.0 77.188
