190.0 0.025
191.0 0.137
192.0 0.053
193.0 0.077
194.0 0.044
195.0 0.076
196.0 0.036
197.0 0.028
198.0 0.016
199.0 0.021
200.0 0.044
201.0 0.021
202.0 0.039
203.0 0.045
204.0 0.038
205.0 0.034
206.0 0.02
207.0 0.03
208.0 0.018
209.0 0.024
210.0 0.016
211.0 0.034
212.0 0.018
213.0 0.012
214.0 0.033
215.0 0.029
216.0 0.023
217.0 0.021
218.0 0.02
219.0 0.034
220.0 0.017
221.0 0.016
222.0 0.021
223.0 0.017
224.0 0.013
225.0 0.028
226.0 0.024
227.0 0.034
228.0 0.015
229.0 0.029
230.0 0.017
231.0 0.013
232.0 0.017
233.0 0.009
234.0 0.011
235.0 0.03
236.0 0.02
237.0 0.016
238.0 0.012
239.0 0.015
240.0 0.021
241.0 0.006999
242.0 0.014
243.0 0.034
244.0 0.017
245.0 0.009
246.0 0.01
247.0 0.016
248.0 0.006
249.0 0.025
250.0 0.033
251.0 0.033
252.0 0.014
253.0 0.034
254.0 0.027
255.0 0.017
256.0 0.005
257.0 0.024
258.0 0.023
259.0 0.027
260.0 0.027
261.0 0.029
262.0 0.012
263.0 0.029
264.0 0.018
265.0 0.037
266.0 0.013
267.0 0.051
268.0 0.026
269.0 0.012
270.0 0.041
271.0 0.033
272.0 0.02
273.0 0.022
274.0 0.04
275.0 0.066
276.0 0.027
277.0 0.055
278.0 0.012
279.0 0.031
280.0 0.029
281.0 0.022
282.0 0.044
283.0 0.057
284.0 0.053
285.0 0.035
286.0 0.038
287.0 0.024
288.0 0.037
289.0 0.034
290.0 0.035
291.0 0.057
292.0 0.023
293.0 0.031
294.0 0.023
295.0 0.023
296.0 0.04
297.0 0.04
298.0 0.059
299.0 0.048
300.0 0.052
301.0 0.032
302.0 0.038
303.0 0.023
304.0 0.054
305.0 0.022
306.0 0.036
307.0 0.086999
308.0 0.026
309.0 0.024
310.0 0.05
311.0 0.037
312.0 0.041
313.0 0.04
314.0 0.057
315.0 0.068999
316.0 0.038
317.0 0.013
318.0 0.064
319.0 0.063
320.0 0.035
321.0 0.057
322.0 0.038
323.0 0.095
324.0 0.061
325.0 0.077
326.0 0.058
327.0 0.048
328.0 0.055
329.0 0.059
330.0 0.036
331.0 0.073
332.0 0.049
333.0 0.043
334.0 0.046
335.0 0.043
336.0 0.04
337.0 0.049
338.0 0.055
339.0 0.055999
340.0 0.055999
341.0 0.053
342.0 0.058
343.0 0.064
344.0 0.065
345.0 0.08
346.0 0.094
347.0 0.125
348.0 0.135
349.0 0.164
350.0 0.198
351.0 0.247
352.0 0.322
353.0 0.392
354.0 0.522
355.0 0.697
356.0 0.888
357.0 1.165
358.0 1.529
359.0 1.988
360.0 2.556
361.0 3.281
362.0 4.202
363.0 5.303
364.0 6.64
365.0 8.212999
366.0 10.039
367.0 12.111
368.0 14.364
369.0 16.776
370.0 19.319
371.0 21.849
372.0 24.382
373.0 26.829
374.0 29.173
375.0 31.348
376.0 33.352
377.0 35.253
378.0 37.051
379.0 38.795
380.0 40.5
381.0 42.174
382.0 43.94
383.0 45.779
384.0 47.644
385.0 49.406
386.0 51.15
387.0 52.858
388.0 54.545
389.0 56.179
390.0 57.768
391.0 59.262
392.0 60.66
393.0 61.999
394.0 63.188999
395.0 64.259999
396.0 65.220999
397.0 66.051999
398.0 66.754
399.0 67.337999
400.0 67.793
401.0 68.13
402.0 68.395
403.0 68.581
404.0 68.657
405.0 68.682
406.0 68.658
407.0 68.571
408.0 68.482
409.0 68.345
410.0 68.235999
411.0 68.108999
412.0 67.974999
413.0 67.881
414.0 67.809
415.0 67.762999
416.0 67.744
417.0 67.759
418.0 67.813
419.0 67.906
420.0 68.002
421.0 68.176999
422.0 68.369
423.0 68.616
424.0 68.895
425.0 69.202
426.0 69.554
427.0 69.92
428.0 70.312
429.0 70.747
430.0 71.164
431.0 71.633
432.0 72.111999
433.0 72.578
434.0 73.080999
435.0 73.575
436.0 74.047
437.0 74.548999
438.0 75.023
439.0 75.483999
440.0 75.964
441.0 76.405999
442.0 76.843999
443.0 77.262
444.0 77.671
445.0 78.041
446.0 78.344
447.0 78.649
448.0 78.924
449.0 79.142
450.0 79.356
451.0 79.518999
452.0 79.676
453.0 79.759
454.0 79.822
455.0 79.877
456.0 79.88
457.0 79.83
458.0 79.786999
459.0 79.703
460.0 79.584999
461.0 79.447999
462.0 79.295
463.0 79.125
464.0 78.916
465.0 78.718
466.0 78.48
467.0 78.258
468.0 78.007
469.0 77.764
470.0 77.494
471.0 77.267
472.0 76.992999
473.0 76.748
474.0 76.509
475.0 76.255
476.0 75.999
477.0 75.799
478.0 75.595
479.0 75.378
480.0 75.188
481.0 75.012999
482.0 74.837
483.0 74.712999
484.0 74.559
485.0 74.452
486.0 74.331999
487.0 74.279
488.0 74.200999
489.0 74.166
490.0 74.107
491.0 74.114
492.0 74.11
493.0 74.119999
494.0 74.189
495.0 74.246
496.0 74.314
497.0 74.392
498.0 74.489
499.0 74.636
500.0 74.741
501.0 74.886
502.0 75.063999
503.0 75.227999
504.0 75.414999
505.0 75.63
506.0 75.827999
507.0 76.051999
508.0 76.27
509.0 76.527999
510.0 76.755
511.0 77.007
512.0 77.286
513.0 77.545
514.0 77.810999
515.0 78.102
516.0 78.368
517.0 78.629
518.0 78.946
519.0 79.215
520.0 79.501
521.0 79.774999
522.0 80.057
523.0 80.342
524.0 80.605
525.0 80.882
526.0 81.133
527.0 81.415
528.0 81.648
529.0 81.882
530.0 82.137
531.0 82.364
532.0 82.578
533.0 82.793
534.0 82.981
535.0 83.154
536.0 83.342
537.0 83.496
538.0 83.653
539.0 83.789
540.0 83.925
541.0 84.015
542.0 84.113
543.0 84.205
544.0 84.292
545.0 84.333
546.0 84.392
547.0 84.446
548.0 84.456
549.0 84.456
550.0 84.457
551.0 84.437
552.0 84.394
553.0 84.372
554.0 84.304
555.0 84.248
556.0 84.193
557.0 84.11
558.0 84.009
559.0 83.894
560.0 83.801
561.0 83.687
562.0 83.544
563.0 83.425
564.0 83.268
565.0 83.128
566.0 82.979
567.0 82.819
568.0 82.659
569.0 82.476
570.0 82.316999
571.0 82.151
572.0 81.955
573.0 81.801
574.0 81.593999
575.0 81.42
576.0 81.245
577.0 81.030999
578.0 80.857999
579.0 80.684
580.0 80.509
581.0 80.325
582.0 80.122
583.0 79.955
584.0 79.774999
585.0 79.603
586.0 79.439
587.0 79.259
588.0 79.116
589.0 78.95
590.0 78.783
591.0 78.634
592.0 78.494
593.0 78.358999
594.0 78.215
595.0 78.089
596.0 77.98
597.0 77.857
598.0 77.732
599.0 77.632
600.0 77.518
601.0 77.44
602.0 77.353
603.0 77.258
604.0 77.168
605.0 77.107
606.0 77.046
607.0 76.976999
608.0 76.94
609.0 76.878999
610.0 76.846999
611.0 76.801
612.0 76.777
613.0 76.756999
614.0 76.736
615.0 76.736999
616.0 76.739999
617.0 76.741
618.0 76.741
619.0 76.748
620.0 76.781
621.0 76.785
622.0 76.833
623.0 76.87
624.0 76.904
625.0 76.953999
626.0 77.021
627.0 77.08
628.0 77.133
629.0 77.188999
630.0 77.271999
631.0 77.337999
632.0 77.429999
633.0 77.51
634.0 77.598
635.0 77.708999
636.0 77.798
637.0 77.904
638.0 78.006
639.0 78.128
640.0 78.25
641.0 78.354
642.0 78.456999
643.0 78.596
644.0 78.72
645.0 78.842
646.0 78.998
647.0 79.1
648.0 79.254
649.0 79.388
650.0 79.53
651.0 79.668
652.0 79.812
653.0 79.952
654.0 80.091
655.0 80.246
656.0 80.384999
657.0 80.527
658.0 80.676
659.0 80.81
660.0 80.962
661.0 81.116999
662.0 81.254
663.0 81.41
664.0 81.557
665.0 81.703
666.0 81.837
667.0 81.981
668.0 82.152
669.0 82.272
670.0 82.391
671.0 82.547
672.0 82.684
673.0 82.827
674.0 82.937
675.0 83.057
676.0 83.19
677.0 83.301999
678.0 83.444
679.0 83.541
680.0 83.665
681.0 83.746
682.0 83.891
683.0 83.970999
684.0 84.089
685.0 84.167
686.0 84.259
687.0 84.362
688.0 84.435
689.0 84.527
690.0 84.601
691.0 84.685999
692.0 84.752
693.0 84.828
694.0 84.887
695.0 84.944
696.0 85.001
697.0 85.055
698.0 85.096
699.0 85.14
700.0 85.185
701.0 85.217
702.0 85.251
703.0 85.277999
704.0 85.301
705.0 85.319
706.0 85.321
707.0 85.331
708.0 85.34
709.0 85.331
710.0 85.334
711.0 85.343
712.0 85.316
713.0 85.304999
714.0 85.277
715.0 85.262
716.0 85.224999
717.0 85.205
718.0 85.155
719.0 85.126
720.0 85.075
721.0 85.029
722.0 84.967
723.0 84.932
724.0 84.872
725.0 84.799
726.0 84.763
727.0 84.667
728.0 84.599
729.0 84.542
730.0 84.46
731.0 84.384
732.0 84.303
733.0 84.206
734.0 84.13
735.0 84.05
736.0 83.944
737.0 83.857
738.0 83.77
739.0 83.646
740.0 83.556
741.0 83.467
742.0 83.35
743.0 83.261
744.0 83.143
745.0 83.047
746.0 82.933
747.0 82.816999
748.0 82.712
749.0 82.608
750.0 82.489
751.0 82.369
752.0 82.265999
753.0 82.143
754.0 82.033999
755.0 81.916
756.0 81.774999
757.0 81.648
758.0 81.551
759.0 81.432
760.0 81.324
761.0 81.194999
762.0 81.08
763.0 80.957
764.0 80.854
765.0 80.711999
766.0 80.577
767.0 80.467
768.0 80.348
769.0 80.235
770.0 80.104
771.0 79.996
772.0 79.878
773.0 79.754
774.0 79.651
775.0 79.527999
776.0 79.423
777.0 79.313999
778.0 79.21
779.0 79.117
780.0 79.006
781.0 78.905999
782.0 78.803
783.0 78.693
784.0 78.602999
785.0 78.506
786.0 78.4
787.0 78.31
788.0 78.202
789.0 78.136
790.0 78.008
791.0 77.907
792.0 77.818
793.0 77.732999
794.0 77.63
795.0 77.527999
796.0 77.456
797.0 77.368
798.0 77.297
799.0 77.208
800.0 77.125
801.0 77.032
802.0 76.955
803.0 76.89
804.0 76.814
805.0 76.75
806.0 76.669
807.0 76.625
808.0 76.539
809.0 76.492999
810.0 76.42
811.0 76.337999
812.0 76.303
813.0 76.236
814.0 76.192
815.0 76.132
816.0 76.086
817.0 76.045
818.0 76.000999
819.0 75.961
820.0 75.908
821.0 75.863
822.0 75.834999
823.0 75.783
824.0 75.739999
825.0 75.712999
826.0 75.676
827.0 75.649
828.0 75.616
829.0 75.597
830.0 75.578
831.0 75.535
832.0 75.529
833.0 75.505
834.0 75.488
835.0 75.471
836.0 75.44
837.0 75.456
838.0 75.423
839.0 75.42
840.0 75.405
841.0 75.392
842.0 75.39
843.0 75.390999
844.0 75.393
845.0 75.386
846.0 75.390999
847.0 75.397
848.0 75.409
849.0 75.397
850.0 75.4
851.0 75.446
852.0 75.444
853.0 75.441999
854.0 75.467
855.0 75.483
856.0 75.5
857.0 75.518
858.0 75.534
859.0 75.554
860.0 75.582
861.0 75.599
862.0 75.621
863.0 75.652
864.0 75.68
865.0 75.712999
866.0 75.741
867.0 75.761
868.0 75.798
869.0 75.849999
870.0 75.866
871.0 75.893999
872.0 75.946
873.0 75.973
874.0 76.004
875.0 76.069
876.0 76.082
877.0 76.134999
878.0 76.183
879.0 76.224999
880.0 76.282
881.0 76.315
882.0 76.37
883.0 76.422
884.0 76.467
885.0 76.512
886.0 76.581999
887.0 76.632
888.0 76.688
889.0 76.727
890.0 76.79
891.0 76.853
892.0 76.893
893.0 76.943
894.0 77.011
895.0 77.057
896.0 77.147
897.0 77.193
898.0 77.249
899.0 77.303
900.0 77.36
901.0 77.429999
902.0 77.468999
903.0 77.521
904.0 77.62
905.0 77.661999
906.0 77.747999
907.0 77.788
908.0 77.842999
909.0 77.908999
910.0 77.956
911.0 78.035
912.0 78.089
913.0 78.157
914.0 78.194
915.0 78.271
916.0 78.342
917.0 78.396
918.0 78.459
919.0 78.527999
920.0 78.6
921.0 78.664999
922.0 78.722
923.0 78.797
924.0 78.837999
925.0 78.911
926.0 78.986
927.0 79.038
928.0 79.117
929.0 79.191999
930.0 79.279
931.0 79.312
932.0 79.388
933.0 79.447999
934.0 79.527999
935.0 79.571
936.0 79.657
937.0 79.723999
938.0 79.784
939.0 79.843
940.0 79.911
941.0 79.97
942.0 80.028
943.0 80.092
944.0 80.167999
945.0 80.202
946.0 80.292
947.0 80.352999
948.0 80.425
949.0 80.458
950.0 80.491999
951.0 80.557
952.0 80.647
953.0 80.71
954.0 80.738
955.0 80.813999
956.0 80.836
957.0 80.906
958.0 81.003
959.0 81.035
960.0 81.095
961.0 81.16
962.0 81.198
963.0 81.248
964.0 81.306
965.0 81.379
966.0 81.411999
967.0 81.461
968.0 81.502
969.0 81.551
970.0 81.596999
971.0 81.637
972.0 81.688
973.0 81.786
974.0 81.805
975.0 81.839
976.0 81.863
977.0 81.918
978.0 81.991
979.0 82.038
980.0 82.057999
981.0 82.089
982.0 82.146
983.0 82.185
984.0 82.203999
985.0 82.258
986.0 82.294
987.0 82.313999
988.0 82.361999
989.0 82.391
990.0 82.449
991.0 82.454
992.0 82.508
993.0 82.525
994.0 82.547
995.0 82.599999
996.0 82.608999
997.0 82.647
998.0 82.64
999.0 82.679
1000.0 82.684
1001.0 82.715999
1002.0 82.75
1003.0 82.776
1004.0 82.784
1005.0 82.818
1006.0 82.845
1007.0 82.867
1008.0 82.867
1009.0 82.896999
1010.0 82.929
1011.0 82.917
1012.0 82.933
1013.0 82.964
1014.0 82.968
1015.0 82.968
1016.0 82.989999
1017.0 83.006
1018.0 83.026
1019.0 83.017
1020.0 83.029
1021.0 83.03
1022.0 83.072999
1023.0 83.048999
1024.0 83.031
1025.0 83.04
1026.0 83.041
1027.0 83.029
1028.0 83.044
1029.0 83.032
1030.0 83.02
1031.0 83.037
1032.0 83.047
1033.0 83.015
1034.0 83.015
1035.0 83.035
1036.0 83.013
1037.0 83.025
1038.0 83.041
1039.0 82.994999
1040.0 82.996
1041.0 82.994999
1042.0 82.974999
1043.0 82.979
1044.0 82.955
1045.0 82.952
1046.0 82.952
1047.0 82.938
1048.0 82.896999
1049.0 82.915
1050.0 82.879
1051.0 82.836
1052.0 82.825
1053.0 82.77
1054.0 82.777999
1055.0 82.77
1056.0 82.76
1057.0 82.75
1058.0 82.749
1059.0 82.677
1060.0 82.694999
1061.0 82.670999
1062.0 82.693
1063.0 82.624
1064.0 82.598
1065.0 82.571
1066.0 82.516
1067.0 82.48
1068.0 82.506999
1069.0 82.455999
1070.0 82.455
1071.0 82.423999
1072.0 82.379
1073.0 82.347
1074.0 82.318
1075.0 82.255
1076.0 82.213
1077.0 82.161
1078.0 82.237
1079.0 82.179
1080.0 82.191999
1081.0 82.167999
1082.0 82.179999
1083.0 82.196
1084.0 82.096999
1085.0 82.069999
1086.0 82.016
1087.0 81.959999
1088.0 81.923
1089.0 81.901
1090.0 81.864
1091.0 81.874
1092.0 81.758
1093.0 81.766
1094.0 81.684
1095.0 81.626
1096.0 81.589
1097.0 81.557999
1098.0 81.562
1099.0 81.437
1100.0 81.498
