190.0 0.096
191.0 0.119
192.0 0.031
193.0 0.067
194.0 0.046
195.0 0.047
196.0 0.055999
197.0 0.053
198.0 0.043
199.0 0.023
200.0 0.037
201.0 0.016
202.0 0.024
203.0 0.042
204.0 0.013
205.0 0.031
206.0 0.022
207.0 0.025
208.0 0.013
209.0 0.019
210.0 0.022
211.0 0.033
212.0 0.026
213.0 0.017
214.0 0.024
215.0 0.008
216.0 0.022
217.0 0.024
218.0 0.025
219.0 0.037
220.0 0.001
221.0 0.009
222.0 0.023
223.0 0.024
224.0 0.03
225.0 0.019
226.0 0.02
227.0 0.026
228.0 0.021
229.0 0.015
230.0 0.028
231.0 0.011
232.0 0.021
233.0 0.019
234.0 0.017
235.0 0.024
236.0 0.016
237.0 0.018
238.0 0.012
239.0 0.008
240.0 -0.001
241.0 0.016
242.0 0.021
243.0 0.023
244.0 0.012
245.0 0.016
246.0 0.017
247.0 0.028
248.0 0.017
249.0 0.028
250.0 0.021
251.0 0.046
252.0 0.024
253.0 0.019
254.0 -0.009
255.0 0.022
256.0 0.027
257.0 0.006
258.0 0.018
259.0 0.046
260.0 0.024
261.0 0.017
262.0 0.028
263.0 0.039
264.0 0.035
265.0 0.012
266.0 0.038
267.0 0.057
268.0 0.02
269.0 0.002
270.0 0.027
271.0 0.025
272.0 0.049
273.0 0.006999
274.0 0.014
275.0 0.053
276.0 0.002
277.0 0.028
278.0 0.0
279.0 0.03
280.0 0.017
281.0 0.024
282.0 0.023
283.0 0.051
284.0 0.03
285.0 0.03
286.0 0.025
287.0 0.015
288.0 0.055
289.0 0.024
290.0 0.043
291.0 0.047
292.0 0.039
293.0 0.04
294.0 0.001
295.0 0.022
296.0 0.033
297.0 0.043
298.0 0.035
299.0 0.068999
300.0 0.019
301.0 0.048
302.0 0.052
303.0 0.046
304.0 0.01
305.0 0.041
306.0 0.044
307.0 0.051
308.0 0.035
309.0 0.05
310.0 0.03
311.0 0.047
312.0 0.05
313.0 0.019
314.0 0.06
315.0 0.064
316.0 0.039
317.0 0.066
318.0 0.03
319.0 0.06
320.0 0.037
321.0 0.062
322.0 0.048
323.0 0.076
324.0 0.069999
325.0 0.045
326.0 0.048
327.0 0.058
328.0 0.067
329.0 0.044
330.0 0.077
331.0 0.1
332.0 0.05
333.0 0.052
334.0 0.059
335.0 0.068999
336.0 0.064
337.0 0.068
338.0 0.078
339.0 0.093
340.0 0.086999
341.0 0.095
342.0 0.096
343.0 0.11
344.0 0.127
345.0 0.146
346.0 0.171
347.0 0.212
348.0 0.241
349.0 0.288
350.0 0.363
351.0 0.443
352.0 0.542
353.0 0.687999
354.0 0.861999
355.0 1.112
356.0 1.402
357.0 1.778
358.0 2.256
359.0 2.851
360.0 3.598
361.0 4.49
362.0 5.589
363.0 6.895999
364.0 8.412
365.0 10.181
366.0 12.188
367.0 14.398
368.0 16.839
369.0 19.48
370.0 22.276
371.0 25.176
372.0 28.169
373.0 31.229
374.0 34.208
375.0 37.165
376.0 39.934
377.0 42.529
378.0 44.955
379.0 47.116
380.0 49.023
381.0 50.809
382.0 52.288999
383.0 53.783
384.0 55.019
385.0 56.011999
386.0 56.865
387.0 57.625
388.0 58.297
389.0 58.919999
390.0 59.497
391.0 60.063999
392.0 60.624999
393.0 61.191
394.0 61.803
395.0 62.422999
396.0 63.11
397.0 63.826
398.0 64.575
399.0 65.321
400.0 66.159
401.0 67.021
402.0 67.895
403.0 68.816999
404.0 69.762
405.0 70.69
406.0 71.636
407.0 72.580999
408.0 73.527
409.0 74.444999
410.0 75.318
411.0 76.187
412.0 76.996
413.0 77.786
414.0 78.503
415.0 79.17
416.0 79.762999
417.0 80.294
418.0 80.746
419.0 81.155
420.0 81.455
421.0 81.737
422.0 81.908999
423.0 82.035
424.0 82.087
425.0 82.086
426.0 81.985
427.0 81.854
428.0 81.682999
429.0 81.474
430.0 81.184
431.0 80.874
432.0 80.566
433.0 80.19
434.0 79.825999
435.0 79.444999
436.0 79.051
437.0 78.657
438.0 78.303
439.0 77.92
440.0 77.545
441.0 77.197
442.0 76.895
443.0 76.583
444.0 76.277
445.0 76.01
446.0 75.764
447.0 75.55
448.0 75.363
449.0 75.181
450.0 75.044
451.0 74.933
452.0 74.866999
453.0 74.795
454.0 74.759
455.0 74.759
456.0 74.795999
457.0 74.838
458.0 74.925
459.0 75.029
460.0 75.146
461.0 75.298
462.0 75.463
463.0 75.681
464.0 75.88
465.0 76.12
466.0 76.387
467.0 76.657
468.0 76.925
469.0 77.259999
470.0 77.590999
471.0 77.94
472.0 78.274999
473.0 78.64
474.0 78.978
475.0 79.359
476.0 79.755
477.0 80.112
478.0 80.527
479.0 80.923
480.0 81.313999
481.0 81.698
482.0 82.104
483.0 82.477
484.0 82.828
485.0 83.2
486.0 83.548
487.0 83.909
488.0 84.258
489.0 84.572
490.0 84.87
491.0 85.165
492.0 85.450999
493.0 85.682999
494.0 85.952
495.0 86.164
496.0 86.378999
497.0 86.577
498.0 86.72
499.0 86.863999
500.0 86.98
501.0 87.092
502.0 87.164
503.0 87.226
504.0 87.280999
505.0 87.271
506.0 87.287
507.0 87.263
508.0 87.212999
509.0 87.170999
510.0 87.090999
511.0 86.989999
512.0 86.895
513.0 86.775
514.0 86.621
515.0 86.47
516.0 86.301
517.0 86.146
518.0 85.917
519.0 85.736999
520.0 85.52
521.0 85.302
522.0 85.065
523.0 84.855
524.0 84.599999
525.0 84.372
526.0 84.121
527.0 83.891
528.0 83.627
529.0 83.382
530.0 83.147
531.0 82.892
532.0 82.622
533.0 82.386
534.0 82.143999
535.0 81.907
536.0 81.679999
537.0 81.426
538.0 81.218
539.0 80.997
540.0 80.766
541.0 80.571
542.0 80.377
543.0 80.167
544.0 79.962999
545.0 79.798
546.0 79.596
547.0 79.447
548.0 79.289
549.0 79.143
550.0 78.991
551.0 78.861
552.0 78.729
553.0 78.622
554.0 78.508
555.0 78.413
556.0 78.324
557.0 78.239999
558.0 78.182
559.0 78.105
560.0 78.054
561.0 78.01
562.0 77.968
563.0 77.959999
564.0 77.917999
565.0 77.924
566.0 77.932999
567.0 77.932999
568.0 77.947
569.0 77.963
570.0 77.999
571.0 78.054
572.0 78.092
573.0 78.142
574.0 78.205
575.0 78.282
576.0 78.349999
577.0 78.447999
578.0 78.534
579.0 78.62
580.0 78.736999
581.0 78.854
582.0 78.971
583.0 79.077
584.0 79.22
585.0 79.359
586.0 79.495
587.0 79.65
588.0 79.813999
589.0 79.981
590.0 80.139
591.0 80.312
592.0 80.474999
593.0 80.676999
594.0 80.845
595.0 81.049
596.0 81.227
597.0 81.423999
598.0 81.604
599.0 81.793
600.0 81.977999
601.0 82.186
602.0 82.378
603.0 82.56
604.0 82.750999
605.0 82.956
606.0 83.153
607.0 83.336
608.0 83.536999
609.0 83.718
610.0 83.919
611.0 84.11
612.0 84.292
613.0 84.468
614.0 84.658
615.0 84.848
616.0 85.018
617.0 85.177
618.0 85.348
619.0 85.509
620.0 85.687
621.0 85.855999
622.0 85.994
623.0 86.145
624.0 86.297
625.0 86.450999
626.0 86.582
627.0 86.715
628.0 86.863
629.0 86.965999
630.0 87.089
631.0 87.209
632.0 87.312
633.0 87.428
634.0 87.515
635.0 87.619
636.0 87.700999
637.0 87.775
638.0 87.861999
639.0 87.935
640.0 87.988
641.0 88.056
642.0 88.121
643.0 88.164
644.0 88.192
645.0 88.23
646.0 88.259
647.0 88.279
648.0 88.275
649.0 88.304
650.0 88.294
651.0 88.297
652.0 88.278
653.0 88.278
654.0 88.271999
655.0 88.235
656.0 88.197
657.0 88.177
658.0 88.116
659.0 88.099999
660.0 88.027999
661.0 87.977999
662.0 87.894
663.0 87.825
664.0 87.763
665.0 87.691
666.0 87.621
667.0 87.52
668.0 87.434
669.0 87.331
670.0 87.254
671.0 87.141
672.0 87.053
673.0 86.929
674.0 86.831
675.0 86.697
676.0 86.587999
677.0 86.467
678.0 86.349
679.0 86.239
680.0 86.087
681.0 85.965
682.0 85.858999
683.0 85.712
684.0 85.577
685.0 85.436
686.0 85.298
687.0 85.17
688.0 85.041
689.0 84.885
690.0 84.726
691.0 84.595
692.0 84.462
693.0 84.301
694.0 84.146
695.0 84.013
696.0 83.875999
697.0 83.721999
698.0 83.569999
699.0 83.433
700.0 83.282
701.0 83.134
702.0 82.998
703.0 82.854
704.0 82.715
705.0 82.562
706.0 82.423
707.0 82.279
708.0 82.127
709.0 81.998
710.0 81.861999
711.0 81.715999
712.0 81.581999
713.0 81.459999
714.0 81.328
715.0 81.185
716.0 81.075
717.0 80.922
718.0 80.809
719.0 80.688999
720.0 80.55
721.0 80.43
722.0 80.313999
723.0 80.202
724.0 80.075
725.0 79.967999
726.0 79.857
727.0 79.742
728.0 79.631
729.0 79.521
730.0 79.416
731.0 79.313
732.0 79.221
733.0 79.119
734.0 79.018
735.0 78.938
736.0 78.83
737.0 78.747
738.0 78.659
739.0 78.574999
740.0 78.485
741.0 78.408
742.0 78.337
743.0 78.249
744.0 78.178
745.0 78.113999
746.0 78.039999
747.0 77.982
748.0 77.896
749.0 77.858
750.0 77.783999
751.0 77.734
752.0 77.676
753.0 77.62
754.0 77.575
755.0 77.53
756.0 77.479
757.0 77.444
758.0 77.395
759.0 77.36
760.0 77.303
761.0 77.289
762.0 77.259999
763.0 77.21
764.0 77.203999
765.0 77.175
766.0 77.158
767.0 77.117999
768.0 77.097
769.0 77.083
770.0 77.075
771.0 77.062
772.0 77.063999
773.0 77.051999
774.0 77.048
775.0 77.039999
776.0 77.047
777.0 77.071
778.0 77.075
779.0 77.077
780.0 77.09
781.0 77.107
782.0 77.117
783.0 77.114999
784.0 77.1
785.0 77.146
786.0 77.153
787.0 77.184
788.0 77.196
789.0 77.227
790.0 77.254
791.0 77.286999
792.0 77.31
793.0 77.358999
794.0 77.389
795.0 77.416
796.0 77.464999
797.0 77.488
798.0 77.529
799.0 77.577
800.0 77.625999
801.0 77.663
802.0 77.715999
803.0 77.747
804.0 77.803
805.0 77.845
806.0 77.899
807.0 77.956
808.0 78.005
809.0 78.077
810.0 78.125999
811.0 78.175
812.0 78.246
813.0 78.307
814.0 78.352
815.0 78.417999
816.0 78.471999
817.0 78.539999
818.0 78.602
819.0 78.673
820.0 78.742999
821.0 78.802
822.0 78.872
823.0 78.928
824.0 79.01
825.0 79.069999
826.0 79.152999
827.0 79.222
828.0 79.285
829.0 79.354
830.0 79.418
831.0 79.5
832.0 79.557999
833.0 79.633
834.0 79.715999
835.0 79.79
836.0 79.856
837.0 79.937
838.0 80.002
839.0 80.081
840.0 80.149
841.0 80.235
842.0 80.308
843.0 80.394
844.0 80.438
845.0 80.542999
846.0 80.608999
847.0 80.687
848.0 80.769
849.0 80.844
850.0 80.926
851.0 81.001
852.0 81.059
853.0 81.155
854.0 81.217
855.0 81.301999
856.0 81.364999
857.0 81.455999
858.0 81.52
859.0 81.596999
860.0 81.679999
861.0 81.738999
862.0 81.82
863.0 81.883
864.0 81.958
865.0 82.033999
866.0 82.116999
867.0 82.178
868.0 82.250999
869.0 82.323
870.0 82.381
871.0 82.468
872.0 82.544
873.0 82.602
874.0 82.661
875.0 82.730999
876.0 82.794
877.0 82.849999
878.0 82.938999
879.0 83.0
880.0 83.052
881.0 83.128999
882.0 83.164
883.0 83.258
884.0 83.304
885.0 83.367
886.0 83.426
887.0 83.527
888.0 83.563
889.0 83.613
890.0 83.667999
891.0 83.749
892.0 83.786
893.0 83.843
894.0 83.903
895.0 83.945
896.0 84.003
897.0 84.038
898.0 84.082
899.0 84.111
900.0 84.186
901.0 84.226
902.0 84.257
903.0 84.313
904.0 84.363
905.0 84.397
906.0 84.418
907.0 84.462
908.0 84.464
909.0 84.514
910.0 84.539
911.0 84.566
912.0 84.584
913.0 84.604999
914.0 84.638
915.0 84.667999
916.0 84.658999
917.0 84.711
918.0 84.721
919.0 84.772
920.0 84.776
921.0 84.813
922.0 84.821
923.0 84.824999
924.0 84.845
925.0 84.872
926.0 84.863
927.0 84.899
928.0 84.906
929.0 84.914
930.0 84.933
931.0 84.953999
932.0 84.956
933.0 84.989
934.0 84.968
935.0 84.997999
936.0 84.980999
937.0 84.992999
938.0 85.002
939.0 84.992999
940.0 85.004
941.0 85.008
942.0 84.988
943.0 85.005
944.0 85.002
945.0 84.996
946.0 84.974999
947.0 84.988
948.0 84.976
949.0 84.974
950.0 84.948
951.0 84.968
952.0 84.946
953.0 84.916
954.0 84.887999
955.0 84.886
956.0 84.857
957.0 84.840999
958.0 84.835
959.0 84.792999
960.0 84.758
961.0 84.761
962.0 84.780999
963.0 84.759
964.0 84.751
965.0 84.749
966.0 84.697
967.0 84.676
968.0 84.637
969.0 84.622
970.0 84.591
971.0 84.562
972.0 84.535
973.0 84.52
974.0 84.52
975.0 84.492
976.0 84.422
977.0 84.411999
978.0 84.395
979.0 84.351
980.0 84.312
981.0 84.271
982.0 84.251
983.0 84.235
984.0 84.188
985.0 84.161
986.0 84.141
987.0 84.078
988.0 84.059
989.0 84.007
990.0 83.982999
991.0 83.941
992.0 83.893
993.0 83.872
994.0 83.834
995.0 83.779
996.0 83.755
997.0 83.699
998.0 83.672
999.0 83.602
1000.0 83.581
1001.0 83.503
1002.0 83.452
1003.0 83.414
1004.0 83.402
1005.0 83.337999
1006.0 83.299
1007.0 83.238999
1008.0 83.226
1009.0 83.174
1010.0 83.131
1011.0 83.086
1012.0 83.029
1013.0 82.973
1014.0 82.95
1015.0 82.898
1016.0 82.842
1017.0 82.824
1018.0 82.747
1019.0 82.702
1020.0 82.666
1021.0 82.616999
1022.0 82.545
1023.0 82.557999
1024.0 82.450999
1025.0 82.414
1026.0 82.402
1027.0 82.32
1028.0 82.232
1029.0 82.202
1030.0 82.143
1031.0 82.088
1032.0 82.028
1033.0 82.003
1034.0 81.977999
1035.0 81.923999
1036.0 81.875
1037.0 81.837
1038.0 81.78
1039.0 81.73
1040.0 81.679999
1041.0 81.664999
1042.0 81.581999
1043.0 81.549
1044.0 81.518
1045.0 81.446
1046.0 81.384
1047.0 81.333999
1048.0 81.286
1049.0 81.266
1050.0 81.191
1051.0 81.111999
1052.0 81.077999
1053.0 81.059
1054.0 80.939
1055.0 80.958
1056.0 80.861999
1057.0 80.828
1058.0 80.833999
1059.0 80.754
1060.0 80.741
1061.0 80.667999
1062.0 80.6
1063.0 80.577
1064.0 80.550999
1065.0 80.482
1066.0 80.427
1067.0 80.387
1068.0 80.367
1069.0 80.297
1070.0 80.259999
1071.0 80.229
1072.0 80.173
1073.0 80.101
1074.0 80.074
1075.0 80.030999
1076.0 79.994
1077.0 79.91
1078.0 79.894
1079.0 79.857999
1080.0 79.777
1081.0 79.737
1082.0 79.809
1083.0 79.686
1084.0 79.637
1085.0 79.646
1086.0 79.58
1087.0 79.513
1088.0 79.499
1089.0 79.414
1090.0 79.425
1091.0 79.392
1092.0 79.346999
1093.0 79.245
1094.0 79.264
1095.0 79.283999
1096.0 79.125
1097.0 79.179
1098.0 79.069
1099.0 79.033
1100.0 78.994
