190.0 0.013
191.0 0.029
192.0 0.005
193.0 0.011
194.0 0.022
195.0 0.027
196.0 0.001
197.0 0.004
198.0 0.011
199.0 -0.001
200.0 0.001
201.0 0.009
202.0 0.008
203.0 0.021
204.0 0.009
205.0 0.006
206.0 0.003
207.0 0.008
208.0 -0.001
209.0 0.004
210.0 0.006999
211.0 0.013
212.0 -0.003
213.0 0.002
214.0 0.0
215.0 0.004
216.0 0.005
217.0 0.006999
218.0 0.006
219.0 0.022
220.0 -0.001
221.0 0.005
222.0 -0.003
223.0 -0.003
224.0 0.006
225.0 0.004
226.0 0.014
227.0 0.011
228.0 0.006
229.0 0.0
230.0 0.0
231.0 0.005
232.0 0.002
233.0 0.002
234.0 0.005
235.0 0.014
236.0 0.004
237.0 0.001
238.0 0.004
239.0 0.001
240.0 0.006
241.0 0.002
242.0 0.006999
243.0 0.011
244.0 0.003
245.0 0.001
246.0 0.006
247.0 0.006999
248.0 -0.001
249.0 0.0
250.0 0.005
251.0 0.011
252.0 0.004
253.0 0.005
254.0 0.011
255.0 0.002
256.0 0.014
257.0 -0.001
258.0 0.003
259.0 0.021
260.0 0.008
261.0 0.002
262.0 -0.008
263.0 0.008
264.0 0.009
265.0 0.008
266.0 0.001
267.0 0.014
268.0 0.002
269.0 0.009
270.0 0.009
271.0 0.004
272.0 0.006999
273.0 0.002
274.0 0.003
275.0 0.02
276.0 0.004
277.0 0.008
278.0 0.003
279.0 0.004
280.0 0.016
281.0 0.01
282.0 0.003
283.0 0.024
284.0 0.011
285.0 0.008
286.0 0.008
287.0 0.01
288.0 -0.002
289.0 0.009
290.0 0.014
291.0 0.026
292.0 0.015
293.0 0.017
294.0 0.0
295.0 0.01
296.0 0.013
297.0 -0.001
298.0 0.016
299.0 0.036
300.0 0.001
301.0 0.001
302.0 0.01
303.0 0.014
304.0 0.003
305.0 0.01
306.0 0.014
307.0 0.028
308.0 0.006
309.0 0.013
310.0 0.0
311.0 0.011
312.0 0.019
313.0 0.015
314.0 0.018
315.0 0.033
316.0 0.016
317.0 0.023
318.0 0.024
319.0 0.016
320.0 0.01
321.0 0.014
322.0 0.018
323.0 0.06
324.0 0.031
325.0 0.0
326.0 0.02
327.0 0.059
328.0 0.062
329.0 0.074
330.0 0.069999
331.0 0.094
332.0 0.071
333.0 0.075
334.0 0.075
335.0 0.080999
336.0 0.09
337.0 0.095
338.0 0.109
339.0 0.127
340.0 0.127
341.0 0.145
342.0 0.174
343.0 0.198
344.0 0.229
345.0 0.276
346.0 0.333
347.0 0.414
348.0 0.488
349.0 0.595
350.0 0.736
351.0 0.895999
352.0 1.096
353.0 1.353
354.0 1.668
355.0 2.057
356.0 2.51
357.0 3.072
358.0 3.747
359.0 4.546
360.0 5.486
361.0 6.577
362.0 7.829
363.0 9.256
364.0 10.862
365.0 12.687
366.0 14.692
367.0 16.909
368.0 19.297
369.0 21.81
370.0 24.442
371.0 27.103
372.0 29.797
373.0 32.421
374.0 34.92
375.0 37.232
376.0 39.327
377.0 41.219
378.0 42.851
379.0 44.285
380.0 45.471
381.0 46.543
382.0 47.428
383.0 48.356
384.0 49.212
385.0 49.879
386.0 50.513
387.0 51.092
388.0 51.682
389.0 52.26
390.0 52.843
391.0 53.441
392.0 54.069
393.0 54.742
394.0 55.423999
395.0 56.154
396.0 56.906
397.0 57.676
398.0 58.472
399.0 59.297999
400.0 60.136
401.0 60.996
402.0 61.841
403.0 62.673
404.0 63.478
405.0 64.303999
406.0 65.096
407.0 65.849
408.0 66.584
409.0 67.247999
410.0 67.892
411.0 68.471999
412.0 69.003
413.0 69.494999
414.0 69.914
415.0 70.276
416.0 70.569999
417.0 70.808
418.0 70.965
419.0 71.091
420.0 71.145
421.0 71.111
422.0 71.072
423.0 70.984
424.0 70.837999
425.0 70.687999
426.0 70.48
427.0 70.242
428.0 69.977
429.0 69.703
430.0 69.408
431.0 69.108999
432.0 68.797
433.0 68.483
434.0 68.164
435.0 67.852
436.0 67.55
437.0 67.265
438.0 67.014
439.0 66.738
440.0 66.518999
441.0 66.305
442.0 66.133
443.0 65.978
444.0 65.83
445.0 65.72
446.0 65.648
447.0 65.593999
448.0 65.568
449.0 65.556
450.0 65.586
451.0 65.623
452.0 65.694
453.0 65.788
454.0 65.915
455.0 66.069999
456.0 66.242999
457.0 66.424
458.0 66.644
459.0 66.851
460.0 67.098
461.0 67.36
462.0 67.640999
463.0 67.919
464.0 68.213
465.0 68.516
466.0 68.827
467.0 69.142
468.0 69.477999
469.0 69.807
470.0 70.147
471.0 70.476
472.0 70.813999
473.0 71.141
474.0 71.472
475.0 71.813
476.0 72.119999
477.0 72.482
478.0 72.801
479.0 73.099999
480.0 73.398
481.0 73.691
482.0 73.968
483.0 74.253
484.0 74.495
485.0 74.733999
486.0 74.96
487.0 75.177
488.0 75.382
489.0 75.575999
490.0 75.755
491.0 75.895
492.0 76.032
493.0 76.154
494.0 76.252
495.0 76.357
496.0 76.432
497.0 76.458
498.0 76.497
499.0 76.514
500.0 76.503
501.0 76.476999
502.0 76.439
503.0 76.366999
504.0 76.304
505.0 76.209999
506.0 76.108
507.0 76.004
508.0 75.861999
509.0 75.732999
510.0 75.58
511.0 75.413
512.0 75.232
513.0 75.061
514.0 74.87
515.0 74.685
516.0 74.473
517.0 74.265
518.0 74.051999
519.0 73.836
520.0 73.607999
521.0 73.385
522.0 73.173
523.0 72.96
524.0 72.741
525.0 72.501
526.0 72.306
527.0 72.072
528.0 71.873
529.0 71.658
530.0 71.443
531.0 71.252
532.0 71.062
533.0 70.854
534.0 70.676
535.0 70.498
536.0 70.319
537.0 70.163
538.0 69.979
539.0 69.823
540.0 69.662
541.0 69.541
542.0 69.405
543.0 69.282
544.0 69.171
545.0 69.074
546.0 68.979
547.0 68.904
548.0 68.822
549.0 68.768
550.0 68.703999
551.0 68.652
552.0 68.605
553.0 68.575
554.0 68.549
555.0 68.549
556.0 68.528
557.0 68.537
558.0 68.542999
559.0 68.556
560.0 68.589
561.0 68.616
562.0 68.664999
563.0 68.703999
564.0 68.757
565.0 68.822
566.0 68.896
567.0 68.967
568.0 69.084
569.0 69.161
570.0 69.274
571.0 69.367999
572.0 69.477999
573.0 69.589
574.0 69.723
575.0 69.849
576.0 69.988
577.0 70.121
578.0 70.259
579.0 70.414
580.0 70.569
581.0 70.711
582.0 70.854
583.0 71.017
584.0 71.158
585.0 71.303
586.0 71.433
587.0 71.58
588.0 71.721999
589.0 71.873
590.0 72.009
591.0 72.15
592.0 72.297
593.0 72.438
594.0 72.598
595.0 72.742999
596.0 72.911
597.0 73.062
598.0 73.228
599.0 73.38
600.0 73.554
601.0 73.708
602.0 73.878
603.0 74.048
604.0 74.217999
605.0 74.381
606.0 74.542
607.0 74.712999
608.0 74.869
609.0 75.026
610.0 75.185999
611.0 75.331
612.0 75.498
613.0 75.634999
614.0 75.773
615.0 75.919
616.0 76.062
617.0 76.191
618.0 76.322
619.0 76.448
620.0 76.554999
621.0 76.676
622.0 76.786
623.0 76.887
624.0 76.99
625.0 77.084
626.0 77.173999
627.0 77.249
628.0 77.334
629.0 77.408999
630.0 77.468
631.0 77.521
632.0 77.589
633.0 77.631
634.0 77.671
635.0 77.715
636.0 77.745
637.0 77.766
638.0 77.789
639.0 77.815
640.0 77.825
641.0 77.810999
642.0 77.816
643.0 77.818
644.0 77.802
645.0 77.778
646.0 77.753
647.0 77.729
648.0 77.684
649.0 77.652
650.0 77.605999
651.0 77.556
652.0 77.499
653.0 77.441
654.0 77.375
655.0 77.322
656.0 77.247
657.0 77.176999
658.0 77.101
659.0 76.999
660.0 76.911
661.0 76.829
662.0 76.736999
663.0 76.641
664.0 76.531
665.0 76.435
666.0 76.326
667.0 76.219
668.0 76.108
669.0 75.988999
670.0 75.877
671.0 75.754
672.0 75.625
673.0 75.512
674.0 75.388
675.0 75.233
676.0 75.109
677.0 74.977
678.0 74.842
679.0 74.707
680.0 74.583999
681.0 74.467
682.0 74.326
683.0 74.181
684.0 74.111
685.0 73.994
686.0 73.857
687.0 73.715
688.0 73.582
689.0 73.44
690.0 73.309
691.0 73.17
692.0 73.039
693.0 72.898
694.0 72.765999
695.0 72.629
696.0 72.496
697.0 72.367
698.0 72.228
699.0 72.098
700.0 71.973
701.0 71.848999
702.0 71.73
703.0 71.59
704.0 71.477999
705.0 71.352999
706.0 71.229
707.0 71.111
708.0 70.994
709.0 70.874
710.0 70.759
711.0 70.643999
712.0 70.535
713.0 70.434
714.0 70.316999
715.0 70.211
716.0 70.111999
717.0 70.013
718.0 69.915
719.0 69.825
720.0 69.72
721.0 69.64
722.0 69.537
723.0 69.45
724.0 69.364999
725.0 69.279
726.0 69.206999
727.0 69.111999
728.0 69.033999
729.0 68.971
730.0 68.898
731.0 68.824
732.0 68.748
733.0 68.679999
734.0 68.622
735.0 68.548
736.0 68.494999
737.0 68.427
738.0 68.384999
739.0 68.328
740.0 68.269
741.0 68.223999
742.0 68.182
743.0 68.133
744.0 68.081
745.0 68.054
746.0 68.006999
747.0 67.982
748.0 67.932
749.0 67.913
750.0 67.869
751.0 67.848
752.0 67.835
753.0 67.796
754.0 67.774
755.0 67.749
756.0 67.737
757.0 67.723
758.0 67.711
759.0 67.693
760.0 67.676999
761.0 67.676
762.0 67.678
763.0 67.664999
764.0 67.684
765.0 67.683
766.0 67.691999
767.0 67.688
768.0 67.712999
769.0 67.702
770.0 67.742
771.0 67.730999
772.0 67.726
773.0 67.734
774.0 67.723999
775.0 67.712
776.0 67.732
777.0 67.733
778.0 67.729
779.0 67.73
780.0 67.739999
781.0 67.761
782.0 67.828999
783.0 67.854
784.0 67.918
785.0 67.956
786.0 67.989999
787.0 67.996
788.0 68.006999
789.0 68.033
790.0 68.065
791.0 68.104
792.0 68.113999
793.0 68.155
794.0 68.199
795.0 68.279
796.0 68.301
797.0 68.343
798.0 68.376
799.0 68.426
800.0 68.454
801.0 68.498
802.0 68.535
803.0 68.593
804.0 68.625
805.0 68.678
806.0 68.715
807.0 68.764
808.0 68.813
809.0 68.859
810.0 68.908
811.0 68.947
812.0 69.002
813.0 69.06
814.0 69.102
815.0 69.152999
816.0 69.197
817.0 69.262999
818.0 69.32
819.0 69.371
820.0 69.423
821.0 69.471
822.0 69.542
823.0 69.596999
824.0 69.65
825.0 69.708
826.0 69.772
827.0 69.81
828.0 69.864999
829.0 69.932
830.0 69.974999
831.0 70.048
832.0 70.086
833.0 70.167999
834.0 70.203999
835.0 70.264
836.0 70.316999
837.0 70.376
838.0 70.426
839.0 70.485
840.0 70.544
841.0 70.611999
842.0 70.661
843.0 70.721999
844.0 70.767
845.0 70.807
846.0 70.872
847.0 70.934
848.0 70.986999
849.0 71.029
850.0 71.083
851.0 71.134
852.0 71.182
853.0 71.241
854.0 71.294
855.0 71.347
856.0 71.387
857.0 71.437
858.0 71.482999
859.0 71.53
860.0 71.59
861.0 71.635
862.0 71.667
863.0 71.717
864.0 71.773
865.0 71.807
866.0 71.855
867.0 71.883
868.0 71.93
869.0 71.961
870.0 72.004
871.0 72.051
872.0 72.079
873.0 72.127
874.0 72.170999
875.0 72.206
876.0 72.218999
877.0 72.271
878.0 72.319999
879.0 72.345
880.0 72.348999
881.0 72.375999
882.0 72.411999
883.0 72.42
884.0 72.438
885.0 72.434
886.0 72.455
887.0 72.458999
888.0 72.497
889.0 72.535
890.0 72.536999
891.0 72.551
892.0 72.565
893.0 72.579
894.0 72.59
895.0 72.613
896.0 72.619999
897.0 72.635
898.0 72.641
899.0 72.649
900.0 72.670999
901.0 72.677
902.0 72.666
903.0 72.694999
904.0 72.736999
905.0 72.723
906.0 72.753
907.0 72.789999
908.0 72.814
909.0 72.826
910.0 72.838
911.0 72.843
912.0 72.869
913.0 72.867999
914.0 72.861
915.0 72.858999
916.0 72.86
917.0 72.846
918.0 72.819
919.0 72.821
920.0 72.780999
921.0 72.789999
922.0 72.752
923.0 72.730999
924.0 72.697
925.0 72.702999
926.0 72.666
927.0 72.648
928.0 72.611
929.0 72.629
930.0 72.598
931.0 72.599999
932.0 72.578
933.0 72.545999
934.0 72.523
935.0 72.523
936.0 72.497
937.0 72.47
938.0 72.452
939.0 72.426
940.0 72.402
941.0 72.377
942.0 72.324999
943.0 72.298
944.0 72.282
945.0 72.265999
946.0 72.226
947.0 72.2
948.0 72.155
949.0 72.141
950.0 72.124
951.0 72.086
952.0 72.079
953.0 72.041
954.0 72.007
955.0 71.968
956.0 71.937
957.0 71.917
958.0 71.867999
959.0 71.843
960.0 71.808
961.0 71.789
962.0 71.742999
963.0 71.693
964.0 71.672
965.0 71.634
966.0 71.596999
967.0 71.56
968.0 71.531
969.0 71.499
970.0 71.442
971.0 71.411
972.0 71.360999
973.0 71.348
974.0 71.296
975.0 71.271
976.0 71.186
977.0 71.14
978.0 71.12
979.0 71.060999
980.0 71.012
981.0 70.98
982.0 70.926999
983.0 70.872
984.0 70.809
985.0 70.782
986.0 70.714
987.0 70.667
988.0 70.62
989.0 70.581
990.0 70.519
991.0 70.511
992.0 70.45
993.0 70.418
994.0 70.37
995.0 70.328
996.0 70.308
997.0 70.218999
998.0 70.182999
999.0 70.146
1000.0 70.11
1001.0 70.063
1002.0 70.026
1003.0 69.971
1004.0 69.931
1005.0 69.88
1006.0 69.833
1007.0 69.801999
1008.0 69.741
1009.0 69.698
1010.0 69.655999
1011.0 69.624
1012.0 69.575
1013.0 69.533999
1014.0 69.474999
1015.0 69.423
1016.0 69.357
1017.0 69.321
1018.0 69.282
1019.0 69.239999
1020.0 69.176
1021.0 69.152999
1022.0 69.091
1023.0 69.051
1024.0 68.997
1025.0 68.979
1026.0 68.920999
1027.0 68.896999
1028.0 68.84
1029.0 68.827
1030.0 68.76
1031.0 68.711999
1032.0 68.67
1033.0 68.632
1034.0 68.596999
1035.0 68.553
1036.0 68.508
1037.0 68.455
1038.0 68.435
1039.0 68.376
1040.0 68.31
1041.0 68.266
1042.0 68.215999
1043.0 68.175
1044.0 68.14
1045.0 68.104
1046.0 68.066999
1047.0 68.025
1048.0 67.979
1049.0 67.974999
1050.0 67.913
1051.0 67.884999
1052.0 67.857
1053.0 67.817
1054.0 67.77
1055.0 67.722
1056.0 67.705
1057.0 67.674
1058.0 67.615
1059.0 67.584999
1060.0 67.557999
1061.0 67.532
1062.0 67.485
1063.0 67.453
1064.0 67.431
1065.0 67.373
1066.0 67.351
1067.0 67.325999
1068.0 67.304
1069.0 67.245
1070.0 67.212
1071.0 67.161
1072.0 67.144
1073.0 67.095
1074.0 67.096
1075.0 67.059
1076.0 67.02
1077.0 67.023
1078.0 66.940999
1079.0 66.947999
1080.0 66.881
1081.0 66.836
1082.0 66.815
1083.0 66.779
1084.0 66.8
1085.0 66.724999
1086.0 66.696
1087.0 66.702
1088.0 66.666
1089.0 66.637999
1090.0 66.608
1091.0 66.595
1092.0 66.542999
1093.0 66.515999
1094.0 66.495
1095.0 66.515999
1096.0 66.456999
1097.0 66.444
1098.0 66.414
1099.0 66.402
1100.0 66.357
