190.0 0.073
191.0 0.121
192.0 0.055999
193.0 0.059
194.0 0.044
195.0 0.074
196.0 0.041
197.0 0.026
198.0 0.025
199.0 0.042
200.0 0.027
201.0 0.03
202.0 0.036
203.0 0.043
204.0 0.021
205.0 0.029
206.0 0.031
207.0 0.025
208.0 0.028
209.0 0.025
210.0 0.033
211.0 0.04
212.0 0.038
213.0 0.025
214.0 0.024
215.0 0.024
216.0 0.018
217.0 0.032
218.0 0.023
219.0 0.03
220.0 0.022
221.0 0.019
222.0 0.03
223.0 0.03
224.0 0.013
225.0 0.026
226.0 0.021
227.0 0.029
228.0 0.023
229.0 0.015
230.0 0.028
231.0 0.025
232.0 0.024
233.0 0.023
234.0 0.016
235.0 0.031
236.0 0.021
237.0 0.009
238.0 0.016
239.0 0.019
240.0 0.027
241.0 0.014
242.0 0.029
243.0 0.022
244.0 0.019
245.0 0.023
246.0 0.018
247.0 0.02
248.0 0.033
249.0 0.021
250.0 0.034
251.0 0.032
252.0 0.026
253.0 0.026
254.0 0.019
255.0 0.025
256.0 0.015
257.0 0.032
258.0 0.021
259.0 0.048
260.0 0.041
261.0 0.022
262.0 0.039
263.0 0.026
264.0 0.043
265.0 0.037
266.0 0.016
267.0 0.046
268.0 0.024
269.0 0.046
270.0 0.04
271.0 0.034
272.0 0.036
273.0 0.055
274.0 0.04
275.0 0.058
276.0 0.041
277.0 0.032
278.0 0.045
279.0 0.032
280.0 0.031
281.0 0.041
282.0 0.055
283.0 0.053
284.0 0.054
285.0 0.051
286.0 0.05
287.0 0.055
288.0 0.031
289.0 0.055999
290.0 0.045
291.0 0.06
292.0 0.042
293.0 0.045
294.0 0.041
295.0 0.03
296.0 0.043
297.0 0.03
298.0 0.055
299.0 0.079
300.0 0.016
301.0 0.035
302.0 0.049
303.0 0.026
304.0 0.05
305.0 0.046
306.0 0.05
307.0 0.08
308.0 0.041
309.0 0.062
310.0 0.051
311.0 0.043
312.0 0.032
313.0 0.043
314.0 0.068999
315.0 0.067
316.0 0.039
317.0 0.055999
318.0 0.062
319.0 0.073
320.0 0.04
321.0 0.034
322.0 0.031
323.0 0.065
324.0 0.059
325.0 0.038
326.0 0.057
327.0 0.055
328.0 0.054
329.0 0.055999
330.0 0.06
331.0 0.079
332.0 0.048
333.0 0.064
334.0 0.042
335.0 0.044
336.0 0.04
337.0 0.045
338.0 0.043
339.0 0.043
340.0 0.043
341.0 0.042
342.0 0.035
343.0 0.031
344.0 0.047
345.0 0.031
346.0 0.032
347.0 0.052
348.0 0.036
349.0 0.032
350.0 0.041
351.0 0.03
352.0 0.04
353.0 0.029
354.0 0.044
355.0 0.046
356.0 0.044
357.0 0.057
358.0 0.055999
359.0 0.067
360.0 0.082
361.0 0.119
362.0 0.152
363.0 0.198
364.0 0.28
365.0 0.382
366.0 0.555
367.0 0.823
368.0 1.197
369.0 1.718
370.0 2.44
371.0 3.406
372.0 4.648
373.0 6.183
374.0 8.02
375.0 10.172
376.0 12.575
377.0 15.247
378.0 18.089
379.0 21.097
380.0 24.095
381.0 27.084
382.0 29.968
383.0 32.836
384.0 35.562
385.0 37.972
386.0 40.184
387.0 42.26
388.0 44.23
389.0 46.11
390.0 47.928
391.0 49.715
392.0 51.478
393.0 53.249
394.0 55.035999
395.0 56.771
396.0 58.487999
397.0 60.16
398.0 61.754
399.0 63.239
400.0 64.593999
401.0 65.817
402.0 66.892
403.0 67.81
404.0 68.56
405.0 69.155
406.0 69.583
407.0 69.88
408.0 70.045
409.0 70.116
410.0 70.089
411.0 70.023
412.0 69.884
413.0 69.749
414.0 69.587
415.0 69.434
416.0 69.303
417.0 69.253
418.0 69.208
419.0 69.238999
420.0 69.312
421.0 69.494
422.0 69.72
423.0 69.969
424.0 70.276
425.0 70.655999
426.0 71.072999
427.0 71.541
428.0 72.052
429.0 72.592
430.0 73.146999
431.0 73.706999
432.0 74.280999
433.0 74.841
434.0 75.422
435.0 75.955
436.0 76.476999
437.0 76.986
438.0 77.417999
439.0 77.834999
440.0 78.19
441.0 78.502
442.0 78.756
443.0 78.955
444.0 79.093999
445.0 79.183
446.0 79.205
447.0 79.149
448.0 79.036
449.0 78.911
450.0 78.751
451.0 78.539999
452.0 78.31
453.0 78.024
454.0 77.749
455.0 77.434
456.0 77.14
457.0 76.814
458.0 76.506
459.0 76.217
460.0 75.917999
461.0 75.634999
462.0 75.402
463.0 75.165
464.0 74.97
465.0 74.792999
466.0 74.676
467.0 74.575
468.0 74.497999
469.0 74.448
470.0 74.471
471.0 74.494
472.0 74.575999
473.0 74.67
474.0 74.817
475.0 75.002
476.0 75.176
477.0 75.429
478.0 75.665
479.0 75.932999
480.0 76.244
481.0 76.562
482.0 76.883
483.0 77.242
484.0 77.604
485.0 77.964
486.0 78.325999
487.0 78.702
488.0 79.078999
489.0 79.456
490.0 79.827
491.0 80.194
492.0 80.522
493.0 80.847
494.0 81.184
495.0 81.458
496.0 81.727999
497.0 81.982999
498.0 82.226
499.0 82.45
500.0 82.616999
501.0 82.781
502.0 82.911999
503.0 83.02
504.0 83.104999
505.0 83.116999
506.0 83.15
507.0 83.125
508.0 83.104999
509.0 83.026
510.0 82.95
511.0 82.835
512.0 82.72
513.0 82.557
514.0 82.391
515.0 82.194999
516.0 82.001
517.0 81.801
518.0 81.572
519.0 81.333999
520.0 81.087
521.0 80.849
522.0 80.589
523.0 80.334
524.0 80.084
525.0 79.864999
526.0 79.619
527.0 79.395
528.0 79.164999
529.0 78.934
530.0 78.717
531.0 78.52
532.0 78.351
533.0 78.164
534.0 77.989
535.0 77.858999
536.0 77.711
537.0 77.602999
538.0 77.49
539.0 77.429
540.0 77.357
541.0 77.301
542.0 77.268
543.0 77.232999
544.0 77.231
545.0 77.242
546.0 77.266
547.0 77.313
548.0 77.373
549.0 77.422
550.0 77.533
551.0 77.610999
552.0 77.745
553.0 77.857
554.0 78.021
555.0 78.164
556.0 78.341
557.0 78.508
558.0 78.694
559.0 78.883
560.0 79.129
561.0 79.329
562.0 79.553
563.0 79.773
564.0 79.986
565.0 80.233
566.0 80.443
567.0 80.694999
568.0 80.920999
569.0 81.167999
570.0 81.374
571.0 81.611
572.0 81.828999
573.0 82.045
574.0 82.257
575.0 82.486999
576.0 82.664
577.0 82.887
578.0 83.072999
579.0 83.267
580.0 83.414
581.0 83.604
582.0 83.785
583.0 83.935999
584.0 84.08
585.0 84.249
586.0 84.378
587.0 84.533999
588.0 84.661
589.0 84.788
590.0 84.899999
591.0 84.985
592.0 85.059
593.0 85.131
594.0 85.182999
595.0 85.221
596.0 85.242999
597.0 85.233
598.0 85.218999
599.0 85.206
600.0 85.146999
601.0 85.096999
602.0 85.026
603.0 84.946
604.0 84.843
605.0 84.741999
606.0 84.633
607.0 84.506
608.0 84.377
609.0 84.229
610.0 84.075
611.0 83.922
612.0 83.768
613.0 83.591
614.0 83.426
615.0 83.265999
616.0 83.067
617.0 82.893
618.0 82.723
619.0 82.518
620.0 82.343999
621.0 82.157
622.0 81.981
623.0 81.786999
624.0 81.604
625.0 81.43
626.0 81.242
627.0 81.068
628.0 80.894
629.0 80.747
630.0 80.572999
631.0 80.411
632.0 80.266
633.0 80.101999
634.0 79.946
635.0 79.822
636.0 79.686
637.0 79.557999
638.0 79.432999
639.0 79.330999
640.0 79.218999
641.0 79.113
642.0 79.021
643.0 78.932
644.0 78.830999
645.0 78.781
646.0 78.718999
647.0 78.658
648.0 78.612
649.0 78.551999
650.0 78.530999
651.0 78.501
652.0 78.456
653.0 78.468
654.0 78.438
655.0 78.452999
656.0 78.463
657.0 78.464
658.0 78.489
659.0 78.524
660.0 78.576
661.0 78.605999
662.0 78.64
663.0 78.7
664.0 78.761
665.0 78.801
666.0 78.892
667.0 78.968
668.0 79.045
669.0 79.149999
670.0 79.218999
671.0 79.333
672.0 79.415
673.0 79.533
674.0 79.651
675.0 79.781
676.0 79.901
677.0 80.006999
678.0 80.146
679.0 80.271
680.0 80.402
681.0 80.544
682.0 80.651
683.0 80.779
684.0 80.896
685.0 81.018999
686.0 81.161
687.0 81.316
688.0 81.452
689.0 81.605
690.0 81.762
691.0 81.906
692.0 82.05
693.0 82.203
694.0 82.359
695.0 82.494
696.0 82.663
697.0 82.799
698.0 82.952
699.0 83.081
700.0 83.225
701.0 83.362
702.0 83.511
703.0 83.642
704.0 83.779
705.0 83.887
706.0 84.021
707.0 84.149
708.0 84.262
709.0 84.373
710.0 84.486999
711.0 84.587999
712.0 84.694999
713.0 84.777999
714.0 84.875999
715.0 84.965999
716.0 85.048
717.0 85.126
718.0 85.202999
719.0 85.268999
720.0 85.335
721.0 85.402999
722.0 85.443
723.0 85.501
724.0 85.546
725.0 85.579
726.0 85.598
727.0 85.626
728.0 85.669
729.0 85.678
730.0 85.677
731.0 85.675
732.0 85.682
733.0 85.68
734.0 85.673999
735.0 85.634
736.0 85.636
737.0 85.606
738.0 85.562
739.0 85.527
740.0 85.489999
741.0 85.44
742.0 85.399999
743.0 85.346
744.0 85.286
745.0 85.226
746.0 85.162
747.0 85.075
748.0 84.999
749.0 84.929
750.0 84.848999
751.0 84.764
752.0 84.666
753.0 84.566
754.0 84.5
755.0 84.395
756.0 84.277999
757.0 84.185
758.0 84.072
759.0 83.974
760.0 83.855
761.0 83.75
762.0 83.635
763.0 83.492999
764.0 83.386
765.0 83.26
766.0 83.140999
767.0 82.994
768.0 82.872999
769.0 82.747
770.0 82.596
771.0 82.465
772.0 82.347
773.0 82.244
774.0 82.154
775.0 82.044
776.0 81.943999
777.0 81.864999
778.0 81.777999
779.0 81.678
780.0 81.593999
781.0 81.459
782.0 81.305
783.0 81.159
784.0 80.981
785.0 80.825999
786.0 80.732
787.0 80.611
788.0 80.508
789.0 80.399
790.0 80.294
791.0 80.200999
792.0 80.105
793.0 80.003999
794.0 79.908
795.0 79.779
796.0 79.676
797.0 79.596999
798.0 79.486
799.0 79.42
800.0 79.344
801.0 79.242999
802.0 79.169
803.0 79.098
804.0 79.015999
805.0 78.934
806.0 78.868
807.0 78.812
808.0 78.742999
809.0 78.666
810.0 78.604
811.0 78.557999
812.0 78.502
813.0 78.43
814.0 78.396999
815.0 78.345
816.0 78.301
817.0 78.259999
818.0 78.219
819.0 78.185
820.0 78.148
821.0 78.117999
822.0 78.090999
823.0 78.066
824.0 78.037
825.0 78.022
826.0 77.99
827.0 77.985
828.0 77.961
829.0 77.959
830.0 77.958
831.0 77.944999
832.0 77.942
833.0 77.922
834.0 77.947999
835.0 77.942
836.0 77.974
837.0 77.976
838.0 77.99
839.0 78.001
840.0 78.015999
841.0 78.03
842.0 78.05
843.0 78.088
844.0 78.117
845.0 78.135
846.0 78.161
847.0 78.212999
848.0 78.257
849.0 78.277
850.0 78.341
851.0 78.379
852.0 78.416
853.0 78.479
854.0 78.536
855.0 78.561
856.0 78.625999
857.0 78.673
858.0 78.733
859.0 78.794
860.0 78.852999
861.0 78.903
862.0 78.982
863.0 79.036
864.0 79.102999
865.0 79.196
866.0 79.273
867.0 79.303
868.0 79.391
869.0 79.49
870.0 79.54
871.0 79.616
872.0 79.7
873.0 79.786999
874.0 79.877
875.0 79.97
876.0 80.047
877.0 80.134
878.0 80.2
879.0 80.293
880.0 80.394
881.0 80.467
882.0 80.566
883.0 80.71
884.0 80.818
885.0 80.917
886.0 81.061
887.0 81.19
888.0 81.28
889.0 81.372
890.0 81.488
891.0 81.589999
892.0 81.672
893.0 81.774
894.0 81.872
895.0 81.974
896.0 82.067
897.0 82.169
898.0 82.227999
899.0 82.346
900.0 82.435999
901.0 82.494999
902.0 82.555
903.0 82.639
904.0 82.711
905.0 82.803
906.0 82.867
907.0 82.925
908.0 82.970999
909.0 83.009999
910.0 83.068
911.0 83.09
912.0 83.128999
913.0 83.179
914.0 83.202
915.0 83.253
916.0 83.304999
917.0 83.359
918.0 83.399999
919.0 83.456
920.0 83.518
921.0 83.571
922.0 83.636
923.0 83.69
924.0 83.753999
925.0 83.822
926.0 83.863
927.0 83.911999
928.0 83.970999
929.0 84.038
930.0 84.092999
931.0 84.19
932.0 84.233
933.0 84.299
934.0 84.336
935.0 84.414999
936.0 84.45
937.0 84.526
938.0 84.566
939.0 84.611999
940.0 84.663
941.0 84.717
942.0 84.752
943.0 84.809
944.0 84.858999
945.0 84.898
946.0 84.958999
947.0 84.965999
948.0 85.005
949.0 85.058
950.0 85.066
951.0 85.116
952.0 85.129
953.0 85.145
954.0 85.167
955.0 85.216
956.0 85.24
957.0 85.238
958.0 85.272
959.0 85.302
960.0 85.331
961.0 85.333
962.0 85.383
963.0 85.367999
964.0 85.385
965.0 85.407
966.0 85.390999
967.0 85.402
968.0 85.425
969.0 85.423
970.0 85.425
971.0 85.414999
972.0 85.428
973.0 85.392
974.0 85.429999
975.0 85.424
976.0 85.417
977.0 85.414
978.0 85.375
979.0 85.395
980.0 85.411
981.0 85.402999
982.0 85.402
983.0 85.392
984.0 85.384
985.0 85.367999
986.0 85.336999
987.0 85.309
988.0 85.302
989.0 85.253
990.0 85.268
991.0 85.205
992.0 85.197
993.0 85.161
994.0 85.134
995.0 85.091
996.0 85.047
997.0 85.006
998.0 84.98
999.0 84.918
1000.0 84.889
1001.0 84.864999
1002.0 84.839
1003.0 84.779
1004.0 84.732
1005.0 84.697999
1006.0 84.654
1007.0 84.604
1008.0 84.56
1009.0 84.524999
1010.0 84.462
1011.0 84.422
1012.0 84.362
1013.0 84.325
1014.0 84.268
1015.0 84.217
1016.0 84.179
1017.0 84.145
1018.0 84.068
1019.0 83.989999
1020.0 83.937
1021.0 83.917
1022.0 83.828
1023.0 83.792
1024.0 83.728
1025.0 83.664
1026.0 83.625
1027.0 83.577
1028.0 83.517
1029.0 83.46
1030.0 83.391
1031.0 83.381
1032.0 83.285
1033.0 83.211
1034.0 83.155999
1035.0 83.116
1036.0 83.065
1037.0 83.002
1038.0 82.947999
1039.0 82.896
1040.0 82.824
1041.0 82.767
1042.0 82.670999
1043.0 82.655999
1044.0 82.592
1045.0 82.535
1046.0 82.459
1047.0 82.418
1048.0 82.319
1049.0 82.289
1050.0 82.230999
1051.0 82.164
1052.0 82.069999
1053.0 82.025
1054.0 82.005
1055.0 81.991
1056.0 81.941
1057.0 81.857
1058.0 81.781
1059.0 81.785
1060.0 81.714
1061.0 81.633
1062.0 81.581999
1063.0 81.502
1064.0 81.420999
1065.0 81.372
1066.0 81.352
1067.0 81.289
1068.0 81.325
1069.0 81.176999
1070.0 81.115
1071.0 81.076
1072.0 81.049
1073.0 80.976
1074.0 80.952
1075.0 80.843
1076.0 80.801999
1077.0 80.815
1078.0 80.676
1079.0 80.679999
1080.0 80.640999
1081.0 80.589999
1082.0 80.608
1083.0 80.554
1084.0 80.556
1085.0 80.473
1086.0 80.471
1087.0 80.405
1088.0 80.404
1089.0 80.343
1090.0 80.237
1091.0 80.2
1092.0 80.147
1093.0 80.093
1094.0 80.08
1095.0 80.042
1096.0 80.069999
1097.0 79.918
1098.0 80.021
1099.0 79.922
1100.0 79.962999
