190.0 0.034
191.0 0.105
192.0 0.041
193.0 0.086999
194.0 0.035
195.0 0.083
196.0 0.046
197.0 0.054
198.0 0.052
199.0 0.038
200.0 0.039
201.0 0.017
202.0 0.048
203.0 0.064
204.0 0.033
205.0 0.04
206.0 0.029
207.0 0.045
208.0 0.04
209.0 0.032
210.0 0.026
211.0 0.055999
212.0 0.025
213.0 0.023
214.0 0.039
215.0 0.027
216.0 0.036
217.0 0.018
218.0 0.03
219.0 0.058
220.0 0.028
221.0 0.027
222.0 0.029
223.0 0.021
224.0 0.033
225.0 0.036
226.0 0.029
227.0 0.034
228.0 0.021
229.0 0.032
230.0 0.027
231.0 0.029
232.0 0.018
233.0 0.026
234.0 0.02
235.0 0.036
236.0 0.027
237.0 0.018
238.0 0.009
239.0 0.031
240.0 0.031
241.0 0.02
242.0 0.028
243.0 0.039
244.0 0.028
245.0 0.014
246.0 0.005
247.0 0.032
248.0 0.015
249.0 0.035
250.0 0.019
251.0 0.04
252.0 0.019
253.0 0.038
254.0 0.029
255.0 0.03
256.0 0.034
257.0 0.03
258.0 0.038
259.0 0.046
260.0 0.029
261.0 0.029
262.0 0.04
263.0 0.055999
264.0 0.053
265.0 0.036
266.0 0.036
267.0 0.079
268.0 0.024
269.0 0.054
270.0 0.045
271.0 0.041
272.0 0.033
273.0 0.045
274.0 0.055999
275.0 0.073
276.0 0.072
277.0 0.042
278.0 0.048
279.0 0.08
280.0 0.027
281.0 0.057
282.0 0.082
283.0 0.061
284.0 0.067
285.0 0.033
286.0 0.044
287.0 0.043
288.0 0.035
289.0 0.043
290.0 0.047
291.0 0.089
292.0 0.055
293.0 0.061
294.0 0.036
295.0 0.036
296.0 0.068999
297.0 0.031
298.0 0.05
299.0 0.065
300.0 0.045
301.0 0.047
302.0 0.065
303.0 0.043
304.0 0.035
305.0 0.055999
306.0 0.076
307.0 0.094
308.0 0.072
309.0 0.068
310.0 0.051
311.0 0.035
312.0 0.049
313.0 0.054
314.0 0.059
315.0 0.103
316.0 0.048
317.0 0.072
318.0 0.051
319.0 0.038
320.0 0.066
321.0 0.034
322.0 0.085999
323.0 0.089
324.0 0.080999
325.0 0.048
326.0 0.079
327.0 0.033
328.0 0.057
329.0 0.046
330.0 0.05
331.0 0.068
332.0 0.042
333.0 0.046
334.0 0.044
335.0 0.038
336.0 0.049
337.0 0.033
338.0 0.043
339.0 0.063
340.0 0.009
341.0 0.027
342.0 0.038
343.0 0.027
344.0 0.027
345.0 0.024
346.0 0.04
347.0 0.046
348.0 0.025
349.0 0.034
350.0 0.041
351.0 0.041
352.0 0.044
353.0 0.045
354.0 0.063
355.0 0.096
356.0 0.106
357.0 0.134
358.0 0.189
359.0 0.258
360.0 0.366
361.0 0.524
362.0 0.772
363.0 1.12
364.0 1.549
365.0 2.183
366.0 3.015
367.0 4.079
368.0 5.425
369.0 7.034
370.0 8.912
371.0 11.05
372.0 13.414
373.0 15.867
374.0 18.464
375.0 21.074
376.0 23.603
377.0 26.078
378.0 28.482
379.0 30.827
380.0 33.061
381.0 35.256
382.0 37.537
383.0 39.817
384.0 42.13
385.0 44.284
386.0 46.421
387.0 48.481
388.0 50.477
389.0 52.346
390.0 54.077
391.0 55.69
392.0 57.109
393.0 58.367999
394.0 59.468
395.0 60.417
396.0 61.22
397.0 61.902
398.0 62.489
399.0 62.997
400.0 63.44
401.0 63.869
402.0 64.289
403.0 64.735
404.0 65.195
405.0 65.712
406.0 66.235999
407.0 66.801999
408.0 67.423999
409.0 68.074
410.0 68.733
411.0 69.423999
412.0 70.158
413.0 70.889
414.0 71.604999
415.0 72.304999
416.0 72.959
417.0 73.592
418.0 74.166
419.0 74.68
420.0 75.137
421.0 75.545
422.0 75.843999
423.0 76.085
424.0 76.259999
425.0 76.351
426.0 76.407
427.0 76.357
428.0 76.294
429.0 76.161
430.0 76.006
431.0 75.815999
432.0 75.61
433.0 75.4
434.0 75.179
435.0 74.968999
436.0 74.83
437.0 74.644
438.0 74.503
439.0 74.424
440.0 74.348
441.0 74.351
442.0 74.37
443.0 74.441999
444.0 74.558
445.0 74.682
446.0 74.878
447.0 75.105999
448.0 75.372
449.0 75.654
450.0 75.949999
451.0 76.294
452.0 76.656
453.0 77.005
454.0 77.391
455.0 77.764
456.0 78.169
457.0 78.547
458.0 78.935
459.0 79.28
460.0 79.616
461.0 79.941
462.0 80.230999
463.0 80.503
464.0 80.752
465.0 80.952
466.0 81.111
467.0 81.244
468.0 81.323
469.0 81.384999
470.0 81.449
471.0 81.445
472.0 81.396999
473.0 81.32
474.0 81.2
475.0 81.054
476.0 80.929
477.0 80.753
478.0 80.581
479.0 80.389
480.0 80.181
481.0 79.977
482.0 79.765
483.0 79.557999
484.0 79.333
485.0 79.124
486.0 78.926
487.0 78.73
488.0 78.548
489.0 78.375
490.0 78.236999
491.0 78.113
492.0 77.995
493.0 77.908
494.0 77.861
495.0 77.804
496.0 77.792
497.0 77.791
498.0 77.798
499.0 77.864
500.0 77.92
501.0 78.015999
502.0 78.125
503.0 78.253
504.0 78.38
505.0 78.586
506.0 78.738
507.0 78.931
508.0 79.14
509.0 79.359
510.0 79.588
511.0 79.821
512.0 80.078999
513.0 80.328999
514.0 80.562
515.0 80.842
516.0 81.105
517.0 81.340999
518.0 81.584999
519.0 81.855
520.0 82.105999
521.0 82.318
522.0 82.548
523.0 82.777
524.0 82.949
525.0 83.158
526.0 83.319
527.0 83.465999
528.0 83.622
529.0 83.726999
530.0 83.843
531.0 83.94
532.0 84.019
533.0 84.057999
534.0 84.082
535.0 84.091
536.0 84.094
537.0 84.05
538.0 84.031
539.0 83.982
540.0 83.892
541.0 83.812
542.0 83.691
543.0 83.587
544.0 83.447
545.0 83.331
546.0 83.166
547.0 82.994
548.0 82.831
549.0 82.65
550.0 82.462999
551.0 82.291
552.0 82.131
553.0 81.931
554.0 81.756
555.0 81.571
556.0 81.41
557.0 81.235999
558.0 81.065
559.0 80.904
560.0 80.758
561.0 80.613999
562.0 80.474
563.0 80.322999
564.0 80.222
565.0 80.081
566.0 79.991999
567.0 79.914
568.0 79.822
569.0 79.762999
570.0 79.691999
571.0 79.652
572.0 79.627
573.0 79.603
574.0 79.569999
575.0 79.571
576.0 79.587
577.0 79.605
578.0 79.62
579.0 79.679999
580.0 79.733
581.0 79.791
582.0 79.875
583.0 79.951
584.0 80.048
585.0 80.15
586.0 80.261
587.0 80.376
588.0 80.498
589.0 80.639
590.0 80.788
591.0 80.932
592.0 81.086
593.0 81.245
594.0 81.402
595.0 81.568
596.0 81.746
597.0 81.901
598.0 82.09
599.0 82.255
600.0 82.426999
601.0 82.608
602.0 82.761
603.0 82.938999
604.0 83.104999
605.0 83.261
606.0 83.418
607.0 83.591
608.0 83.736999
609.0 83.887999
610.0 84.009999
611.0 84.166
612.0 84.283
613.0 84.413
614.0 84.524999
615.0 84.633
616.0 84.739
617.0 84.833
618.0 84.924
619.0 84.985999
620.0 85.057
621.0 85.119999
622.0 85.164
623.0 85.217
624.0 85.241
625.0 85.244
626.0 85.264
627.0 85.265999
628.0 85.252
629.0 85.247
630.0 85.228
631.0 85.185999
632.0 85.148
633.0 85.09
634.0 85.039
635.0 84.973
636.0 84.892
637.0 84.811
638.0 84.716
639.0 84.634
640.0 84.531
641.0 84.423
642.0 84.303
643.0 84.184
644.0 84.074
645.0 83.942
646.0 83.801999
647.0 83.689
648.0 83.548
649.0 83.403
650.0 83.269
651.0 83.134
652.0 82.985
653.0 82.831999
654.0 82.699999
655.0 82.551
656.0 82.42
657.0 82.282
658.0 82.139
659.0 81.992
660.0 81.867
661.0 81.723
662.0 81.599999
663.0 81.466
664.0 81.332
665.0 81.208
666.0 81.074
667.0 80.989999
668.0 80.867999
669.0 80.761
670.0 80.664999
671.0 80.550999
672.0 80.471999
673.0 80.374
674.0 80.295
675.0 80.214
676.0 80.154
677.0 80.087
678.0 80.009
679.0 79.961
680.0 79.911
681.0 79.857
682.0 79.822
683.0 79.792
684.0 79.739
685.0 79.727
686.0 79.718
687.0 79.712999
688.0 79.691
689.0 79.696
690.0 79.705
691.0 79.712999
692.0 79.729
693.0 79.747
694.0 79.785
695.0 79.81
696.0 79.847
697.0 79.881999
698.0 79.932999
699.0 79.971999
700.0 80.039
701.0 80.093999
702.0 80.152999
703.0 80.202
704.0 80.281
705.0 80.352999
706.0 80.442
707.0 80.52
708.0 80.589
709.0 80.678
710.0 80.759
711.0 80.864999
712.0 80.954
713.0 81.045999
714.0 81.128999
715.0 81.226
716.0 81.325999
717.0 81.428
718.0 81.537
719.0 81.636
720.0 81.733999
721.0 81.833999
722.0 81.947
723.0 82.06
724.0 82.16
725.0 82.271
726.0 82.364
727.0 82.5
728.0 82.581
729.0 82.689
730.0 82.797
731.0 82.884
732.0 82.991
733.0 83.096999
734.0 83.186
735.0 83.283
736.0 83.382
737.0 83.47
738.0 83.559
739.0 83.666
740.0 83.741
741.0 83.822
742.0 83.908
743.0 83.968
744.0 84.053
745.0 84.129
746.0 84.208
747.0 84.246
748.0 84.319
749.0 84.377
750.0 84.441
751.0 84.489999
752.0 84.538
753.0 84.568
754.0 84.624
755.0 84.655
756.0 84.685
757.0 84.718999
758.0 84.758
759.0 84.758
760.0 84.780999
761.0 84.777
762.0 84.796
763.0 84.777
764.0 84.777999
765.0 84.794
766.0 84.777
767.0 84.748
768.0 84.718
769.0 84.699
770.0 84.648
771.0 84.633
772.0 84.58
773.0 84.554
774.0 84.532
775.0 84.484
776.0 84.46
777.0 84.405
778.0 84.375999
779.0 84.336
780.0 84.288
781.0 84.209
782.0 84.126
783.0 84.031
784.0 83.945
785.0 83.86
786.0 83.755
787.0 83.682
788.0 83.571
789.0 83.52
790.0 83.433
791.0 83.334
792.0 83.26
793.0 83.146
794.0 83.044
795.0 82.935
796.0 82.824
797.0 82.726999
798.0 82.631
799.0 82.515
800.0 82.398
801.0 82.312
802.0 82.211
803.0 82.101
804.0 81.997
805.0 81.884
806.0 81.792
807.0 81.67
808.0 81.572
809.0 81.479
810.0 81.340999
811.0 81.250999
812.0 81.154
813.0 81.042
814.0 80.923
815.0 80.836
816.0 80.717
817.0 80.605999
818.0 80.524
819.0 80.420999
820.0 80.310999
821.0 80.218
822.0 80.140999
823.0 80.024
824.0 79.928999
825.0 79.837
826.0 79.734
827.0 79.669
828.0 79.576
829.0 79.474
830.0 79.391
831.0 79.325
832.0 79.226
833.0 79.144
834.0 79.083
835.0 79.008
836.0 78.928
837.0 78.872
838.0 78.795999
839.0 78.741
840.0 78.657
841.0 78.613999
842.0 78.56
843.0 78.489
844.0 78.43
845.0 78.386
846.0 78.34
847.0 78.294
848.0 78.23
849.0 78.196
850.0 78.161999
851.0 78.113
852.0 78.089
853.0 78.058
854.0 78.019
855.0 77.996
856.0 77.976999
857.0 77.932
858.0 77.923
859.0 77.903
860.0 77.903
861.0 77.874
862.0 77.861
863.0 77.858999
864.0 77.851
865.0 77.837
866.0 77.819
867.0 77.830999
868.0 77.842
869.0 77.857
870.0 77.851
871.0 77.846999
872.0 77.877
873.0 77.893999
874.0 77.904
875.0 77.908999
876.0 77.952999
877.0 77.944
878.0 77.983
879.0 77.997
880.0 78.014
881.0 78.065
882.0 78.108999
883.0 78.133
884.0 78.169
885.0 78.206
886.0 78.246
887.0 78.282
888.0 78.322999
889.0 78.379
890.0 78.423
891.0 78.476
892.0 78.536
893.0 78.586999
894.0 78.639
895.0 78.67
896.0 78.735999
897.0 78.783999
898.0 78.839
899.0 78.896
900.0 78.931
901.0 79.003999
902.0 79.066999
903.0 79.108
904.0 79.203999
905.0 79.262999
906.0 79.340999
907.0 79.368
908.0 79.451
909.0 79.505
910.0 79.564
911.0 79.623
912.0 79.705
913.0 79.761
914.0 79.82
915.0 79.905
916.0 79.967999
917.0 80.035
918.0 80.115
919.0 80.176999
920.0 80.254
921.0 80.33
922.0 80.395
923.0 80.471
924.0 80.547
925.0 80.63
926.0 80.696
927.0 80.745
928.0 80.817
929.0 80.911
930.0 80.986
931.0 81.037
932.0 81.142
933.0 81.187
934.0 81.274999
935.0 81.355999
936.0 81.403
937.0 81.489
938.0 81.566
939.0 81.605999
940.0 81.679
941.0 81.75
942.0 81.828
943.0 81.874
944.0 81.961
945.0 82.018999
946.0 82.060999
947.0 82.125
948.0 82.191
949.0 82.264
950.0 82.333
951.0 82.372999
952.0 82.434
953.0 82.477999
954.0 82.544
955.0 82.616999
956.0 82.646
957.0 82.701
958.0 82.736
959.0 82.801999
960.0 82.855
961.0 82.894
962.0 82.938999
963.0 83.008
964.0 83.04
965.0 83.114
966.0 83.139
967.0 83.162
968.0 83.225
969.0 83.257
970.0 83.288
971.0 83.315
972.0 83.347
973.0 83.395
974.0 83.399999
975.0 83.45
976.0 83.467
977.0 83.492
978.0 83.521
979.0 83.545999
980.0 83.559
981.0 83.603
982.0 83.619
983.0 83.664
984.0 83.682999
985.0 83.675
986.0 83.697999
987.0 83.729
988.0 83.738999
989.0 83.726999
990.0 83.721999
991.0 83.730999
992.0 83.751
993.0 83.756
994.0 83.762
995.0 83.74
996.0 83.746
997.0 83.742999
998.0 83.73
999.0 83.681
1000.0 83.679999
1001.0 83.685
1002.0 83.664
1003.0 83.67
1004.0 83.658
1005.0 83.645
1006.0 83.626
1007.0 83.599999
1008.0 83.599999
1009.0 83.58
1010.0 83.541
1011.0 83.532
1012.0 83.484
1013.0 83.469
1014.0 83.453999
1015.0 83.407
1016.0 83.38
1017.0 83.35
1018.0 83.322
1019.0 83.288
1020.0 83.230999
1021.0 83.235
1022.0 83.167999
1023.0 83.148
1024.0 83.076
1025.0 83.043
1026.0 83.014
1027.0 82.952
1028.0 82.909
1029.0 82.867999
1030.0 82.837999
1031.0 82.777999
1032.0 82.733999
1033.0 82.703999
1034.0 82.66
1035.0 82.589
1036.0 82.556
1037.0 82.48
1038.0 82.441
1039.0 82.399
1040.0 82.328
1041.0 82.254
1042.0 82.218
1043.0 82.173
1044.0 82.122
1045.0 82.054
1046.0 82.0
1047.0 81.942
1048.0 81.916
1049.0 81.843999
1050.0 81.771
1051.0 81.679
1052.0 81.619
1053.0 81.557999
1054.0 81.501
1055.0 81.441
1056.0 81.381
1057.0 81.349999
1058.0 81.306
1059.0 81.271
1060.0 81.152999
1061.0 81.099
1062.0 81.021
1063.0 80.971
1064.0 80.931
1065.0 80.871
1066.0 80.794
1067.0 80.727
1068.0 80.667
1069.0 80.575
1070.0 80.533999
1071.0 80.486999
1072.0 80.420999
1073.0 80.328
1074.0 80.271
1075.0 80.196
1076.0 80.17
1077.0 80.092
1078.0 80.076
1079.0 79.974
1080.0 79.947
1081.0 79.881
1082.0 79.852
1083.0 79.782
1084.0 79.7
1085.0 79.686
1086.0 79.634
1087.0 79.561
1088.0 79.507
1089.0 79.422
1090.0 79.393
1091.0 79.33
1092.0 79.244
1093.0 79.21
1094.0 79.176
1095.0 79.05
1096.0 79.042999
1097.0 78.971
1098.0 78.952
1099.0 78.94
1100.0 78.793
