190.0 0.025
191.0 0.14
192.0 0.059
193.0 0.074
194.0 0.063
195.0 0.071
196.0 0.058
197.0 0.057
198.0 0.037
199.0 0.026
200.0 0.024
201.0 0.028
202.0 0.035
203.0 0.043
204.0 0.025
205.0 0.03
206.0 0.03
207.0 0.013
208.0 0.034
209.0 0.024
210.0 0.033
211.0 0.032
212.0 0.037
213.0 0.031
214.0 0.017
215.0 0.034
216.0 0.021
217.0 0.027
218.0 0.019
219.0 0.026
220.0 0.023
221.0 0.028
222.0 0.019
223.0 0.018
224.0 0.017
225.0 0.022
226.0 0.024
227.0 0.033
228.0 0.024
229.0 0.023
230.0 0.019
231.0 0.01
232.0 0.017
233.0 0.025
234.0 0.012
235.0 0.036
236.0 0.018
237.0 0.016
238.0 0.014
239.0 0.019
240.0 0.022
241.0 0.021
242.0 0.016
243.0 0.036
244.0 0.024
245.0 0.016
246.0 0.018
247.0 0.016
248.0 0.017
249.0 0.018
250.0 0.027
251.0 0.02
252.0 0.022
253.0 0.022
254.0 0.02
255.0 0.01
256.0 0.015
257.0 0.034
258.0 0.035
259.0 0.024
260.0 0.023
261.0 0.014
262.0 0.034
263.0 0.023
264.0 0.014
265.0 0.018
266.0 0.036
267.0 0.039
268.0 0.027
269.0 0.042
270.0 0.032
271.0 0.028
272.0 0.037
273.0 0.035
274.0 0.021
275.0 0.071
276.0 0.036
277.0 0.029
278.0 0.034
279.0 0.036
280.0 0.05
281.0 0.058
282.0 0.044
283.0 0.077
284.0 0.046
285.0 0.038
286.0 0.047
287.0 0.021
288.0 0.045
289.0 0.042
290.0 0.028
291.0 0.034
292.0 0.032
293.0 0.049
294.0 0.033
295.0 0.034
296.0 0.029
297.0 0.03
298.0 0.036
299.0 0.055
300.0 0.035
301.0 0.038
302.0 0.055
303.0 0.043
304.0 0.032
305.0 0.049
306.0 0.049
307.0 0.065
308.0 0.03
309.0 0.025
310.0 0.053
311.0 0.04
312.0 0.02
313.0 0.052
314.0 0.077
315.0 0.052
316.0 0.053
317.0 0.049
318.0 0.049
319.0 0.072
320.0 0.037
321.0 0.033
322.0 0.069999
323.0 0.109
324.0 0.059
325.0 0.069999
326.0 0.017
327.0 0.036
328.0 0.041
329.0 0.047
330.0 0.033
331.0 0.054
332.0 0.023
333.0 0.036
334.0 0.032
335.0 0.033
336.0 0.032
337.0 0.033
338.0 0.035
339.0 0.049
340.0 0.038
341.0 0.028
342.0 0.031
343.0 0.02
344.0 0.016
345.0 0.018
346.0 0.029
347.0 0.033
348.0 0.025
349.0 0.019
350.0 0.03
351.0 0.019
352.0 0.029
353.0 0.023
354.0 0.022
355.0 0.043
356.0 0.031
357.0 0.03
358.0 0.036
359.0 0.046
360.0 0.068
361.0 0.080999
362.0 0.123
363.0 0.173
364.0 0.236
365.0 0.36
366.0 0.539
367.0 0.809999
368.0 1.182
369.0 1.716
370.0 2.43
371.0 3.365
372.0 4.523
373.0 5.917
374.0 7.545
375.0 9.382999
376.0 11.382
377.0 13.473
378.0 15.636
379.0 17.88
380.0 20.138
381.0 22.424
382.0 24.709
383.0 27.092
384.0 29.548
385.0 31.871
386.0 34.189
387.0 36.463
388.0 38.674
389.0 40.83
390.0 42.889
391.0 44.807
392.0 46.595
393.0 48.225
394.0 49.674
395.0 50.987
396.0 52.084
397.0 53.036
398.0 53.857
399.0 54.592
400.0 55.214
401.0 55.812
402.0 56.369
403.0 56.949
404.0 57.499999
405.0 58.102
406.0 58.721
407.0 59.377
408.0 60.074
409.0 60.831
410.0 61.629
411.0 62.456
412.0 63.339
413.0 64.215
414.0 65.108999
415.0 65.982
416.0 66.849999
417.0 67.637
418.0 68.402
419.0 69.108999
420.0 69.725
421.0 70.325
422.0 70.789
423.0 71.151
424.0 71.437
425.0 71.641
426.0 71.739
427.0 71.756
428.0 71.705
429.0 71.608
430.0 71.45
431.0 71.223
432.0 70.997
433.0 70.730999
434.0 70.489
435.0 70.241
436.0 70.017
437.0 69.831
438.0 69.63
439.0 69.509
440.0 69.413
441.0 69.37
442.0 69.342
443.0 69.382
444.0 69.489999
445.0 69.611999
446.0 69.821999
447.0 70.048
448.0 70.337999
449.0 70.689
450.0 71.044
451.0 71.438
452.0 71.852999
453.0 72.331
454.0 72.780999
455.0 73.276
456.0 73.778
457.0 74.272
458.0 74.774
459.0 75.268
460.0 75.717999
461.0 76.18
462.0 76.590999
463.0 76.98
464.0 77.357
465.0 77.655
466.0 77.920999
467.0 78.141
468.0 78.33
469.0 78.447999
470.0 78.53
471.0 78.542999
472.0 78.537
473.0 78.471999
474.0 78.384
475.0 78.241
476.0 78.073
477.0 77.876
478.0 77.651
479.0 77.39
480.0 77.133
481.0 76.84
482.0 76.518
483.0 76.215999
484.0 75.913
485.0 75.621
486.0 75.331
487.0 75.05
488.0 74.776
489.0 74.524
490.0 74.294
491.0 74.087
492.0 73.901
493.0 73.739
494.0 73.595999
495.0 73.514
496.0 73.425
497.0 73.366
498.0 73.337
499.0 73.374
500.0 73.382
501.0 73.456999
502.0 73.566
503.0 73.681
504.0 73.845
505.0 74.017
506.0 74.211
507.0 74.405
508.0 74.663
509.0 74.949
510.0 75.227999
511.0 75.499
512.0 75.824
513.0 76.169
514.0 76.494
515.0 76.849
516.0 77.199
517.0 77.547
518.0 77.89
519.0 78.254
520.0 78.605
521.0 78.947999
522.0 79.276
523.0 79.607
524.0 79.919
525.0 80.214
526.0 80.489
527.0 80.746
528.0 80.983999
529.0 81.217
530.0 81.384
531.0 81.557
532.0 81.723
533.0 81.835
534.0 81.920999
535.0 81.98
536.0 82.006999
537.0 82.013
538.0 82.004
539.0 81.971999
540.0 81.899999
541.0 81.799
542.0 81.69
543.0 81.559
544.0 81.41
545.0 81.222
546.0 81.053
547.0 80.836
548.0 80.613
549.0 80.364
550.0 80.123
551.0 79.881999
552.0 79.619
553.0 79.359
554.0 79.105
555.0 78.830999
556.0 78.564
557.0 78.302
558.0 78.05
559.0 77.783999
560.0 77.532
561.0 77.278
562.0 77.059
563.0 76.815
564.0 76.614
565.0 76.407
566.0 76.185
567.0 76.01
568.0 75.836
569.0 75.673999
570.0 75.535
571.0 75.392
572.0 75.282
573.0 75.182999
574.0 75.09
575.0 74.992
576.0 74.961999
577.0 74.926
578.0 74.898
579.0 74.889
580.0 74.905999
581.0 74.933
582.0 74.985999
583.0 75.071
584.0 75.145
585.0 75.247
586.0 75.371
587.0 75.503
588.0 75.656
589.0 75.819
590.0 75.992
591.0 76.169
592.0 76.372
593.0 76.553
594.0 76.769
595.0 76.98
596.0 77.203
597.0 77.420999
598.0 77.643
599.0 77.863
600.0 78.114999
601.0 78.342999
602.0 78.577
603.0 78.828
604.0 79.073
605.0 79.334999
606.0 79.574
607.0 79.82
608.0 80.062999
609.0 80.297
610.0 80.522
611.0 80.756
612.0 80.994
613.0 81.21
614.0 81.425
615.0 81.615
616.0 81.82
617.0 82.01
618.0 82.181
619.0 82.347
620.0 82.509999
621.0 82.655
622.0 82.793
623.0 82.918
624.0 83.021
625.0 83.121
626.0 83.212
627.0 83.272
628.0 83.342
629.0 83.387
630.0 83.422
631.0 83.444
632.0 83.465
633.0 83.435
634.0 83.413
635.0 83.369
636.0 83.333
637.0 83.283
638.0 83.209
639.0 83.128999
640.0 83.031
641.0 82.934
642.0 82.808
643.0 82.682999
644.0 82.548
645.0 82.419
646.0 82.27
647.0 82.116
648.0 81.945
649.0 81.768
650.0 81.598
651.0 81.402
652.0 81.209
653.0 81.013
654.0 80.810999
655.0 80.605
656.0 80.403
657.0 80.205
658.0 79.99
659.0 79.795
660.0 79.574999
661.0 79.374
662.0 79.179
663.0 78.955
664.0 78.747999
665.0 78.539999
666.0 78.352999
667.0 78.152999
668.0 77.959
669.0 77.776
670.0 77.575999
671.0 77.397
672.0 77.235
673.0 77.042
674.0 76.88
675.0 76.711
676.0 76.554999
677.0 76.402
678.0 76.259
679.0 76.13
680.0 75.998
681.0 75.842
682.0 75.743
683.0 75.649999
684.0 75.488
685.0 75.367999
686.0 75.28
687.0 75.197
688.0 75.12
689.0 75.039
690.0 74.988999
691.0 74.914999
692.0 74.887
693.0 74.837
694.0 74.798
695.0 74.785
696.0 74.77
697.0 74.77
698.0 74.75
699.0 74.754
700.0 74.764
701.0 74.79
702.0 74.801
703.0 74.831
704.0 74.863
705.0 74.912
706.0 74.956999
707.0 75.018
708.0 75.078
709.0 75.131
710.0 75.22
711.0 75.29
712.0 75.383
713.0 75.451
714.0 75.547
715.0 75.652
716.0 75.755
717.0 75.853
718.0 75.955
719.0 76.093999
720.0 76.199
721.0 76.317
722.0 76.437
723.0 76.566
724.0 76.685999
725.0 76.849999
726.0 76.975
727.0 77.117
728.0 77.251
729.0 77.395
730.0 77.547
731.0 77.681
732.0 77.849
733.0 77.979
734.0 78.137999
735.0 78.271
736.0 78.431
737.0 78.581999
738.0 78.727
739.0 78.88
740.0 79.013
741.0 79.164
742.0 79.313
743.0 79.455
744.0 79.581999
745.0 79.726
746.0 79.88
747.0 80.002
748.0 80.148
749.0 80.265
750.0 80.374
751.0 80.513
752.0 80.63
753.0 80.745
754.0 80.859
755.0 80.965
756.0 81.081999
757.0 81.158
758.0 81.272
759.0 81.364999
760.0 81.464
761.0 81.535
762.0 81.596
763.0 81.681
764.0 81.75
765.0 81.805
766.0 81.846
767.0 81.907
768.0 81.966
769.0 81.989999
770.0 82.028
771.0 82.059
772.0 82.064
773.0 82.09
774.0 82.105999
775.0 82.125
776.0 82.149
777.0 82.145
778.0 82.171
779.0 82.185
780.0 82.164
781.0 82.135
782.0 82.098
783.0 82.014
784.0 81.947999
785.0 81.876
786.0 81.819
787.0 81.748
788.0 81.714
789.0 81.628999
790.0 81.576
791.0 81.479999
792.0 81.398
793.0 81.313
794.0 81.209
795.0 81.088
796.0 80.983999
797.0 80.884999
798.0 80.796
799.0 80.703
800.0 80.576
801.0 80.469
802.0 80.357
803.0 80.247
804.0 80.139
805.0 80.006
806.0 79.88
807.0 79.738
808.0 79.605999
809.0 79.503
810.0 79.372
811.0 79.222
812.0 79.095
813.0 78.952999
814.0 78.833
815.0 78.661999
816.0 78.529
817.0 78.389
818.0 78.265
819.0 78.116
820.0 77.968999
821.0 77.845
822.0 77.703
823.0 77.554999
824.0 77.405
825.0 77.259999
826.0 77.131
827.0 77.007
828.0 76.849999
829.0 76.722
830.0 76.593999
831.0 76.435
832.0 76.313
833.0 76.185
834.0 76.043
835.0 75.901
836.0 75.777
837.0 75.638
838.0 75.541
839.0 75.411
840.0 75.291
841.0 75.167
842.0 75.051999
843.0 74.913
844.0 74.801
845.0 74.681
846.0 74.568
847.0 74.473
848.0 74.346
849.0 74.29
850.0 74.175
851.0 74.072999
852.0 73.979
853.0 73.902
854.0 73.786
855.0 73.704
856.0 73.614
857.0 73.547
858.0 73.477999
859.0 73.402999
860.0 73.307
861.0 73.248
862.0 73.178
863.0 73.113
864.0 73.036
865.0 73.001
866.0 72.936
867.0 72.88
868.0 72.846999
869.0 72.779
870.0 72.717
871.0 72.670999
872.0 72.654
873.0 72.61
874.0 72.580999
875.0 72.543
876.0 72.521999
877.0 72.492999
878.0 72.47
879.0 72.458999
880.0 72.432
881.0 72.414999
882.0 72.438
883.0 72.424
884.0 72.446999
885.0 72.462
886.0 72.479
887.0 72.467
888.0 72.479
889.0 72.492999
890.0 72.489999
891.0 72.505
892.0 72.521
893.0 72.528
894.0 72.53
895.0 72.544
896.0 72.572
897.0 72.582
898.0 72.602999
899.0 72.622
900.0 72.631
901.0 72.658999
902.0 72.689
903.0 72.721
904.0 72.758
905.0 72.78
906.0 72.806
907.0 72.821
908.0 72.834
909.0 72.877
910.0 72.882
911.0 72.887999
912.0 72.928
913.0 72.938999
914.0 72.956
915.0 72.977
916.0 73.018
917.0 73.047
918.0 73.071
919.0 73.119
920.0 73.158999
921.0 73.218999
922.0 73.272
923.0 73.333
924.0 73.386
925.0 73.455
926.0 73.489999
927.0 73.547
928.0 73.621
929.0 73.685999
930.0 73.764
931.0 73.851999
932.0 73.935
933.0 74.017
934.0 74.071
935.0 74.17
936.0 74.25
937.0 74.337
938.0 74.429999
939.0 74.489999
940.0 74.614999
941.0 74.694999
942.0 74.768999
943.0 74.874
944.0 74.944999
945.0 75.046
946.0 75.132
947.0 75.226
948.0 75.268999
949.0 75.374
950.0 75.465999
951.0 75.539999
952.0 75.63
953.0 75.731
954.0 75.817
955.0 75.888
956.0 75.991
957.0 76.082
958.0 76.136
959.0 76.236
960.0 76.317
961.0 76.407
962.0 76.519
963.0 76.596
964.0 76.685
965.0 76.767
966.0 76.854
967.0 76.937999
968.0 77.018
969.0 77.134
970.0 77.185999
971.0 77.249
972.0 77.333
973.0 77.419
974.0 77.468
975.0 77.554
976.0 77.664999
977.0 77.739
978.0 77.783
979.0 77.849999
980.0 77.999
981.0 78.114999
982.0 78.187
983.0 78.245
984.0 78.305
985.0 78.371
986.0 78.444999
987.0 78.488
988.0 78.548
989.0 78.604
990.0 78.642
991.0 78.727
992.0 78.781
993.0 78.846
994.0 78.876
995.0 78.927
996.0 78.962
997.0 78.998
998.0 79.039999
999.0 79.072
1000.0 79.104
1001.0 79.148
1002.0 79.175
1003.0 79.209
1004.0 79.241
1005.0 79.291
1006.0 79.313999
1007.0 79.321
1008.0 79.342
1009.0 79.387
1010.0 79.39
1011.0 79.417
1012.0 79.447999
1013.0 79.446
1014.0 79.462999
1015.0 79.476
1016.0 79.477
1017.0 79.488
1018.0 79.498
1019.0 79.493
1020.0 79.482
1021.0 79.502
1022.0 79.495
1023.0 79.505
1024.0 79.468999
1025.0 79.482
1026.0 79.464
1027.0 79.468
1028.0 79.45
1029.0 79.423999
1030.0 79.407
1031.0 79.391
1032.0 79.372
1033.0 79.388
1034.0 79.352999
1035.0 79.337
1036.0 79.32
1037.0 79.283
1038.0 79.227999
1039.0 79.227999
1040.0 79.188999
1041.0 79.191
1042.0 79.131
1043.0 79.111
1044.0 79.057
1045.0 79.034
1046.0 79.013
1047.0 78.954
1048.0 78.917
1049.0 78.810999
1050.0 78.791
1051.0 78.735999
1052.0 78.718
1053.0 78.633
1054.0 78.617999
1055.0 78.538
1056.0 78.532
1057.0 78.507
1058.0 78.455
1059.0 78.405
1060.0 78.325
1061.0 78.278
1062.0 78.224
1063.0 78.167
1064.0 78.158
1065.0 78.066
1066.0 78.007
1067.0 77.934
1068.0 77.892
1069.0 77.821
1070.0 77.759
1071.0 77.668
1072.0 77.605
1073.0 77.503999
1074.0 77.509
1075.0 77.447999
1076.0 77.348
1077.0 77.313
1078.0 77.253
1079.0 77.223
1080.0 77.083
1081.0 77.058
1082.0 77.017
1083.0 76.936
1084.0 76.9
1085.0 76.783999
1086.0 76.762
1087.0 76.669
1088.0 76.634999
1089.0 76.575999
1090.0 76.5
1091.0 76.352
1092.0 76.415
1093.0 76.261
1094.0 76.191
1095.0 76.143
1096.0 76.084
1097.0 75.988999
1098.0 75.931
1099.0 75.887
1100.0 75.8
