190.0 0.039
191.0 0.08
192.0 0.057
193.0 0.058
194.0 0.044
195.0 0.085999
196.0 0.043
197.0 0.008
198.0 0.036
199.0 0.01
200.0 0.023
201.0 0.006999
202.0 0.045
203.0 0.068999
204.0 0.026
205.0 0.019
206.0 0.026
207.0 0.013
208.0 0.026
209.0 0.02
210.0 0.012
211.0 0.04
212.0 0.016
213.0 0.025
214.0 0.026
215.0 0.026
216.0 0.023
217.0 0.022
218.0 0.014
219.0 0.039
220.0 0.014
221.0 0.029
222.0 0.022
223.0 0.019
224.0 0.022
225.0 0.015
226.0 0.01
227.0 0.033
228.0 0.01
229.0 0.015
230.0 0.017
231.0 0.015
232.0 0.016
233.0 0.016
234.0 0.018
235.0 0.019
236.0 0.012
237.0 0.008
238.0 0.004
239.0 0.008
240.0 0.015
241.0 0.011
242.0 0.006
243.0 0.028
244.0 0.014
245.0 0.014
246.0 0.027
247.0 0.019
248.0 0.0
249.0 0.015
250.0 0.011
251.0 0.035
252.0 0.016
253.0 0.02
254.0 0.008
255.0 0.028
256.0 0.022
257.0 0.018
258.0 0.009
259.0 0.04
260.0 0.018
261.0 0.017
262.0 0.029
263.0 0.013
264.0 0.011
265.0 -0.002
266.0 0.028
267.0 0.053
268.0 0.014
269.0 0.005
270.0 0.049
271.0 0.014
272.0 0.025
273.0 0.044
274.0 0.038
275.0 0.032
276.0 0.017
277.0 0.017
278.0 0.032
279.0 0.024
280.0 0.048
281.0 0.043
282.0 0.033
283.0 0.028
284.0 0.035
285.0 0.023
286.0 0.033
287.0 0.027
288.0 0.046
289.0 0.053
290.0 0.021
291.0 0.044
292.0 0.012
293.0 0.048
294.0 0.03
295.0 0.026
296.0 0.012
297.0 0.0
298.0 0.059
299.0 0.047
300.0 0.013
301.0 0.034
302.0 0.019
303.0 0.055
304.0 0.06
305.0 0.06
306.0 0.051
307.0 0.085999
308.0 0.042
309.0 0.032
310.0 0.026
311.0 0.017
312.0 0.048
313.0 0.05
314.0 0.034
315.0 0.047
316.0 0.041
317.0 0.016
318.0 0.036
319.0 0.063
320.0 0.037
321.0 0.04
322.0 0.041
323.0 0.115
324.0 0.025
325.0 0.066
326.0 0.015
327.0 0.045
328.0 0.028
329.0 0.038
330.0 0.037
331.0 0.069999
332.0 0.025
333.0 0.052
334.0 0.017
335.0 0.027
336.0 0.04
337.0 0.03
338.0 0.025
339.0 0.04
340.0 0.031
341.0 0.013
342.0 0.021
343.0 0.033
344.0 0.028
345.0 0.02
346.0 0.026
347.0 0.032
348.0 0.031
349.0 0.017
350.0 0.02
351.0 0.024
352.0 0.026
353.0 0.021
354.0 0.036
355.0 0.055
356.0 0.055999
357.0 0.063
358.0 0.112
359.0 0.151
360.0 0.231
361.0 0.34
362.0 0.492
363.0 0.72
364.0 0.986
365.0 1.355
366.0 1.808
367.0 2.361
368.0 3.014
369.0 3.752
370.0 4.585999
371.0 5.48
372.0 6.419999
373.0 7.38
374.0 8.357
375.0 9.298
376.0 10.275
377.0 11.189
378.0 12.15
379.0 13.141
380.0 14.061
381.0 14.982
382.0 15.895
383.0 16.785
384.0 17.637
385.0 18.361
386.0 19.03
387.0 19.662
388.0 20.248
389.0 20.815
390.0 21.371
391.0 21.928
392.0 22.491
393.0 23.055
394.0 23.633
395.0 24.221
396.0 24.798
397.0 25.394
398.0 25.951
399.0 26.478
400.0 26.977
401.0 27.432
402.0 27.823
403.0 28.172
404.0 28.473
405.0 28.722
406.0 28.93
407.0 29.131
408.0 29.302
409.0 29.461
410.0 29.614
411.0 29.796
412.0 29.979
413.0 30.178
414.0 30.406
415.0 30.655
416.0 30.922
417.0 31.216
418.0 31.53
419.0 31.856
420.0 32.182
421.0 32.512
422.0 32.859
423.0 33.159
424.0 33.463
425.0 33.733
426.0 33.988
427.0 34.22
428.0 34.394
429.0 34.558
430.0 34.698
431.0 34.79
432.0 34.88
433.0 34.938
434.0 34.984
435.0 35.018
436.0 35.056
437.0 35.086
438.0 35.153
439.0 35.194
440.0 35.275
441.0 35.365
442.0 35.473
443.0 35.595
444.0 35.753
445.0 35.917
446.0 36.098
447.0 36.333
448.0 36.557
449.0 36.794
450.0 37.044
451.0 37.3
452.0 37.546
453.0 37.796
454.0 38.056
455.0 38.307
456.0 38.549
457.0 38.776
458.0 38.976
459.0 39.168
460.0 39.322
461.0 39.465
462.0 39.6
463.0 39.708
464.0 39.797
465.0 39.855
466.0 39.914
467.0 39.96
468.0 39.989
469.0 40.002
470.0 40.015
471.0 40.05
472.0 40.063
473.0 40.078
474.0 40.117
475.0 40.138
476.0 40.181
477.0 40.238
478.0 40.309
479.0 40.385
480.0 40.496
481.0 40.599
482.0 40.726
483.0 40.88
484.0 41.02
485.0 41.195
486.0 41.376
487.0 41.578
488.0 41.795
489.0 42.003
490.0 42.224
491.0 42.455
492.0 42.67
493.0 42.894
494.0 43.132
495.0 43.349
496.0 43.57
497.0 43.781
498.0 43.972
499.0 44.167
500.0 44.344
501.0 44.515
502.0 44.661
503.0 44.794
504.0 44.927
505.0 45.028
506.0 45.12
507.0 45.198
508.0 45.267
509.0 45.317
510.0 45.357
511.0 45.378
512.0 45.412
513.0 45.419
514.0 45.434
515.0 45.43
516.0 45.437
517.0 45.434
518.0 45.435
519.0 45.444
520.0 45.451
521.0 45.463
522.0 45.469
523.0 45.493
524.0 45.529
525.0 45.57
526.0 45.617
527.0 45.669
528.0 45.738
529.0 45.822
530.0 45.921
531.0 46.021
532.0 46.135
533.0 46.256
534.0 46.397
535.0 46.542
536.0 46.693
537.0 46.853
538.0 47.017
539.0 47.186
540.0 47.367
541.0 47.547
542.0 47.74
543.0 47.923
544.0 48.118
545.0 48.311
546.0 48.49
547.0 48.679
548.0 48.859
549.0 49.038
550.0 49.21
551.0 49.378
552.0 49.527
553.0 49.678
554.0 49.817
555.0 49.948
556.0 50.07
557.0 50.175
558.0 50.273
559.0 50.373
560.0 50.451
561.0 50.531
562.0 50.582
563.0 50.633
564.0 50.666
565.0 50.703
566.0 50.724
567.0 50.737
568.0 50.736
569.0 50.742
570.0 50.723
571.0 50.707
572.0 50.703
573.0 50.681
574.0 50.654
575.0 50.637
576.0 50.614
577.0 50.596
578.0 50.576
579.0 50.568
580.0 50.546
581.0 50.548
582.0 50.536
583.0 50.564
584.0 50.581
585.0 50.593999
586.0 50.643
587.0 50.693
588.0 50.742
589.0 50.816
590.0 50.883999
591.0 50.977
592.0 51.064
593.0 51.163
594.0 51.255
595.0 51.373
596.0 51.477
597.0 51.593999
598.0 51.723
599.0 51.845
600.0 51.979
601.0 52.125
602.0 52.263
603.0 52.410999
604.0 52.559
605.0 52.712
606.0 52.879
607.0 53.035
608.0 53.198
609.0 53.354
610.0 53.527
611.0 53.688
612.0 53.849
613.0 54.022
614.0 54.162
615.0 54.333
616.0 54.478
617.0 54.634
618.0 54.773
619.0 54.919
620.0 55.074
621.0 55.2
622.0 55.338
623.0 55.453
624.0 55.569
625.0 55.679999
626.0 55.784
627.0 55.872
628.0 55.968
629.0 56.045
630.0 56.113
631.0 56.185
632.0 56.236
633.0 56.296
634.0 56.333
635.0 56.376
636.0 56.396
637.0 56.437
638.0 56.447
639.0 56.466
640.0 56.464
641.0 56.486999
642.0 56.48
643.0 56.460999
644.0 56.44
645.0 56.438999
646.0 56.41
647.0 56.401
648.0 56.377999
649.0 56.354
650.0 56.336
651.0 56.301
652.0 56.271
653.0 56.251
654.0 56.233
655.0 56.216
656.0 56.183
657.0 56.165
658.0 56.144
659.0 56.138
660.0 56.11
661.0 56.105
662.0 56.108999
663.0 56.1
664.0 56.103
665.0 56.105
666.0 56.111999
667.0 56.116
668.0 56.142
669.0 56.161
670.0 56.2
671.0 56.223
672.0 56.277
673.0 56.298
674.0 56.342
675.0 56.411999
676.0 56.462
677.0 56.515
678.0 56.593
679.0 56.660999
680.0 56.741
681.0 56.82
682.0 56.901999
683.0 56.992
684.0 57.064
685.0 57.158
686.0 57.26
687.0 57.365999
688.0 57.474
689.0 57.582
690.0 57.698
691.0 57.82
692.0 57.935
693.0 58.062
694.0 58.181
695.0 58.312
696.0 58.441
697.0 58.553
698.0 58.691
699.0 58.823
700.0 58.969
701.0 59.083
702.0 59.208
703.0 59.34
704.0 59.458
705.0 59.593
706.0 59.706
707.0 59.831
708.0 59.948
709.0 60.065
710.0 60.182
711.0 60.289
712.0 60.392
713.0 60.492
714.0 60.593
715.0 60.679
716.0 60.778
717.0 60.858999
718.0 60.947
719.0 61.021
720.0 61.095
721.0 61.171
722.0 61.232
723.0 61.292
724.0 61.348
725.0 61.399
726.0 61.443
727.0 61.478999
728.0 61.521
729.0 61.546
730.0 61.568
731.0 61.594
732.0 61.608
733.0 61.617
734.0 61.635
735.0 61.62
736.0 61.639
737.0 61.637
738.0 61.63
739.0 61.617999
740.0 61.606
741.0 61.582
742.0 61.573
743.0 61.543
744.0 61.535
745.0 61.504
746.0 61.483
747.0 61.444
748.0 61.417
749.0 61.395999
750.0 61.346
751.0 61.319999
752.0 61.294
753.0 61.249
754.0 61.221
755.0 61.187
756.0 61.146
757.0 61.105
758.0 61.082
759.0 61.041
760.0 61.023
761.0 60.982
762.0 60.938
763.0 60.921
764.0 60.887
765.0 60.842
766.0 60.818
767.0 60.79
768.0 60.77
769.0 60.73
770.0 60.749
771.0 60.711
772.0 60.693
773.0 60.692
774.0 60.712999
775.0 60.697
776.0 60.691
777.0 60.721
778.0 60.751
779.0 60.783
780.0 60.8
781.0 60.802
782.0 60.807999
783.0 60.797999
784.0 60.792
785.0 60.792
786.0 60.816
787.0 60.852
788.0 60.877
789.0 60.927
790.0 60.987
791.0 61.029
792.0 61.077
793.0 61.12
794.0 61.178999
795.0 61.248
796.0 61.312
797.0 61.367
798.0 61.45
799.0 61.52
800.0 61.588
801.0 61.65
802.0 61.72
803.0 61.81
804.0 61.876
805.0 61.94
806.0 62.041999
807.0 62.123
808.0 62.202
809.0 62.295999
810.0 62.383
811.0 62.477
812.0 62.569
813.0 62.655
814.0 62.752
815.0 62.845
816.0 62.939
817.0 63.025
818.0 63.13
819.0 63.219
820.0 63.322999
821.0 63.415
822.0 63.514
823.0 63.609
824.0 63.706
825.0 63.773
826.0 63.878
827.0 63.985
828.0 64.073
829.0 64.155
830.0 64.268
831.0 64.349999
832.0 64.428
833.0 64.505
834.0 64.604
835.0 64.696
836.0 64.763
837.0 64.861
838.0 64.932999
839.0 65.013
840.0 65.075999
841.0 65.146
842.0 65.224999
843.0 65.297
844.0 65.354
845.0 65.42
846.0 65.482
847.0 65.536
848.0 65.597
849.0 65.657
850.0 65.707
851.0 65.756
852.0 65.798
853.0 65.844
854.0 65.898
855.0 65.916
856.0 65.976
857.0 66.007
858.0 66.017
859.0 66.033
860.0 66.095
861.0 66.09
862.0 66.128
863.0 66.142
864.0 66.158
865.0 66.169
866.0 66.188
867.0 66.181
868.0 66.222
869.0 66.21
870.0 66.200999
871.0 66.215
872.0 66.2
873.0 66.179
874.0 66.183
875.0 66.17
876.0 66.166
877.0 66.143
878.0 66.13
879.0 66.113
880.0 66.098999
881.0 66.066999
882.0 66.071
883.0 66.081999
884.0 66.088
885.0 66.084
886.0 66.096
887.0 66.08
888.0 66.056
889.0 66.042999
890.0 66.032
891.0 65.998
892.0 66.018
893.0 65.980999
894.0 65.974
895.0 65.944999
896.0 65.926
897.0 65.888
898.0 65.864999
899.0 65.842999
900.0 65.8
901.0 65.795
902.0 65.742999
903.0 65.697
904.0 65.659
905.0 65.613999
906.0 65.572
907.0 65.539999
908.0 65.492999
909.0 65.452999
910.0 65.405
911.0 65.364999
912.0 65.303
913.0 65.271
914.0 65.236
915.0 65.206
916.0 65.172
917.0 65.147
918.0 65.129
919.0 65.124
920.0 65.110999
921.0 65.078
922.0 65.058
923.0 65.06
924.0 65.056
925.0 65.05
926.0 65.039999
927.0 65.039
928.0 65.048
929.0 65.051
930.0 65.061
931.0 65.051999
932.0 65.059
933.0 65.075
934.0 65.08
935.0 65.104
936.0 65.108999
937.0 65.12
938.0 65.134
939.0 65.133
940.0 65.157
941.0 65.145
942.0 65.185
943.0 65.199
944.0 65.236999
945.0 65.244
946.0 65.273
947.0 65.319999
948.0 65.337999
949.0 65.371
950.0 65.408999
951.0 65.426
952.0 65.48
953.0 65.503
954.0 65.566
955.0 65.578999
956.0 65.623
957.0 65.668
958.0 65.724999
959.0 65.759
960.0 65.822999
961.0 65.892
962.0 65.913
963.0 65.985
964.0 66.027
965.0 66.102999
966.0 66.149999
967.0 66.191999
968.0 66.264
969.0 66.312
970.0 66.361999
971.0 66.438
972.0 66.524
973.0 66.553
974.0 66.604
975.0 66.666
976.0 66.706
977.0 66.774999
978.0 66.840999
979.0 66.914
980.0 66.971999
981.0 67.035
982.0 67.13
983.0 67.284
984.0 67.363
985.0 67.417
986.0 67.497
987.0 67.552
988.0 67.612
989.0 67.672
990.0 67.749
991.0 67.833
992.0 67.894
993.0 67.953
994.0 68.04
995.0 68.101
996.0 68.16
997.0 68.237
998.0 68.305
999.0 68.372999
1000.0 68.417
1001.0 68.503
1002.0 68.569
1003.0 68.639
1004.0 68.721
1005.0 68.772
1006.0 68.847
1007.0 68.906
1008.0 68.979999
1009.0 69.027
1010.0 69.083
1011.0 69.186
1012.0 69.227999
1013.0 69.264
1014.0 69.337
1015.0 69.407
1016.0 69.452
1017.0 69.532
1018.0 69.539
1019.0 69.599999
1020.0 69.666
1021.0 69.697
1022.0 69.759
1023.0 69.821
1024.0 69.857
1025.0 69.899
1026.0 69.925
1027.0 69.991
1028.0 70.021
1029.0 70.084
1030.0 70.116
1031.0 70.157
1032.0 70.181
1033.0 70.249
1034.0 70.286
1035.0 70.315
1036.0 70.336
1037.0 70.384999
1038.0 70.437
1039.0 70.454
1040.0 70.489
1041.0 70.501
1042.0 70.533999
1043.0 70.552
1044.0 70.567
1045.0 70.589
1046.0 70.584
1047.0 70.616999
1048.0 70.625
1049.0 70.616999
1050.0 70.663
1051.0 70.662
1052.0 70.663
1053.0 70.682
1054.0 70.714999
1055.0 70.74
1056.0 70.730999
1057.0 70.74
1058.0 70.749
1059.0 70.767
1060.0 70.741
1061.0 70.745
1062.0 70.761
1063.0 70.755
1064.0 70.756
1065.0 70.72
1066.0 70.742
1067.0 70.744
1068.0 70.75
1069.0 70.768
1070.0 70.703999
1071.0 70.698
1072.0 70.721
1073.0 70.706999
1074.0 70.686
1075.0 70.685
1076.0 70.649
1077.0 70.638
1078.0 70.661
1079.0 70.599
1080.0 70.574
1081.0 70.572999
1082.0 70.601
1083.0 70.551
1084.0 70.553999
1085.0 70.566
1086.0 70.431
1087.0 70.429
1088.0 70.445
1089.0 70.351
1090.0 70.334
1091.0 70.28
1092.0 70.372999
1093.0 70.315
1094.0 70.250999
1095.0 70.225
1096.0 70.198
1097.0 70.179
1098.0 70.199999
1099.0 70.113
1100.0 70.103
