190.0 0.11
191.0 0.085999
192.0 0.084
193.0 0.069999
194.0 0.062
195.0 0.075
196.0 0.055999
197.0 0.048
198.0 0.036
199.0 0.045
200.0 0.027
201.0 0.05
202.0 0.051
203.0 0.057
204.0 0.033
205.0 0.036
206.0 0.031
207.0 0.025
208.0 0.029
209.0 0.017
210.0 0.026
211.0 0.034
212.0 0.033
213.0 0.034
214.0 0.036
215.0 0.029
216.0 0.032
217.0 0.023
218.0 0.035
219.0 0.052
220.0 0.024
221.0 0.029
222.0 0.036
223.0 0.031
224.0 0.02
225.0 0.033
226.0 0.037
227.0 0.03
228.0 0.022
229.0 0.014
230.0 0.006999
231.0 0.024
232.0 0.025
233.0 0.021
234.0 0.029
235.0 0.042
236.0 0.018
237.0 0.028
238.0 0.021
239.0 0.015
240.0 0.026
241.0 0.013
242.0 0.026
243.0 0.03
244.0 0.004
245.0 0.027
246.0 0.015
247.0 0.012
248.0 0.025
249.0 0.033
250.0 0.024
251.0 0.054
252.0 0.026
253.0 0.035
254.0 0.022
255.0 0.027
256.0 0.028
257.0 0.037
258.0 0.031
259.0 0.054
260.0 0.046
261.0 0.012
262.0 0.038
263.0 0.036
264.0 0.034
265.0 0.03
266.0 0.044
267.0 0.063
268.0 0.018
269.0 0.035
270.0 0.044
271.0 0.031
272.0 0.031
273.0 0.036
274.0 0.035
275.0 0.068
276.0 0.033
277.0 0.049
278.0 0.023
279.0 0.071
280.0 0.037
281.0 0.055
282.0 0.041
283.0 0.072
284.0 0.053
285.0 0.064
286.0 0.047
287.0 0.039
288.0 0.031
289.0 0.072
290.0 0.069999
291.0 0.080999
292.0 0.038
293.0 0.068
294.0 0.05
295.0 0.043
296.0 0.04
297.0 0.028
298.0 0.063
299.0 0.054
300.0 0.063
301.0 0.043
302.0 0.041
303.0 0.058
304.0 0.067
305.0 0.065
306.0 0.048
307.0 0.082
308.0 0.041
309.0 0.055999
310.0 0.048
311.0 0.057
312.0 0.079
313.0 0.037
314.0 0.048
315.0 0.121
316.0 0.068
317.0 0.063
318.0 0.046
319.0 0.038
320.0 0.094
321.0 0.042
322.0 0.057
323.0 0.096
324.0 0.057
325.0 0.059
326.0 0.045
327.0 0.176
328.0 0.203
329.0 0.203
330.0 0.181
331.0 0.196
332.0 0.151
333.0 0.173
334.0 0.146
335.0 0.15
336.0 0.151
337.0 0.139
338.0 0.145
339.0 0.158
340.0 0.126
341.0 0.13
342.0 0.143
343.0 0.136
344.0 0.121
345.0 0.126
346.0 0.126
347.0 0.143
348.0 0.134
349.0 0.126
350.0 0.14
351.0 0.13
352.0 0.156
353.0 0.172
354.0 0.202
355.0 0.25
356.0 0.293
357.0 0.389
358.0 0.518
359.0 0.701
360.0 0.965
361.0 1.326
362.0 1.795
363.0 2.436
364.0 3.25
365.0 4.306999
366.0 5.59
367.0 7.158
368.0 8.992
369.0 11.068
370.0 13.328
371.0 15.737
372.0 18.224
373.0 20.732
374.0 23.175
375.0 25.594
376.0 27.93
377.0 30.215
378.0 32.481
379.0 34.777
380.0 37.059
381.0 39.411
382.0 41.768
383.0 44.188
384.0 46.541
385.0 48.7
386.0 50.686
387.0 52.452
388.0 54.01
389.0 55.349
390.0 56.464
391.0 57.349
392.0 58.048
393.0 58.599999
394.0 59.047
395.0 59.404999
396.0 59.742
397.0 60.048
398.0 60.386
399.0 60.77
400.0 61.216
401.0 61.757
402.0 62.357
403.0 63.066999
404.0 63.877
405.0 64.729
406.0 65.656
407.0 66.633
408.0 67.625999
409.0 68.625
410.0 69.637
411.0 70.604
412.0 71.52
413.0 72.367999
414.0 73.136
415.0 73.774
416.0 74.304999
417.0 74.726
418.0 75.002
419.0 75.209
420.0 75.249
421.0 75.271
422.0 75.113
423.0 74.934
424.0 74.657
425.0 74.322999
426.0 73.943
427.0 73.544
428.0 73.145
429.0 72.765
430.0 72.366
431.0 71.985
432.0 71.675
433.0 71.402
434.0 71.186
435.0 71.023
436.0 70.92
437.0 70.913
438.0 70.965999
439.0 71.055
440.0 71.214999
441.0 71.461
442.0 71.788
443.0 72.146999
444.0 72.565
445.0 73.042
446.0 73.560999
447.0 74.098
448.0 74.668
449.0 75.236999
450.0 75.83
451.0 76.413
452.0 76.99
453.0 77.581999
454.0 78.125999
455.0 78.631
456.0 79.113
457.0 79.562
458.0 79.955
459.0 80.289999
460.0 80.552
461.0 80.779
462.0 80.914
463.0 81.026
464.0 81.054
465.0 81.018
466.0 80.95
467.0 80.806
468.0 80.616
469.0 80.407
470.0 80.179999
471.0 79.875
472.0 79.535
473.0 79.203
474.0 78.833
475.0 78.474999
476.0 78.121
477.0 77.714
478.0 77.364
479.0 77.003999
480.0 76.657
481.0 76.322999
482.0 76.015999
483.0 75.743
484.0 75.48
485.0 75.242
486.0 75.038
487.0 74.869
488.0 74.758
489.0 74.661999
490.0 74.582
491.0 74.539999
492.0 74.572
493.0 74.605999
494.0 74.697
495.0 74.814
496.0 74.961
497.0 75.146
498.0 75.358999
499.0 75.599
500.0 75.89
501.0 76.188
502.0 76.486
503.0 76.831999
504.0 77.238
505.0 77.577
506.0 77.986999
507.0 78.369999
508.0 78.783999
509.0 79.195
510.0 79.621
511.0 80.029
512.0 80.434
513.0 80.837
514.0 81.222
515.0 81.602
516.0 81.971999
517.0 82.309
518.0 82.622
519.0 82.938999
520.0 83.202
521.0 83.434
522.0 83.658
523.0 83.852999
524.0 83.997999
525.0 84.128
526.0 84.206999
527.0 84.296
528.0 84.303
529.0 84.301999
530.0 84.285
531.0 84.233999
532.0 84.122
533.0 84.008
534.0 83.872999
535.0 83.709
536.0 83.508
537.0 83.304999
538.0 83.076
539.0 82.840999
540.0 82.569999
541.0 82.328999
542.0 82.041
543.0 81.752
544.0 81.447
545.0 81.147
546.0 80.828999
547.0 80.532
548.0 80.25
549.0 79.938
550.0 79.645
551.0 79.363
552.0 79.083
553.0 78.825999
554.0 78.559
555.0 78.321
556.0 78.081
557.0 77.878
558.0 77.693
559.0 77.462
560.0 77.324
561.0 77.159
562.0 77.022
563.0 76.905999
564.0 76.814
565.0 76.734
566.0 76.67
567.0 76.614
568.0 76.602
569.0 76.586
570.0 76.617
571.0 76.648
572.0 76.668
573.0 76.744
574.0 76.822
575.0 76.923
576.0 77.032
577.0 77.175
578.0 77.312
579.0 77.467
580.0 77.647
581.0 77.849
582.0 78.038
583.0 78.251
584.0 78.482
585.0 78.726
586.0 78.97
587.0 79.227
588.0 79.499
589.0 79.779
590.0 80.049
591.0 80.337999
592.0 80.62
593.0 80.928
594.0 81.203
595.0 81.501
596.0 81.795
597.0 82.075
598.0 82.352999
599.0 82.639
600.0 82.895
601.0 83.166
602.0 83.431
603.0 83.677
604.0 83.922
605.0 84.145
606.0 84.375
607.0 84.568
608.0 84.769
609.0 84.958999
610.0 85.124
611.0 85.277
612.0 85.413
613.0 85.533999
614.0 85.648
615.0 85.761
616.0 85.83
617.0 85.895
618.0 85.938
619.0 85.96
620.0 86.005
621.0 85.999
622.0 85.968
623.0 85.945
624.0 85.895
625.0 85.854
626.0 85.768
627.0 85.687
628.0 85.599
629.0 85.486999
630.0 85.369
631.0 85.24
632.0 85.084999
633.0 84.938999
634.0 84.758
635.0 84.594
636.0 84.396
637.0 84.217
638.0 84.031
639.0 83.824
640.0 83.608999
641.0 83.396
642.0 83.198
643.0 82.98
644.0 82.747
645.0 82.532
646.0 82.292
647.0 82.067
648.0 81.849
649.0 81.624
650.0 81.395
651.0 81.184
652.0 80.95
653.0 80.75
654.0 80.541
655.0 80.327
656.0 80.122
657.0 79.928
658.0 79.73
659.0 79.569
660.0 79.375
661.0 79.191
662.0 78.999
663.0 78.842999
664.0 78.688
665.0 78.536
666.0 78.393999
667.0 78.267
668.0 78.135
669.0 78.015999
670.0 77.905999
671.0 77.795
672.0 77.714
673.0 77.612
674.0 77.545
675.0 77.459
676.0 77.412
677.0 77.344
678.0 77.31
679.0 77.28
680.0 77.242
681.0 77.236999
682.0 77.226
683.0 77.209
684.0 77.218
685.0 77.219
686.0 77.253
687.0 77.283999
688.0 77.319
689.0 77.358999
690.0 77.397
691.0 77.476
692.0 77.539
693.0 77.608999
694.0 77.669999
695.0 77.78
696.0 77.871
697.0 77.968
698.0 78.069999
699.0 78.191
700.0 78.297
701.0 78.426
702.0 78.547
703.0 78.668
704.0 78.809
705.0 78.951
706.0 79.088
707.0 79.232
708.0 79.379
709.0 79.562
710.0 79.71
711.0 79.849999
712.0 80.023
713.0 80.195
714.0 80.357999
715.0 80.503999
716.0 80.702
717.0 80.848
718.0 81.026
719.0 81.194
720.0 81.347
721.0 81.530999
722.0 81.694999
723.0 81.867999
724.0 82.017
725.0 82.197
726.0 82.340999
727.0 82.516
728.0 82.678
729.0 82.842
730.0 82.979
731.0 83.133
732.0 83.292
733.0 83.413
734.0 83.553
735.0 83.703
736.0 83.816999
737.0 83.948
738.0 84.071
739.0 84.187
740.0 84.296
741.0 84.397
742.0 84.512
743.0 84.59
744.0 84.685999
745.0 84.757
746.0 84.843
747.0 84.916
748.0 84.968999
749.0 85.042
750.0 85.094
751.0 85.136
752.0 85.178
753.0 85.213
754.0 85.235
755.0 85.252
756.0 85.273
757.0 85.283
758.0 85.277
759.0 85.289999
760.0 85.253
761.0 85.255
762.0 85.216
763.0 85.175
764.0 85.155999
765.0 85.095
766.0 85.053
767.0 84.980999
768.0 84.922
769.0 84.852999
770.0 84.769
771.0 84.706999
772.0 84.633
773.0 84.57
774.0 84.48
775.0 84.394
776.0 84.309
777.0 84.214999
778.0 84.123
779.0 84.023
780.0 83.93
781.0 83.825
782.0 83.697
783.0 83.547
784.0 83.393
785.0 83.282
786.0 83.15
787.0 83.029
788.0 82.906
789.0 82.75
790.0 82.631
791.0 82.474
792.0 82.325999
793.0 82.203
794.0 82.048
795.0 81.879
796.0 81.73
797.0 81.593
798.0 81.435
799.0 81.298
800.0 81.167
801.0 81.006999
802.0 80.869
803.0 80.713
804.0 80.559
805.0 80.41
806.0 80.279
807.0 80.138
808.0 79.978
809.0 79.855
810.0 79.714
811.0 79.573
812.0 79.43
813.0 79.310999
814.0 79.157
815.0 79.022
816.0 78.873
817.0 78.766
818.0 78.648
819.0 78.521
820.0 78.399
821.0 78.282
822.0 78.169
823.0 78.041
824.0 77.932
825.0 77.828
826.0 77.727999
827.0 77.607
828.0 77.514
829.0 77.429999
830.0 77.321
831.0 77.215
832.0 77.139
833.0 77.036
834.0 76.971
835.0 76.878999
836.0 76.801
837.0 76.723
838.0 76.648
839.0 76.578999
840.0 76.512
841.0 76.459
842.0 76.405
843.0 76.331
844.0 76.266
845.0 76.224
846.0 76.19
847.0 76.146
848.0 76.111999
849.0 76.065
850.0 76.031
851.0 75.999
852.0 75.975
853.0 75.944
854.0 75.932999
855.0 75.928
856.0 75.897
857.0 75.898
858.0 75.878
859.0 75.877
860.0 75.884
861.0 75.866999
862.0 75.881
863.0 75.876
864.0 75.899
865.0 75.897
866.0 75.936
867.0 75.947
868.0 75.971
869.0 76.000999
870.0 76.012
871.0 76.063
872.0 76.086
873.0 76.125
874.0 76.149
875.0 76.217
876.0 76.239
877.0 76.271
878.0 76.327
879.0 76.389
880.0 76.429999
881.0 76.491
882.0 76.53
883.0 76.624
884.0 76.659
885.0 76.747
886.0 76.817
887.0 76.905999
888.0 76.966
889.0 77.031
890.0 77.108
891.0 77.178
892.0 77.259999
893.0 77.325999
894.0 77.416
895.0 77.507
896.0 77.581999
897.0 77.659
898.0 77.746
899.0 77.814
900.0 77.908
901.0 78.009
902.0 78.078
903.0 78.171
904.0 78.266
905.0 78.339
906.0 78.423
907.0 78.501
908.0 78.593999
909.0 78.686
910.0 78.777
911.0 78.861
912.0 78.946
913.0 79.027999
914.0 79.125
915.0 79.212999
916.0 79.301
917.0 79.393999
918.0 79.486
919.0 79.595
920.0 79.687
921.0 79.784
922.0 79.869
923.0 79.959
924.0 80.06
925.0 80.152
926.0 80.235
927.0 80.340999
928.0 80.416
929.0 80.532
930.0 80.617
931.0 80.717
932.0 80.804
933.0 80.899
934.0 80.979999
935.0 81.076
936.0 81.164
937.0 81.256
938.0 81.333999
939.0 81.418
940.0 81.502
941.0 81.592
942.0 81.664999
943.0 81.733
944.0 81.828
945.0 81.908
946.0 81.977999
947.0 82.053
948.0 82.126
949.0 82.206
950.0 82.247
951.0 82.339
952.0 82.361999
953.0 82.422
954.0 82.482999
955.0 82.55
956.0 82.607
957.0 82.674
958.0 82.728
959.0 82.738999
960.0 82.793
961.0 82.852999
962.0 82.937
963.0 82.982999
964.0 83.041
965.0 83.079
966.0 83.13
967.0 83.148
968.0 83.181
969.0 83.230999
970.0 83.250999
971.0 83.295
972.0 83.309
973.0 83.328999
974.0 83.381
975.0 83.392
976.0 83.402
977.0 83.425
978.0 83.435999
979.0 83.469
980.0 83.458
981.0 83.486
982.0 83.482
983.0 83.508
984.0 83.508
985.0 83.519
986.0 83.516
987.0 83.509
988.0 83.503
989.0 83.496
990.0 83.504
991.0 83.485
992.0 83.474
993.0 83.446
994.0 83.458
995.0 83.411
996.0 83.421
997.0 83.396
998.0 83.362
999.0 83.318
1000.0 83.331999
1001.0 83.287
1002.0 83.22
1003.0 83.214
1004.0 83.191999
1005.0 83.145
1006.0 83.108999
1007.0 83.068
1008.0 83.047
1009.0 82.994999
1010.0 82.962999
1011.0 82.905
1012.0 82.874
1013.0 82.823
1014.0 82.777999
1015.0 82.729
1016.0 82.682
1017.0 82.634
1018.0 82.568
1019.0 82.518999
1020.0 82.476
1021.0 82.411999
1022.0 82.351
1023.0 82.313999
1024.0 82.218999
1025.0 82.174
1026.0 82.148
1027.0 82.049
1028.0 81.976
1029.0 81.923
1030.0 81.849999
1031.0 81.759
1032.0 81.699999
1033.0 81.624
1034.0 81.572999
1035.0 81.506
1036.0 81.457
1037.0 81.387
1038.0 81.316999
1039.0 81.274999
1040.0 81.172
1041.0 81.164
1042.0 81.037
1043.0 80.989999
1044.0 80.927
1045.0 80.827
1046.0 80.761
1047.0 80.686
1048.0 80.637
1049.0 80.569999
1050.0 80.483999
1051.0 80.394
1052.0 80.335
1053.0 80.256
1054.0 80.113999
1055.0 80.084999
1056.0 80.001
1057.0 79.92
1058.0 79.879
1059.0 79.83
1060.0 79.774999
1061.0 79.715
1062.0 79.574999
1063.0 79.518999
1064.0 79.467
1065.0 79.363
1066.0 79.327
1067.0 79.233
1068.0 79.158
1069.0 79.104
1070.0 79.066999
1071.0 78.989
1072.0 78.908
1073.0 78.817
1074.0 78.734
1075.0 78.661
1076.0 78.566999
1077.0 78.536
1078.0 78.491999
1079.0 78.47
1080.0 78.375
1081.0 78.286999
1082.0 78.29
1083.0 78.133
1084.0 78.049
1085.0 78.038
1086.0 77.959999
1087.0 77.923
1088.0 77.849
1089.0 77.789
1090.0 77.77
1091.0 77.699
1092.0 77.643
1093.0 77.515999
1094.0 77.483999
1095.0 77.455
1096.0 77.356
1097.0 77.381
1098.0 77.291
1099.0 77.252
1100.0 77.154
