190.0 0.129
191.0 0.133
192.0 0.049
193.0 0.089
194.0 0.091
195.0 0.08
196.0 0.05
197.0 0.038
198.0 0.061
199.0 0.045
200.0 0.049
201.0 0.032
202.0 0.036
203.0 0.039
204.0 0.024
205.0 0.041
206.0 0.021
207.0 0.036
208.0 0.03
209.0 0.047
210.0 0.035
211.0 0.058
212.0 0.025
213.0 0.036
214.0 0.031
215.0 0.038
216.0 0.035
217.0 0.021
218.0 0.047
219.0 0.051
220.0 0.025
221.0 0.033
222.0 0.037
223.0 0.03
224.0 0.041
225.0 0.033
226.0 0.023
227.0 0.05
228.0 0.011
229.0 0.034
230.0 0.028
231.0 0.02
232.0 0.032
233.0 0.023
234.0 0.035
235.0 0.026
236.0 0.026
237.0 0.025
238.0 0.025
239.0 0.027
240.0 0.022
241.0 0.019
242.0 0.017
243.0 0.046
244.0 0.022
245.0 0.03
246.0 0.028
247.0 0.033
248.0 0.028
249.0 0.027
250.0 0.035
251.0 0.05
252.0 0.025
253.0 0.031
254.0 0.031
255.0 0.015
256.0 0.034
257.0 0.035
258.0 0.045
259.0 0.041
260.0 0.036
261.0 0.029
262.0 0.041
263.0 0.034
264.0 0.04
265.0 0.048
266.0 0.032
267.0 0.063
268.0 0.053
269.0 0.037
270.0 0.055
271.0 0.057
272.0 0.048
273.0 0.048
274.0 0.06
275.0 0.084999
276.0 0.049
277.0 0.053
278.0 0.04
279.0 0.052
280.0 0.049
281.0 0.038
282.0 0.059
283.0 0.064
284.0 0.043
285.0 0.06
286.0 0.062
287.0 0.045
288.0 0.03
289.0 0.047
290.0 0.066
291.0 0.082
292.0 0.045
293.0 0.064
294.0 0.045
295.0 0.05
296.0 0.051
297.0 0.05
298.0 0.052
299.0 0.059
300.0 0.03
301.0 0.045
302.0 0.051
303.0 0.03
304.0 0.065
305.0 0.035
306.0 0.066
307.0 0.066
308.0 0.053
309.0 0.065
310.0 0.051
311.0 0.038
312.0 0.05
313.0 0.033
314.0 0.066
315.0 0.078
316.0 0.072
317.0 0.066
318.0 0.05
319.0 0.065
320.0 0.028
321.0 0.063
322.0 0.082
323.0 0.097
324.0 0.026
325.0 0.101
326.0 0.075
327.0 0.071
328.0 0.061
329.0 0.058
330.0 0.044
331.0 0.063
332.0 0.064
333.0 0.059
334.0 0.044
335.0 0.055
336.0 0.037
337.0 0.049
338.0 0.049
339.0 0.067
340.0 0.04
341.0 0.043
342.0 0.036
343.0 0.046
344.0 0.051
345.0 0.037
346.0 0.055
347.0 0.057
348.0 0.048
349.0 0.043
350.0 0.066
351.0 0.063
352.0 0.089
353.0 0.113
354.0 0.151
355.0 0.209
356.0 0.279
357.0 0.393
358.0 0.557999
359.0 0.777
360.0 1.097
361.0 1.522
362.0 2.083
363.0 2.827
364.0 3.768
365.0 4.932
366.0 6.378
367.0 8.090999
368.0 10.091
369.0 12.323
370.0 14.691
371.0 17.168
372.0 19.618
373.0 22.052
374.0 24.393
375.0 26.635
376.0 28.819
377.0 30.993
378.0 33.217
379.0 35.465999
380.0 37.791999
381.0 40.211
382.0 42.681
383.0 45.32
384.0 47.915
385.0 50.233
386.0 52.373
387.0 54.248
388.0 55.823
389.0 57.08
390.0 58.052
391.0 58.749
392.0 59.181
393.0 59.465
394.0 59.601
395.0 59.673
396.0 59.761
397.0 59.861
398.0 60.029
399.0 60.266
400.0 60.614
401.0 61.09
402.0 61.675
403.0 62.405999
404.0 63.239
405.0 64.185999
406.0 65.238
407.0 66.361999
408.0 67.544
409.0 68.732
410.0 69.943
411.0 71.116
412.0 72.264
413.0 73.309
414.0 74.27
415.0 75.097
416.0 75.762
417.0 76.255
418.0 76.613
419.0 76.791
420.0 76.829
421.0 76.695
422.0 76.436
423.0 76.082
424.0 75.639
425.0 75.117999
426.0 74.568
427.0 73.961
428.0 73.389
429.0 72.81
430.0 72.246
431.0 71.765999
432.0 71.316
433.0 70.923999
434.0 70.611
435.0 70.372
436.0 70.238
437.0 70.14
438.0 70.146
439.0 70.26
440.0 70.413
441.0 70.676
442.0 71.012
443.0 71.431
444.0 71.896
445.0 72.402
446.0 73.009999
447.0 73.626
448.0 74.294
449.0 74.977999
450.0 75.679
451.0 76.393999
452.0 77.097
453.0 77.786
454.0 78.489
455.0 79.133
456.0 79.734
457.0 80.277
458.0 80.784
459.0 81.208
460.0 81.566
461.0 81.839
462.0 82.037
463.0 82.174
464.0 82.218999
465.0 82.188
466.0 82.063
467.0 81.913
468.0 81.655
469.0 81.363
470.0 81.056
471.0 80.676
472.0 80.244
473.0 79.798
474.0 79.321
475.0 78.822
476.0 78.356
477.0 77.873
478.0 77.425
479.0 76.958
480.0 76.518
481.0 76.125
482.0 75.726
483.0 75.366999
484.0 75.047
485.0 74.739
486.0 74.502
487.0 74.276
488.0 74.095999
489.0 73.991
490.0 73.898
491.0 73.851999
492.0 73.842
493.0 73.861
494.0 73.968999
495.0 74.097
496.0 74.268999
497.0 74.468999
498.0 74.687
499.0 74.977999
500.0 75.265
501.0 75.608
502.0 75.971
503.0 76.368
504.0 76.775
505.0 77.205
506.0 77.63
507.0 78.108
508.0 78.589
509.0 79.064
510.0 79.554
511.0 80.030999
512.0 80.51
513.0 80.994
514.0 81.455999
515.0 81.896
516.0 82.349999
517.0 82.761
518.0 83.131999
519.0 83.494999
520.0 83.843999
521.0 84.152
522.0 84.422
523.0 84.658999
524.0 84.828
525.0 85.007
526.0 85.128
527.0 85.208
528.0 85.229999
529.0 85.24
530.0 85.209999
531.0 85.137
532.0 85.033
533.0 84.892
534.0 84.716
535.0 84.511
536.0 84.292999
537.0 84.036
538.0 83.777
539.0 83.470999
540.0 83.17
541.0 82.848999
542.0 82.5
543.0 82.164
544.0 81.811
545.0 81.474
546.0 81.096999
547.0 80.733
548.0 80.366
549.0 80.03
550.0 79.688999
551.0 79.340999
552.0 79.046
553.0 78.711
554.0 78.414
555.0 78.134
556.0 77.868
557.0 77.619
558.0 77.357
559.0 77.156
560.0 76.958
561.0 76.773
562.0 76.634
563.0 76.476
564.0 76.37
565.0 76.268999
566.0 76.19
567.0 76.148
568.0 76.111999
569.0 76.090999
570.0 76.097
571.0 76.125
572.0 76.165
573.0 76.251
574.0 76.312
575.0 76.409
576.0 76.533
577.0 76.671
578.0 76.837
579.0 77.000999
580.0 77.212999
581.0 77.398
582.0 77.628
583.0 77.852
584.0 78.098
585.0 78.367
586.0 78.644
587.0 78.918
588.0 79.227999
589.0 79.52
590.0 79.852999
591.0 80.16
592.0 80.486999
593.0 80.803
594.0 81.138
595.0 81.459999
596.0 81.786
597.0 82.113
598.0 82.434
599.0 82.753
600.0 83.05
601.0 83.367
602.0 83.649
603.0 83.943
604.0 84.217
605.0 84.479
606.0 84.738
607.0 84.984
608.0 85.202999
609.0 85.431
610.0 85.611
611.0 85.795999
612.0 85.961
613.0 86.116
614.0 86.251
615.0 86.363
616.0 86.465999
617.0 86.545
618.0 86.602999
619.0 86.625
620.0 86.66
621.0 86.670999
622.0 86.64
623.0 86.625
624.0 86.578
625.0 86.512
626.0 86.437
627.0 86.325
628.0 86.211
629.0 86.099999
630.0 85.971
631.0 85.814
632.0 85.642
633.0 85.459
634.0 85.284
635.0 85.087999
636.0 84.871
637.0 84.670999
638.0 84.43
639.0 84.214999
640.0 83.989
641.0 83.74
642.0 83.501
643.0 83.26
644.0 83.018
645.0 82.759
646.0 82.489999
647.0 82.255
648.0 82.0
649.0 81.745
650.0 81.496
651.0 81.254
652.0 81.012
653.0 80.759
654.0 80.52
655.0 80.292
656.0 80.091
657.0 79.857
658.0 79.640999
659.0 79.444
660.0 79.236999
661.0 79.042999
662.0 78.848
663.0 78.671
664.0 78.492999
665.0 78.310999
666.0 78.146
667.0 78.025
668.0 77.877
669.0 77.753
670.0 77.622999
671.0 77.522
672.0 77.417999
673.0 77.306
674.0 77.227999
675.0 77.144
676.0 77.095
677.0 77.014
678.0 76.974
679.0 76.941999
680.0 76.884
681.0 76.846
682.0 76.837999
683.0 76.841
684.0 76.856
685.0 76.878
686.0 76.905
687.0 76.944
688.0 76.968999
689.0 77.023
690.0 77.081999
691.0 77.143
692.0 77.200999
693.0 77.292
694.0 77.391
695.0 77.471999
696.0 77.581
697.0 77.685999
698.0 77.809
699.0 77.915
700.0 78.042999
701.0 78.178
702.0 78.313999
703.0 78.468
704.0 78.605
705.0 78.767
706.0 78.925
707.0 79.090999
708.0 79.242
709.0 79.419
710.0 79.583
711.0 79.771999
712.0 79.951
713.0 80.122
714.0 80.306
715.0 80.485
716.0 80.671
717.0 80.849
718.0 81.038
719.0 81.225
720.0 81.41
721.0 81.596
722.0 81.788
723.0 81.97
724.0 82.162
725.0 82.349999
726.0 82.506999
727.0 82.721999
728.0 82.874
729.0 83.055
730.0 83.233999
731.0 83.381
732.0 83.560999
733.0 83.713
734.0 83.867999
735.0 84.008
736.0 84.167
737.0 84.306
738.0 84.453
739.0 84.584
740.0 84.709999
741.0 84.834
742.0 84.946
743.0 85.03
744.0 85.137
745.0 85.259
746.0 85.346
747.0 85.413
748.0 85.5
749.0 85.555
750.0 85.626
751.0 85.666
752.0 85.718
753.0 85.747
754.0 85.807
755.0 85.823
756.0 85.851
757.0 85.861
758.0 85.867999
759.0 85.875999
760.0 85.863999
761.0 85.840999
762.0 85.826
763.0 85.777
764.0 85.741
765.0 85.709999
766.0 85.654
767.0 85.574
768.0 85.496
769.0 85.436
770.0 85.335
771.0 85.284
772.0 85.175
773.0 85.096
774.0 85.021
775.0 84.924
776.0 84.831999
777.0 84.73
778.0 84.626
779.0 84.518
780.0 84.414
781.0 84.274
782.0 84.143
783.0 83.996
784.0 83.854
785.0 83.705
786.0 83.548999
787.0 83.407
788.0 83.258
789.0 83.111999
790.0 82.985
791.0 82.824
792.0 82.67
793.0 82.501
794.0 82.342
795.0 82.167999
796.0 82.008
797.0 81.833999
798.0 81.698
799.0 81.51
800.0 81.355
801.0 81.21
802.0 81.039
803.0 80.907
804.0 80.739
805.0 80.574
806.0 80.415
807.0 80.278
808.0 80.105999
809.0 79.974999
810.0 79.809
811.0 79.652
812.0 79.536
813.0 79.367
814.0 79.215999
815.0 79.088
816.0 78.94
817.0 78.798
818.0 78.674
819.0 78.525
820.0 78.403
821.0 78.278
822.0 78.159
823.0 78.027999
824.0 77.908
825.0 77.786
826.0 77.68
827.0 77.563999
828.0 77.456
829.0 77.342
830.0 77.255
831.0 77.161
832.0 77.06
833.0 76.955
834.0 76.877
835.0 76.787
836.0 76.702
837.0 76.624
838.0 76.551999
839.0 76.480999
840.0 76.405
841.0 76.352
842.0 76.282
843.0 76.231
844.0 76.163
845.0 76.113
846.0 76.063
847.0 76.026
848.0 75.967
849.0 75.949
850.0 75.912
851.0 75.864
852.0 75.836
853.0 75.825
854.0 75.798
855.0 75.783
856.0 75.78
857.0 75.743
858.0 75.744
859.0 75.739999
860.0 75.739999
861.0 75.743
862.0 75.741
863.0 75.754
864.0 75.776
865.0 75.771
866.0 75.795
867.0 75.815
868.0 75.836
869.0 75.866999
870.0 75.886
871.0 75.925
872.0 75.944999
873.0 75.991
874.0 76.017
875.0 76.063
876.0 76.122
877.0 76.163
878.0 76.22
879.0 76.275
880.0 76.307999
881.0 76.368
882.0 76.441999
883.0 76.492
884.0 76.559999
885.0 76.653
886.0 76.712999
887.0 76.803999
888.0 76.868
889.0 76.951
890.0 77.025
891.0 77.112
892.0 77.191
893.0 77.286999
894.0 77.369
895.0 77.441999
896.0 77.537
897.0 77.598999
898.0 77.698
899.0 77.786
900.0 77.86
901.0 77.968
902.0 78.06
903.0 78.142
904.0 78.253
905.0 78.358
906.0 78.446
907.0 78.539999
908.0 78.625999
909.0 78.724999
910.0 78.816
911.0 78.91
912.0 79.009
913.0 79.101999
914.0 79.215
915.0 79.313
916.0 79.408999
917.0 79.501
918.0 79.639
919.0 79.712999
920.0 79.829
921.0 79.925
922.0 80.032
923.0 80.121
924.0 80.239
925.0 80.328999
926.0 80.459
927.0 80.52
928.0 80.628999
929.0 80.750999
930.0 80.854
931.0 80.917
932.0 81.054999
933.0 81.132
934.0 81.249
935.0 81.325999
936.0 81.411
937.0 81.52
938.0 81.614
939.0 81.672
940.0 81.777999
941.0 81.872999
942.0 81.958
943.0 82.03
944.0 82.121
945.0 82.21
946.0 82.258
947.0 82.352
948.0 82.423999
949.0 82.512
950.0 82.584999
951.0 82.627
952.0 82.694
953.0 82.764
954.0 82.82
955.0 82.901
956.0 82.938999
957.0 83.008
958.0 83.064
959.0 83.142
960.0 83.216
961.0 83.267
962.0 83.295
963.0 83.379
964.0 83.398
965.0 83.444
966.0 83.476
967.0 83.517
968.0 83.551
969.0 83.603
970.0 83.64
971.0 83.675
972.0 83.696
973.0 83.733
974.0 83.711
975.0 83.75
976.0 83.777999
977.0 83.791
978.0 83.8
979.0 83.799
980.0 83.838
981.0 83.846
982.0 83.864
983.0 83.886
984.0 83.906
985.0 83.881
986.0 83.898
987.0 83.883
988.0 83.883
989.0 83.878
990.0 83.842
991.0 83.857
992.0 83.836999
993.0 83.811
994.0 83.813999
995.0 83.786
996.0 83.773
997.0 83.729
998.0 83.691
999.0 83.641
1000.0 83.631
1001.0 83.592999
1002.0 83.545
1003.0 83.509999
1004.0 83.508
1005.0 83.473
1006.0 83.413
1007.0 83.379
1008.0 83.362
1009.0 83.291
1010.0 83.242999
1011.0 83.205
1012.0 83.142
1013.0 83.084
1014.0 83.06
1015.0 82.984
1016.0 82.928
1017.0 82.887
1018.0 82.835
1019.0 82.765999
1020.0 82.712
1021.0 82.682
1022.0 82.578
1023.0 82.533
1024.0 82.443
1025.0 82.371
1026.0 82.31
1027.0 82.23
1028.0 82.177
1029.0 82.092
1030.0 82.052
1031.0 81.962999
1032.0 81.888
1033.0 81.847
1034.0 81.777999
1035.0 81.691999
1036.0 81.622
1037.0 81.536
1038.0 81.474999
1039.0 81.402
1040.0 81.319
1041.0 81.246
1042.0 81.16
1043.0 81.093999
1044.0 81.042
1045.0 80.937
1046.0 80.882
1047.0 80.801999
1048.0 80.71
1049.0 80.617999
1050.0 80.542
1051.0 80.471999
1052.0 80.411
1053.0 80.319
1054.0 80.215
1055.0 80.139
1056.0 80.054999
1057.0 80.041
1058.0 79.959
1059.0 79.879
1060.0 79.777
1061.0 79.708
1062.0 79.625
1063.0 79.578
1064.0 79.456999
1065.0 79.416
1066.0 79.334
1067.0 79.285
1068.0 79.137999
1069.0 79.057999
1070.0 79.025
1071.0 78.935
1072.0 78.869999
1073.0 78.789
1074.0 78.735999
1075.0 78.656
1076.0 78.61
1077.0 78.464
1078.0 78.513
1079.0 78.379
1080.0 78.315
1081.0 78.262
1082.0 78.23
1083.0 78.187
1084.0 78.069999
1085.0 78.005
1086.0 77.893
1087.0 77.851
1088.0 77.797
1089.0 77.753
1090.0 77.656
1091.0 77.601
1092.0 77.574
1093.0 77.467
1094.0 77.389
1095.0 77.388
1096.0 77.254
1097.0 77.252
1098.0 77.199
1099.0 77.220999
1100.0 77.105999
