190.0 0.032
191.0 0.021
192.0 0.011
193.0 0.016
194.0 0.022
195.0 0.031
196.0 0.006
197.0 0.028
198.0 0.006
199.0 0.019
200.0 0.006
201.0 0.005
202.0 0.016
203.0 0.022
204.0 0.012
205.0 0.004
206.0 0.011
207.0 0.01
208.0 0.015
209.0 0.006
210.0 0.01
211.0 0.026
212.0 0.012
213.0 0.014
214.0 0.006
215.0 0.006
216.0 0.009
217.0 0.006999
218.0 0.014
219.0 0.019
220.0 0.005
221.0 0.012
222.0 0.006
223.0 0.001
224.0 0.006
225.0 0.006999
226.0 0.01
227.0 0.022
228.0 0.01
229.0 0.005
230.0 0.01
231.0 0.006
232.0 0.008
233.0 0.003
234.0 0.011
235.0 0.015
236.0 0.01
237.0 0.005
238.0 0.006999
239.0 0.012
240.0 0.012
241.0 0.008
242.0 0.012
243.0 0.02
244.0 0.015
245.0 0.015
246.0 0.001
247.0 0.009
248.0 0.01
249.0 0.006999
250.0 0.003
251.0 0.025
252.0 0.005
253.0 0.008
254.0 0.008
255.0 0.01
256.0 0.008
257.0 0.014
258.0 0.006
259.0 0.025
260.0 0.015
261.0 0.004
262.0 0.008
263.0 0.015
264.0 0.006999
265.0 0.016
266.0 0.014
267.0 0.04
268.0 0.011
269.0 0.011
270.0 0.017
271.0 0.017
272.0 0.01
273.0 0.016
274.0 0.021
275.0 0.035
276.0 0.02
277.0 0.005
278.0 0.025
279.0 0.009
280.0 -0.003
281.0 0.006999
282.0 0.023
283.0 0.023
284.0 0.026
285.0 0.016
286.0 0.017
287.0 0.016
288.0 0.012
289.0 0.017
290.0 0.019
291.0 0.034
292.0 0.019
293.0 0.006999
294.0 0.023
295.0 0.015
296.0 0.013
297.0 0.01
298.0 0.014
299.0 0.036
300.0 0.008
301.0 0.014
302.0 0.021
303.0 0.022
304.0 0.024
305.0 0.021
306.0 0.015
307.0 0.046
308.0 0.017
309.0 0.019
310.0 0.01
311.0 0.009
312.0 0.018
313.0 0.013
314.0 0.023
315.0 0.039
316.0 0.028
317.0 0.015
318.0 0.026
319.0 0.018
320.0 0.009
321.0 0.029
322.0 0.034
323.0 0.049
324.0 0.035
325.0 0.031
326.0 0.023
327.0 0.059
328.0 0.071
329.0 0.073
330.0 0.048
331.0 0.08
332.0 0.055999
333.0 0.059
334.0 0.057
335.0 0.046
336.0 0.053
337.0 0.045
338.0 0.055
339.0 0.06
340.0 0.049
341.0 0.044
342.0 0.054
343.0 0.057
344.0 0.049
345.0 0.055
346.0 0.063
347.0 0.072
348.0 0.084
349.0 0.104
350.0 0.129
351.0 0.177
352.0 0.231
353.0 0.311
354.0 0.419
355.0 0.571
356.0 0.761
357.0 1.032
358.0 1.378
359.0 1.827
360.0 2.396
361.0 3.1
362.0 3.975
363.0 5.029
364.0 6.264
365.0 7.725999
366.0 9.391
367.0 11.267
368.0 13.318
369.0 15.514
370.0 17.815
371.0 20.192
372.0 22.583
373.0 25.003
374.0 27.375
375.0 29.673
376.0 31.9
377.0 34.015
378.0 36.055
379.0 38.022
380.0 39.885
381.0 41.72
382.0 43.455
383.0 45.375
384.0 47.288999
385.0 48.932
386.0 50.504
387.0 52.008
388.0 53.453
389.0 54.818
390.0 56.122
391.0 57.35
392.0 58.516
393.0 59.623
394.0 60.633
395.0 61.59
396.0 62.477
397.0 63.303
398.0 64.058
399.0 64.749
400.0 65.395
401.0 66.006
402.0 66.565
403.0 67.072
404.0 67.569999
405.0 68.037
406.0 68.516
407.0 68.947
408.0 69.389
409.0 69.797
410.0 70.221999
411.0 70.637
412.0 71.06
413.0 71.480999
414.0 71.892
415.0 72.328999
416.0 72.768999
417.0 73.173
418.0 73.586
419.0 73.976
420.0 74.381
421.0 74.785
422.0 75.173
423.0 75.542
424.0 75.884
425.0 76.187
426.0 76.521
427.0 76.789
428.0 77.049
429.0 77.298999
430.0 77.526
431.0 77.724999
432.0 77.905
433.0 78.05
434.0 78.171
435.0 78.298999
436.0 78.402
437.0 78.497
438.0 78.55
439.0 78.608
440.0 78.683
441.0 78.735999
442.0 78.793
443.0 78.851
444.0 78.914
445.0 78.947999
446.0 79.017
447.0 79.086999
448.0 79.161
449.0 79.235999
450.0 79.322
451.0 79.414
452.0 79.515999
453.0 79.619
454.0 79.724999
455.0 79.855
456.0 80.005
457.0 80.124
458.0 80.274999
459.0 80.431
460.0 80.593999
461.0 80.766
462.0 80.943
463.0 81.123
464.0 81.298
465.0 81.502
466.0 81.721
467.0 81.893
468.0 82.077999
469.0 82.276
470.0 82.474999
471.0 82.663
472.0 82.845
473.0 83.009999
474.0 83.178
475.0 83.324
476.0 83.481
477.0 83.616
478.0 83.752
479.0 83.871
480.0 83.973
481.0 84.045999
482.0 84.125
483.0 84.184
484.0 84.236
485.0 84.298
486.0 84.316
487.0 84.346
488.0 84.345
489.0 84.331999
490.0 84.316
491.0 84.313999
492.0 84.284
493.0 84.265
494.0 84.216
495.0 84.187
496.0 84.127
497.0 84.101
498.0 84.052
499.0 84.027
500.0 83.964
501.0 83.942
502.0 83.897
503.0 83.852999
504.0 83.825
505.0 83.801
506.0 83.792
507.0 83.777
508.0 83.789
509.0 83.789
510.0 83.804999
511.0 83.828999
512.0 83.879
513.0 83.923999
514.0 83.967
515.0 84.033
516.0 84.111
517.0 84.178
518.0 84.289999
519.0 84.375
520.0 84.507
521.0 84.619999
522.0 84.753999
523.0 84.887
524.0 85.033999
525.0 85.181
526.0 85.324
527.0 85.485
528.0 85.656
529.0 85.785
530.0 85.972
531.0 86.149
532.0 86.328
533.0 86.494
534.0 86.656
535.0 86.816999
536.0 86.985999
537.0 87.156
538.0 87.297
539.0 87.436
540.0 87.575999
541.0 87.714
542.0 87.845
543.0 87.953
544.0 88.087
545.0 88.166
546.0 88.25
547.0 88.327999
548.0 88.41
549.0 88.459
550.0 88.488999
551.0 88.551999
552.0 88.557
553.0 88.589
554.0 88.569
555.0 88.583
556.0 88.597
557.0 88.566999
558.0 88.534
559.0 88.485
560.0 88.452
561.0 88.377
562.0 88.331
563.0 88.243
564.0 88.191
565.0 88.093
566.0 88.006
567.0 87.914
568.0 87.827999
569.0 87.705999
570.0 87.595
571.0 87.491
572.0 87.372
573.0 87.258
574.0 87.139
575.0 87.022
576.0 86.906
577.0 86.804999
578.0 86.676
579.0 86.560999
580.0 86.459
581.0 86.366
582.0 86.261
583.0 86.181
584.0 86.098
585.0 86.019
586.0 85.945
587.0 85.902999
588.0 85.85
589.0 85.824999
590.0 85.792
591.0 85.779
592.0 85.76
593.0 85.757
594.0 85.755
595.0 85.753
596.0 85.77
597.0 85.794
598.0 85.812999
599.0 85.831
600.0 85.872
601.0 85.911
602.0 85.964
603.0 86.007
604.0 86.078
605.0 86.148
606.0 86.211
607.0 86.299
608.0 86.378
609.0 86.489999
610.0 86.572999
611.0 86.666
612.0 86.791
613.0 86.894
614.0 86.995
615.0 87.126
616.0 87.249
617.0 87.372
618.0 87.497
619.0 87.622
620.0 87.748
621.0 87.884
622.0 88.011
623.0 88.157
624.0 88.295999
625.0 88.417
626.0 88.558
627.0 88.685
628.0 88.814
629.0 88.931
630.0 89.053
631.0 89.175
632.0 89.298999
633.0 89.397
634.0 89.508
635.0 89.6
636.0 89.703999
637.0 89.798
638.0 89.885
639.0 89.962
640.0 90.042999
641.0 90.114
642.0 90.173999
643.0 90.23
644.0 90.275
645.0 90.313
646.0 90.357
647.0 90.379
648.0 90.403
649.0 90.404
650.0 90.431
651.0 90.420999
652.0 90.413
653.0 90.408999
654.0 90.381
655.0 90.354999
656.0 90.322
657.0 90.285
658.0 90.219
659.0 90.191
660.0 90.133
661.0 90.074
662.0 89.988999
663.0 89.905
664.0 89.834
665.0 89.75
666.0 89.651
667.0 89.578
668.0 89.447
669.0 89.365
670.0 89.242999
671.0 89.157
672.0 89.045
673.0 88.931
674.0 88.819
675.0 88.682
676.0 88.55
677.0 88.449
678.0 88.322999
679.0 88.205
680.0 88.082
681.0 87.923
682.0 87.81
683.0 87.675
684.0 87.504
685.0 87.382
686.0 87.248
687.0 87.117999
688.0 87.012999
689.0 86.878999
690.0 86.762
691.0 86.646
692.0 86.531
693.0 86.429999
694.0 86.318
695.0 86.206
696.0 86.114999
697.0 86.017
698.0 85.902999
699.0 85.819999
700.0 85.729999
701.0 85.643
702.0 85.575
703.0 85.489
704.0 85.426
705.0 85.355999
706.0 85.277999
707.0 85.218
708.0 85.177
709.0 85.117
710.0 85.067
711.0 85.036
712.0 84.999
713.0 84.982
714.0 84.941
715.0 84.914
716.0 84.895
717.0 84.894
718.0 84.891
719.0 84.901
720.0 84.891
721.0 84.899
722.0 84.926999
723.0 84.946
724.0 84.962999
725.0 84.976
726.0 85.015
727.0 85.051
728.0 85.102
729.0 85.13
730.0 85.175
731.0 85.228
732.0 85.285
733.0 85.331999
734.0 85.397
735.0 85.465999
736.0 85.541
737.0 85.611
738.0 85.679
739.0 85.757
740.0 85.834999
741.0 85.938
742.0 86.007
743.0 86.083
744.0 86.158999
745.0 86.265
746.0 86.35
747.0 86.46
748.0 86.542
749.0 86.644
750.0 86.743
751.0 86.827
752.0 86.926999
753.0 87.019
754.0 87.121
755.0 87.216
756.0 87.322999
757.0 87.408
758.0 87.51
759.0 87.604
760.0 87.696
761.0 87.782
762.0 87.869
763.0 87.958
764.0 88.045
765.0 88.131
766.0 88.199
767.0 88.291
768.0 88.345
769.0 88.444
770.0 88.505
771.0 88.566
772.0 88.64
773.0 88.744999
774.0 88.815
775.0 88.895
776.0 88.968999
777.0 89.037
778.0 89.119
779.0 89.188999
780.0 89.236
781.0 89.25
782.0 89.278
783.0 89.286
784.0 89.292
785.0 89.306
786.0 89.317
787.0 89.349999
788.0 89.361
789.0 89.378
790.0 89.396
791.0 89.423
792.0 89.44
793.0 89.420999
794.0 89.426
795.0 89.42
796.0 89.404
797.0 89.383
798.0 89.357
799.0 89.352
800.0 89.334999
801.0 89.298999
802.0 89.264
803.0 89.219
804.0 89.176999
805.0 89.144
806.0 89.089
807.0 89.056
808.0 88.986
809.0 88.929
810.0 88.869
811.0 88.813
812.0 88.743
813.0 88.687
814.0 88.587
815.0 88.509
816.0 88.449
817.0 88.367999
818.0 88.28
819.0 88.209
820.0 88.11
821.0 88.031
822.0 87.939
823.0 87.834999
824.0 87.733999
825.0 87.652
826.0 87.546
827.0 87.453
828.0 87.339
829.0 87.236999
830.0 87.15
831.0 87.027
832.0 86.926999
833.0 86.819999
834.0 86.709
835.0 86.601
836.0 86.496
837.0 86.386
838.0 86.280999
839.0 86.172
840.0 86.063
841.0 85.938
842.0 85.818
843.0 85.724
844.0 85.614999
845.0 85.508
846.0 85.404
847.0 85.296
848.0 85.18
849.0 85.077
850.0 84.974999
851.0 84.873
852.0 84.775
853.0 84.655999
854.0 84.562
855.0 84.465
856.0 84.363999
857.0 84.264
858.0 84.172
859.0 84.072999
860.0 83.973
861.0 83.902
862.0 83.801
863.0 83.718
864.0 83.636
865.0 83.556
866.0 83.452
867.0 83.382
868.0 83.311
869.0 83.233
870.0 83.143999
871.0 83.077
872.0 82.998
873.0 82.931999
874.0 82.884
875.0 82.815
876.0 82.755
877.0 82.699999
878.0 82.637
879.0 82.574
880.0 82.517
881.0 82.462999
882.0 82.404
883.0 82.357
884.0 82.311
885.0 82.299
886.0 82.277
887.0 82.26
888.0 82.23
889.0 82.203
890.0 82.173
891.0 82.147
892.0 82.137
893.0 82.13
894.0 82.093
895.0 82.093
896.0 82.069
897.0 82.059
898.0 82.051
899.0 82.045999
900.0 82.035
901.0 82.038
902.0 82.030999
903.0 82.024
904.0 82.025
905.0 82.028
906.0 82.021
907.0 82.027
908.0 82.057999
909.0 82.045
910.0 82.081
911.0 82.098
912.0 82.116999
913.0 82.151
914.0 82.179999
915.0 82.203
916.0 82.237
917.0 82.292
918.0 82.34
919.0 82.364
920.0 82.416
921.0 82.457
922.0 82.513
923.0 82.555
924.0 82.603
925.0 82.667
926.0 82.709999
927.0 82.757
928.0 82.812
929.0 82.872999
930.0 82.926
931.0 82.982999
932.0 83.036
933.0 83.089
934.0 83.159
935.0 83.218
936.0 83.277
937.0 83.334
938.0 83.393
939.0 83.45
940.0 83.518
941.0 83.572999
942.0 83.627
943.0 83.697
944.0 83.746
945.0 83.789
946.0 83.852
947.0 83.935
948.0 84.002
949.0 84.075
950.0 84.113
951.0 84.216
952.0 84.287
953.0 84.348999
954.0 84.433
955.0 84.491
956.0 84.545999
957.0 84.622
958.0 84.687
959.0 84.758
960.0 84.828999
961.0 84.898
962.0 84.95
963.0 85.021999
964.0 85.082
965.0 85.14
966.0 85.218
967.0 85.292999
968.0 85.324999
969.0 85.409
970.0 85.480999
971.0 85.536
972.0 85.590999
973.0 85.645
974.0 85.717
975.0 85.77
976.0 85.816999
977.0 85.886
978.0 85.959
979.0 86.003
980.0 86.04
981.0 86.099999
982.0 86.163
983.0 86.291
984.0 86.337
985.0 86.406
986.0 86.453
987.0 86.48
988.0 86.524
989.0 86.59
990.0 86.616
991.0 86.655
992.0 86.69
993.0 86.717
994.0 86.764
995.0 86.809
996.0 86.845
997.0 86.888
998.0 86.913
999.0 86.953999
1000.0 86.968
1001.0 86.989
1002.0 87.018
1003.0 87.031
1004.0 87.072
1005.0 87.081
1006.0 87.107
1007.0 87.117999
1008.0 87.134999
1009.0 87.144
1010.0 87.156
1011.0 87.184
1012.0 87.178
1013.0 87.187
1014.0 87.18
1015.0 87.209999
1016.0 87.205999
1017.0 87.216
1018.0 87.219
1019.0 87.179
1020.0 87.202
1021.0 87.182
1022.0 87.173
1023.0 87.179
1024.0 87.172
1025.0 87.157
1026.0 87.16
1027.0 87.141
1028.0 87.138
1029.0 87.102
1030.0 87.093
1031.0 87.072
1032.0 87.056
1033.0 87.044
1034.0 87.006
1035.0 86.988
1036.0 86.946
1037.0 86.94
1038.0 86.912
1039.0 86.871
1040.0 86.848
1041.0 86.839
1042.0 86.782
1043.0 86.736999
1044.0 86.69
1045.0 86.634999
1046.0 86.598
1047.0 86.563999
1048.0 86.536999
1049.0 86.52
1050.0 86.464
1051.0 86.433
1052.0 86.372
1053.0 86.341
1054.0 86.288
1055.0 86.253999
1056.0 86.203
1057.0 86.137
1058.0 86.105
1059.0 86.043
1060.0 85.984
1061.0 85.913
1062.0 85.851
1063.0 85.819999
1064.0 85.75
1065.0 85.697
1066.0 85.631999
1067.0 85.568
1068.0 85.506
1069.0 85.424
1070.0 85.38
1071.0 85.348
1072.0 85.292
1073.0 85.239
1074.0 85.173
1075.0 85.111999
1076.0 85.033999
1077.0 84.961
1078.0 84.911999
1079.0 84.877
1080.0 84.769
1081.0 84.73
1082.0 84.662
1083.0 84.595
1084.0 84.548999
1085.0 84.465
1086.0 84.411999
1087.0 84.36
1088.0 84.267
1089.0 84.206999
1090.0 84.161
1091.0 84.114999
1092.0 84.033999
1093.0 83.964
1094.0 83.899999
1095.0 83.843
1096.0 83.769
1097.0 83.697
1098.0 83.648
1099.0 83.578
1100.0 83.536999
