190.0 -0.012
191.0 0.121
192.0 0.054
193.0 0.069999
194.0 0.053
195.0 0.068
196.0 0.044
197.0 0.03
198.0 0.057
199.0 0.033
200.0 0.021
201.0 0.004
202.0 0.037
203.0 0.043
204.0 0.016
205.0 0.017
206.0 0.032
207.0 0.029
208.0 0.036
209.0 0.013
210.0 0.047
211.0 0.037
212.0 0.013
213.0 0.029
214.0 0.019
215.0 0.019
216.0 0.022
217.0 0.019
218.0 0.027
219.0 0.048
220.0 0.024
221.0 0.028
222.0 0.005
223.0 0.024
224.0 0.02
225.0 0.022
226.0 0.029
227.0 0.037
228.0 0.006999
229.0 0.016
230.0 0.014
231.0 0.029
232.0 0.006999
233.0 0.02
234.0 0.006999
235.0 0.029
236.0 0.011
237.0 0.028
238.0 0.005
239.0 0.009
240.0 0.022
241.0 0.025
242.0 0.028
243.0 0.037
244.0 0.006
245.0 0.025
246.0 0.009
247.0 0.025
248.0 0.029
249.0 0.012
250.0 0.024
251.0 0.027
252.0 0.01
253.0 0.012
254.0 0.016
255.0 0.023
256.0 0.024
257.0 0.014
258.0 0.02
259.0 0.049
260.0 0.029
261.0 0.022
262.0 0.026
263.0 0.04
264.0 0.015
265.0 0.013
266.0 0.033
267.0 0.052
268.0 0.029
269.0 0.019
270.0 0.036
271.0 0.014
272.0 0.027
273.0 0.039
274.0 0.03
275.0 0.053
276.0 0.039
277.0 0.025
278.0 0.036
279.0 0.022
280.0 0.045
281.0 0.038
282.0 0.025
283.0 0.061
284.0 0.03
285.0 0.036
286.0 0.026
287.0 0.054
288.0 0.019
289.0 0.036
290.0 0.027
291.0 0.079
292.0 0.014
293.0 0.02
294.0 0.037
295.0 0.041
296.0 0.038
297.0 0.036
298.0 0.049
299.0 0.055
300.0 0.035
301.0 0.035
302.0 0.047
303.0 0.05
304.0 0.034
305.0 0.052
306.0 0.039
307.0 0.058
308.0 0.03
309.0 0.014
310.0 0.03
311.0 0.054
312.0 0.003
313.0 0.029
314.0 0.06
315.0 0.088
316.0 0.043
317.0 0.049
318.0 0.03
319.0 0.052
320.0 0.032
321.0 0.031
322.0 0.075
323.0 0.078
324.0 0.034
325.0 0.059
326.0 0.046
327.0 0.102
328.0 0.104
329.0 0.095
330.0 0.096
331.0 0.133
332.0 0.102
333.0 0.079
334.0 0.084
335.0 0.09
336.0 0.096
337.0 0.080999
338.0 0.084
339.0 0.075
340.0 0.076
341.0 0.061
342.0 0.065
343.0 0.078
344.0 0.057
345.0 0.05
346.0 0.053
347.0 0.080999
348.0 0.062
349.0 0.062
350.0 0.047
351.0 0.063
352.0 0.058
353.0 0.062
354.0 0.078
355.0 0.111
356.0 0.128
357.0 0.182
358.0 0.249
359.0 0.37
360.0 0.529
361.0 0.766
362.0 1.101
363.0 1.568
364.0 2.19
365.0 3.004
366.0 4.028
367.0 5.344
368.0 6.911
369.0 8.762
370.0 10.863
371.0 13.176
372.0 15.626
373.0 18.135
374.0 20.601
375.0 23.099
376.0 25.579
377.0 28.079
378.0 30.598
379.0 33.234
380.0 35.931
381.0 38.554
382.0 41.234
383.0 43.725
384.0 45.987
385.0 47.773
386.0 49.232
387.0 50.383999
388.0 51.358
389.0 52.213
390.0 53.076
391.0 54.008
392.0 55.084999
393.0 56.286
394.0 57.681
395.0 59.209999
396.0 60.871
397.0 62.578
398.0 64.28
399.0 65.944999
400.0 67.467
401.0 68.761
402.0 69.816999
403.0 70.569999
404.0 71.004
405.0 71.123
406.0 71.018
407.0 70.783
408.0 70.415
409.0 70.023
410.0 69.66
411.0 69.371
412.0 69.253
413.0 69.291
414.0 69.491
415.0 69.874
416.0 70.438999
417.0 71.131
418.0 71.941999
419.0 72.863
420.0 73.888
421.0 74.958
422.0 76.031
423.0 77.056
424.0 78.006
425.0 78.845
426.0 79.51
427.0 80.027
428.0 80.33
429.0 80.435999
430.0 80.336
431.0 80.076
432.0 79.640999
433.0 79.099
434.0 78.468
435.0 77.818
436.0 77.185
437.0 76.539999
438.0 75.995
439.0 75.524
440.0 75.116
441.0 74.884
442.0 74.753
443.0 74.756999
444.0 74.887
445.0 75.161999
446.0 75.539999
447.0 76.000999
448.0 76.554999
449.0 77.222
450.0 77.943
451.0 78.706
452.0 79.529
453.0 80.281
454.0 81.049
455.0 81.798
456.0 82.454
457.0 83.063
458.0 83.584
459.0 83.977999
460.0 84.274
461.0 84.402999
462.0 84.438999
463.0 84.333
464.0 84.118
465.0 83.807
466.0 83.375999
467.0 82.882
468.0 82.321999
469.0 81.745
470.0 81.135
471.0 80.550999
472.0 79.965
473.0 79.422
474.0 78.944
475.0 78.525
476.0 78.16
477.0 77.873
478.0 77.661999
479.0 77.537
480.0 77.502
481.0 77.563999
482.0 77.679
483.0 77.881
484.0 78.154
485.0 78.526
486.0 78.931
487.0 79.411
488.0 79.947
489.0 80.537
490.0 81.155
491.0 81.756
492.0 82.396
493.0 83.051
494.0 83.667
495.0 84.277
496.0 84.855
497.0 85.389
498.0 85.87
499.0 86.302
500.0 86.685
501.0 87.007
502.0 87.191
503.0 87.327999
504.0 87.372
505.0 87.342
506.0 87.223
507.0 87.039
508.0 86.765
509.0 86.456
510.0 86.063
511.0 85.63
512.0 85.143999
513.0 84.676
514.0 84.157
515.0 83.652
516.0 83.113
517.0 82.640999
518.0 82.096
519.0 81.678
520.0 81.223999
521.0 80.88
522.0 80.524
523.0 80.235
524.0 79.998
525.0 79.798999
526.0 79.699
527.0 79.617999
528.0 79.586
529.0 79.637
530.0 79.729
531.0 79.884999
532.0 80.066999
533.0 80.316
534.0 80.626
535.0 80.955999
536.0 81.316999
537.0 81.718
538.0 82.19
539.0 82.637
540.0 83.114
541.0 83.587
542.0 84.099999
543.0 84.617
544.0 85.102
545.0 85.625
546.0 86.104
547.0 86.575
548.0 87.051
549.0 87.468
550.0 87.876
551.0 88.208
552.0 88.527
553.0 88.795
554.0 89.034
555.0 89.200999
556.0 89.346999
557.0 89.383
558.0 89.397
559.0 89.378999
560.0 89.278
561.0 89.161
562.0 88.971
563.0 88.734
564.0 88.487
565.0 88.146999
566.0 87.814
567.0 87.423
568.0 87.065
569.0 86.639
570.0 86.215
571.0 85.792
572.0 85.328999
573.0 84.922
574.0 84.458999
575.0 84.029
576.0 83.608
577.0 83.226999
578.0 82.837999
579.0 82.496
580.0 82.151
581.0 81.879
582.0 81.602
583.0 81.384
584.0 81.183
585.0 81.024
586.0 80.9
587.0 80.801
588.0 80.727999
589.0 80.721
590.0 80.742999
591.0 80.786999
592.0 80.872
593.0 80.985
594.0 81.121
595.0 81.289
596.0 81.486
597.0 81.708
598.0 81.945
599.0 82.217
600.0 82.518999
601.0 82.8
602.0 83.136
603.0 83.488
604.0 83.851
605.0 84.214999
606.0 84.602
607.0 84.985
608.0 85.375999
609.0 85.768999
610.0 86.153
611.0 86.533
612.0 86.898
613.0 87.278
614.0 87.641
615.0 87.983
616.0 88.3
617.0 88.616
618.0 88.895
619.0 89.17
620.0 89.411
621.0 89.62
622.0 89.809
623.0 89.973
624.0 90.081999
625.0 90.175
626.0 90.232999
627.0 90.267
628.0 90.266
629.0 90.232999
630.0 90.175
631.0 90.069
632.0 89.937
633.0 89.794
634.0 89.612
635.0 89.398
636.0 89.18
637.0 88.890999
638.0 88.641
639.0 88.342
640.0 88.041
641.0 87.721
642.0 87.383
643.0 87.017
644.0 86.694
645.0 86.315
646.0 85.973999
647.0 85.611999
648.0 85.265999
649.0 84.902
650.0 84.556
651.0 84.206
652.0 83.886
653.0 83.547
654.0 83.241
655.0 82.943
656.0 82.648
657.0 82.392
658.0 82.145
659.0 81.904
660.0 81.689
661.0 81.489999
662.0 81.311
663.0 81.147
664.0 81.01
665.0 80.871
666.0 80.769
667.0 80.687
668.0 80.621
669.0 80.569
670.0 80.545999
671.0 80.545999
672.0 80.552
673.0 80.628999
674.0 80.667999
675.0 80.738
676.0 80.825999
677.0 80.957
678.0 81.033999
679.0 81.183
680.0 81.349999
681.0 81.518999
682.0 81.711999
683.0 81.932
684.0 82.101
685.0 82.340999
686.0 82.555
687.0 82.794
688.0 83.06
689.0 83.325999
690.0 83.584
691.0 83.866
692.0 84.148
693.0 84.434
694.0 84.724
695.0 84.996
696.0 85.291
697.0 85.596999
698.0 85.869
699.0 86.170999
700.0 86.438999
701.0 86.717
702.0 86.98
703.0 87.239
704.0 87.468999
705.0 87.729999
706.0 87.956
707.0 88.185999
708.0 88.375
709.0 88.583
710.0 88.774
711.0 88.923
712.0 89.083
713.0 89.211
714.0 89.331999
715.0 89.425
716.0 89.526
717.0 89.575999
718.0 89.628
719.0 89.644
720.0 89.693
721.0 89.649999
722.0 89.651
723.0 89.614
724.0 89.548
725.0 89.494
726.0 89.389
727.0 89.277
728.0 89.173999
729.0 89.021
730.0 88.864
731.0 88.704
732.0 88.515
733.0 88.343
734.0 88.143
735.0 87.919
736.0 87.704
737.0 87.467
738.0 87.217999
739.0 86.97
740.0 86.721
741.0 86.464
742.0 86.185
743.0 85.936
744.0 85.661
745.0 85.402999
746.0 85.119999
747.0 84.855999
748.0 84.563
749.0 84.313
750.0 84.026
751.0 83.775
752.0 83.521999
753.0 83.26
754.0 83.006
755.0 82.77
756.0 82.502
757.0 82.268
758.0 82.023
759.0 81.815
760.0 81.592
761.0 81.387
762.0 81.191
763.0 81.015
764.0 80.815
765.0 80.638
766.0 80.479999
767.0 80.325999
768.0 80.164999
769.0 80.032
770.0 79.914
771.0 79.796
772.0 79.727
773.0 79.622
774.0 79.554
775.0 79.479999
776.0 79.423999
777.0 79.393
778.0 79.381
779.0 79.357999
780.0 79.345
781.0 79.361
782.0 79.339
783.0 79.318999
784.0 79.345
785.0 79.361
786.0 79.387
787.0 79.459999
788.0 79.512
789.0 79.569999
790.0 79.634
791.0 79.742
792.0 79.867999
793.0 79.95
794.0 80.071
795.0 80.179
796.0 80.319
797.0 80.446
798.0 80.588
799.0 80.738
800.0 80.896
801.0 81.047
802.0 81.215
803.0 81.386
804.0 81.553
805.0 81.738
806.0 81.893
807.0 82.119
808.0 82.255
809.0 82.458
810.0 82.66
811.0 82.846
812.0 83.027
813.0 83.23
814.0 83.414
815.0 83.63
816.0 83.83
817.0 84.014
818.0 84.193
819.0 84.385
820.0 84.569
821.0 84.753999
822.0 84.937
823.0 85.13
824.0 85.288
825.0 85.450999
826.0 85.614999
827.0 85.771
828.0 85.94
829.0 86.087999
830.0 86.212999
831.0 86.374
832.0 86.484
833.0 86.611999
834.0 86.731
835.0 86.849
836.0 86.955
837.0 87.044
838.0 87.134999
839.0 87.197999
840.0 87.299
841.0 87.35
842.0 87.396
843.0 87.453999
844.0 87.48
845.0 87.519
846.0 87.509
847.0 87.539
848.0 87.543
849.0 87.542
850.0 87.496
851.0 87.464
852.0 87.459
853.0 87.414999
854.0 87.349
855.0 87.31
856.0 87.233
857.0 87.182
858.0 87.086
859.0 87.0
860.0 86.886
861.0 86.814
862.0 86.706
863.0 86.584
864.0 86.44
865.0 86.318
866.0 86.194999
867.0 86.065
868.0 85.926999
869.0 85.768999
870.0 85.614999
871.0 85.426999
872.0 85.298
873.0 85.11
874.0 84.961
875.0 84.784
876.0 84.602
877.0 84.428
878.0 84.275
879.0 84.075999
880.0 83.851
881.0 83.682999
882.0 83.496
883.0 83.297
884.0 83.155
885.0 82.949
886.0 82.813999
887.0 82.647
888.0 82.467
889.0 82.313999
890.0 82.136
891.0 81.955999
892.0 81.809
893.0 81.616999
894.0 81.474999
895.0 81.28
896.0 81.125
897.0 80.982
898.0 80.793
899.0 80.639
900.0 80.479999
901.0 80.32
902.0 80.186
903.0 80.025
904.0 79.876
905.0 79.696
906.0 79.574999
907.0 79.432
908.0 79.312
909.0 79.183
910.0 79.045
911.0 78.934
912.0 78.806
913.0 78.718999
914.0 78.598999
915.0 78.512
916.0 78.408
917.0 78.333
918.0 78.258
919.0 78.173999
920.0 78.11
921.0 78.017
922.0 77.986999
923.0 77.939
924.0 77.881999
925.0 77.83
926.0 77.802
927.0 77.792
928.0 77.734
929.0 77.720999
930.0 77.703
931.0 77.675
932.0 77.667
933.0 77.659
934.0 77.648
935.0 77.643
936.0 77.659
937.0 77.673
938.0 77.664999
939.0 77.657
940.0 77.666
941.0 77.7
942.0 77.735
943.0 77.753
944.0 77.805
945.0 77.849999
946.0 77.905999
947.0 77.959
948.0 77.998
949.0 78.066
950.0 78.156
951.0 78.193
952.0 78.256
953.0 78.351
954.0 78.422
955.0 78.505
956.0 78.573
957.0 78.658
958.0 78.732
959.0 78.842999
960.0 78.925
961.0 79.042
962.0 79.101999
963.0 79.224999
964.0 79.321
965.0 79.401
966.0 79.526
967.0 79.643
968.0 79.727
969.0 79.825999
970.0 79.962999
971.0 80.071
972.0 80.197
973.0 80.305
974.0 80.376
975.0 80.479
976.0 80.599
977.0 80.714
978.0 80.901
979.0 80.983999
980.0 81.132
981.0 81.281
982.0 81.411999
983.0 81.509
984.0 81.648
985.0 81.752
986.0 81.833
987.0 81.961
988.0 82.08
989.0 82.227999
990.0 82.313
991.0 82.455
992.0 82.543
993.0 82.677
994.0 82.776
995.0 82.882
996.0 83.011
997.0 83.11
998.0 83.209
999.0 83.316999
1000.0 83.411999
1001.0 83.502
1002.0 83.608
1003.0 83.667
1004.0 83.77
1005.0 83.866
1006.0 83.938
1007.0 84.025
1008.0 84.11
1009.0 84.175
1010.0 84.269
1011.0 84.313999
1012.0 84.392
1013.0 84.467
1014.0 84.517
1015.0 84.57
1016.0 84.586
1017.0 84.619
1018.0 84.69
1019.0 84.724
1020.0 84.775
1021.0 84.801999
1022.0 84.842
1023.0 84.911
1024.0 84.906
1025.0 84.94
1026.0 84.974999
1027.0 84.985999
1028.0 84.979
1029.0 85.005
1030.0 85.011
1031.0 84.997
1032.0 85.012
1033.0 85.005
1034.0 84.977999
1035.0 84.974999
1036.0 84.941999
1037.0 84.933
1038.0 84.91
1039.0 84.886
1040.0 84.879
1041.0 84.836999
1042.0 84.765
1043.0 84.733
1044.0 84.699
1045.0 84.621
1046.0 84.571
1047.0 84.543
1048.0 84.515
1049.0 84.396
1050.0 84.362
1051.0 84.319
1052.0 84.277
1053.0 84.193
1054.0 84.124
1055.0 84.05
1056.0 83.961
1057.0 83.864999
1058.0 83.789999
1059.0 83.713
1060.0 83.614
1061.0 83.595
1062.0 83.462999
1063.0 83.362
1064.0 83.309
1065.0 83.182
1066.0 83.092
1067.0 83.003
1068.0 82.884999
1069.0 82.815
1070.0 82.687999
1071.0 82.607
1072.0 82.498
1073.0 82.395
1074.0 82.294
1075.0 82.208
1076.0 82.079
1077.0 81.98
1078.0 81.855999
1079.0 81.745
1080.0 81.608999
1081.0 81.528
1082.0 81.442
1083.0 81.28
1084.0 81.213
1085.0 81.086
1086.0 80.969
1087.0 80.808
1088.0 80.794999
1089.0 80.603
1090.0 80.535
1091.0 80.467
1092.0 80.394
1093.0 80.238
1094.0 80.096999
1095.0 79.991
1096.0 79.873
1097.0 79.840999
1098.0 79.741
1099.0 79.67
1100.0 79.544
