190.0 0.053
191.0 0.091
192.0 0.029
193.0 0.076
194.0 0.034
195.0 0.064
196.0 0.048
197.0 0.032
198.0 0.025
199.0 0.043
200.0 0.022
201.0 0.02
202.0 0.048
203.0 0.045
204.0 0.029
205.0 0.035
206.0 0.019
207.0 0.026
208.0 0.032
209.0 0.021
210.0 0.019
211.0 0.037
212.0 0.026
213.0 0.013
214.0 0.031
215.0 0.021
216.0 0.029
217.0 0.021
218.0 0.026
219.0 0.023
220.0 0.027
221.0 0.034
222.0 0.009
223.0 0.02
224.0 0.034
225.0 0.013
226.0 0.028
227.0 0.027
228.0 0.022
229.0 0.011
230.0 0.025
231.0 0.015
232.0 0.021
233.0 0.011
234.0 0.024
235.0 0.029
236.0 0.015
237.0 0.018
238.0 0.017
239.0 0.01
240.0 0.01
241.0 0.02
242.0 0.01
243.0 0.029
244.0 0.017
245.0 0.022
246.0 0.023
247.0 0.01
248.0 0.02
249.0 0.021
250.0 0.009
251.0 0.037
252.0 0.014
253.0 0.019
254.0 0.021
255.0 0.016
256.0 0.035
257.0 0.016
258.0 0.036
259.0 0.03
260.0 0.019
261.0 0.019
262.0 0.031
263.0 0.027
264.0 0.029
265.0 0.011
266.0 0.019
267.0 0.035
268.0 0.029
269.0 0.032
270.0 0.055999
271.0 0.02
272.0 0.043
273.0 0.025
274.0 0.033
275.0 0.055
276.0 0.058
277.0 0.024
278.0 0.052
279.0 0.047
280.0 0.021
281.0 0.047
282.0 0.038
283.0 0.076
284.0 0.044
285.0 0.057
286.0 0.041
287.0 0.03
288.0 0.031
289.0 0.028
290.0 0.037
291.0 0.052
292.0 0.022
293.0 0.035
294.0 0.037
295.0 0.047
296.0 0.022
297.0 0.036
298.0 0.052
299.0 0.065
300.0 0.046
301.0 0.025
302.0 0.021
303.0 0.032
304.0 0.045
305.0 0.033
306.0 0.049
307.0 0.072
308.0 0.036
309.0 0.047
310.0 0.047
311.0 0.021
312.0 0.058
313.0 0.032
314.0 0.039
315.0 0.072
316.0 0.047
317.0 0.064
318.0 0.036
319.0 0.049
320.0 0.047
321.0 0.054
322.0 0.058
323.0 0.063
324.0 0.051
325.0 0.047
326.0 0.055
327.0 0.089
328.0 0.085999
329.0 0.071
330.0 0.073
331.0 0.082
332.0 0.055999
333.0 0.075
334.0 0.061
335.0 0.063
336.0 0.051
337.0 0.044
338.0 0.066
339.0 0.062
340.0 0.059
341.0 0.043
342.0 0.06
343.0 0.053
344.0 0.045
345.0 0.043
346.0 0.029
347.0 0.058
348.0 0.039
349.0 0.04
350.0 0.047
351.0 0.045
352.0 0.048
353.0 0.058
354.0 0.055
355.0 0.072
356.0 0.086999
357.0 0.119
358.0 0.14
359.0 0.232
360.0 0.34
361.0 0.498
362.0 0.75
363.0 1.1
364.0 1.583
365.0 2.233
366.0 3.064
367.0 4.175
368.0 5.504
369.0 7.127
370.0 9.002
371.0 11.084
372.0 13.316
373.0 15.622
374.0 17.902
375.0 20.18
376.0 22.418
377.0 24.687
378.0 27.046
379.0 29.523
380.0 32.090999
381.0 34.717
382.0 37.356
383.0 39.925
384.0 42.35
385.0 44.352
386.0 46.024
387.0 47.393
388.0 48.503
389.0 49.421
390.0 50.252
391.0 51.066999
392.0 51.981999
393.0 53.016
394.0 54.252999
395.0 55.633
396.0 57.182
397.0 58.88
398.0 60.669
399.0 62.438
400.0 64.146999
401.0 65.664999
402.0 66.965
403.0 67.991
404.0 68.714
405.0 69.155999
406.0 69.289999
407.0 69.179999
408.0 68.892
409.0 68.498
410.0 68.064
411.0 67.676
412.0 67.374
413.0 67.209
414.0 67.176
415.0 67.334999
416.0 67.706999
417.0 68.23
418.0 68.941
419.0 69.791
420.0 70.750999
421.0 71.831999
422.0 72.913
423.0 74.004
424.0 75.063999
425.0 76.061
426.0 76.927
427.0 77.642
428.0 78.172
429.0 78.523
430.0 78.645
431.0 78.572
432.0 78.318
433.0 77.929999
434.0 77.416
435.0 76.81
436.0 76.155
437.0 75.5
438.0 74.845
439.0 74.273
440.0 73.727
441.0 73.323
442.0 73.012999
443.0 72.819999
444.0 72.746
445.0 72.84
446.0 73.059
447.0 73.409
448.0 73.849
449.0 74.4
450.0 75.048
451.0 75.744999
452.0 76.492999
453.0 77.29
454.0 78.102999
455.0 78.908999
456.0 79.673
457.0 80.384999
458.0 81.017
459.0 81.568
460.0 81.992
461.0 82.321
462.0 82.504
463.0 82.584
464.0 82.52
465.0 82.346
466.0 82.057999
467.0 81.699999
468.0 81.235
469.0 80.718999
470.0 80.164
471.0 79.584999
472.0 78.968
473.0 78.38
474.0 77.819999
475.0 77.295
476.0 76.833
477.0 76.44
478.0 76.099
479.0 75.848
480.0 75.676
481.0 75.569
482.0 75.574
483.0 75.637
484.0 75.848
485.0 76.082
486.0 76.393999
487.0 76.769
488.0 77.256
489.0 77.711
490.0 78.282
491.0 78.889
492.0 79.517
493.0 80.164
494.0 80.816
495.0 81.455999
496.0 82.091
497.0 82.696
498.0 83.26
499.0 83.777999
500.0 84.248
501.0 84.658999
502.0 85.006
503.0 85.233999
504.0 85.418
505.0 85.502
506.0 85.516
507.0 85.44
508.0 85.280999
509.0 85.08
510.0 84.783
511.0 84.438999
512.0 84.044
513.0 83.608999
514.0 83.11
515.0 82.604
516.0 82.098
517.0 81.581999
518.0 81.087
519.0 80.562
520.0 80.092
521.0 79.627
522.0 79.226
523.0 78.836
524.0 78.491999
525.0 78.187
526.0 77.949
527.0 77.744
528.0 77.602999
529.0 77.527999
530.0 77.476999
531.0 77.508
532.0 77.605
533.0 77.707
534.0 77.892
535.0 78.13
536.0 78.377
537.0 78.691999
538.0 79.074
539.0 79.443
540.0 79.881999
541.0 80.327
542.0 80.806
543.0 81.296
544.0 81.801999
545.0 82.321
546.0 82.816
547.0 83.32
548.0 83.811
549.0 84.296
550.0 84.73
551.0 85.165
552.0 85.582
553.0 85.953999
554.0 86.264
555.0 86.508
556.0 86.759
557.0 86.947
558.0 87.086
559.0 87.169
560.0 87.231
561.0 87.241999
562.0 87.16
563.0 87.018
564.0 86.842
565.0 86.646
566.0 86.382
567.0 86.107
568.0 85.79
569.0 85.425
570.0 85.063999
571.0 84.643999
572.0 84.232
573.0 83.825
574.0 83.391
575.0 82.947999
576.0 82.521999
577.0 82.084
578.0 81.676
579.0 81.288
580.0 80.896999
581.0 80.527
582.0 80.211
583.0 79.915
584.0 79.642
585.0 79.395
586.0 79.226
587.0 79.042999
588.0 78.91
589.0 78.822
590.0 78.755
591.0 78.727999
592.0 78.714
593.0 78.747
594.0 78.813
595.0 78.903
596.0 79.015999
597.0 79.154
598.0 79.325999
599.0 79.53
600.0 79.758
601.0 80.0
602.0 80.295
603.0 80.569
604.0 80.881
605.0 81.206999
606.0 81.551
607.0 81.913
608.0 82.289
609.0 82.667999
610.0 83.052
611.0 83.443
612.0 83.81
613.0 84.205
614.0 84.587
615.0 84.958999
616.0 85.321
617.0 85.679
618.0 86.011
619.0 86.342
620.0 86.649
621.0 86.934
622.0 87.204
623.0 87.425
624.0 87.632
625.0 87.815
626.0 87.985
627.0 88.110999
628.0 88.200999
629.0 88.249
630.0 88.29
631.0 88.31
632.0 88.265
633.0 88.23
634.0 88.131
635.0 88.029
636.0 87.904
637.0 87.733999
638.0 87.536999
639.0 87.341
640.0 87.087
641.0 86.843
642.0 86.562
643.0 86.288
644.0 85.985
645.0 85.7
646.0 85.38
647.0 85.043
648.0 84.72
649.0 84.367999
650.0 84.055
651.0 83.709999
652.0 83.407
653.0 83.072
654.0 82.750999
655.0 82.438
656.0 82.124
657.0 81.839
658.0 81.538
659.0 81.268
660.0 81.028
661.0 80.778
662.0 80.557
663.0 80.324
664.0 80.148
665.0 79.962999
666.0 79.804
667.0 79.648
668.0 79.509
669.0 79.415
670.0 79.321
671.0 79.262999
672.0 79.199
673.0 79.166
674.0 79.17
675.0 79.179
676.0 79.164999
677.0 79.218
678.0 79.282
679.0 79.349999
680.0 79.431
681.0 79.517
682.0 79.634
683.0 79.786
684.0 79.942
685.0 80.104
686.0 80.289999
687.0 80.489
688.0 80.703999
689.0 80.923999
690.0 81.140999
691.0 81.376
692.0 81.608
693.0 81.864999
694.0 82.139
695.0 82.414
696.0 82.672
697.0 82.947999
698.0 83.226999
699.0 83.52
700.0 83.789999
701.0 84.069999
702.0 84.336999
703.0 84.604
704.0 84.87
705.0 85.129
706.0 85.390999
707.0 85.636
708.0 85.862
709.0 86.116
710.0 86.312999
711.0 86.541
712.0 86.736
713.0 86.928
714.0 87.083999
715.0 87.256
716.0 87.390999
717.0 87.524
718.0 87.633
719.0 87.72
720.0 87.819
721.0 87.866999
722.0 87.932
723.0 87.952
724.0 87.975
725.0 87.97
726.0 87.934
727.0 87.914
728.0 87.87
729.0 87.782
730.0 87.724999
731.0 87.594
732.0 87.488999
733.0 87.355999
734.0 87.217999
735.0 87.077
736.0 86.911
737.0 86.728
738.0 86.554
739.0 86.35
740.0 86.145
741.0 85.912
742.0 85.718
743.0 85.495
744.0 85.261
745.0 85.019
746.0 84.789
747.0 84.539
748.0 84.274
749.0 84.051
750.0 83.777999
751.0 83.533999
752.0 83.292999
753.0 83.039
754.0 82.789999
755.0 82.537
756.0 82.301999
757.0 82.047
758.0 81.813999
759.0 81.596999
760.0 81.364999
761.0 81.151
762.0 80.922
763.0 80.721
764.0 80.512
765.0 80.306999
766.0 80.135
767.0 79.946
768.0 79.756
769.0 79.584
770.0 79.439
771.0 79.289
772.0 79.152
773.0 79.047
774.0 78.949
775.0 78.852
776.0 78.744
777.0 78.722
778.0 78.664
779.0 78.637999
780.0 78.593
781.0 78.527
782.0 78.48
783.0 78.417999
784.0 78.363
785.0 78.329
786.0 78.334999
787.0 78.330999
788.0 78.354999
789.0 78.404
790.0 78.434
791.0 78.474
792.0 78.556
793.0 78.619
794.0 78.688999
795.0 78.75
796.0 78.849
797.0 78.956
798.0 79.051
799.0 79.164999
800.0 79.274
801.0 79.426
802.0 79.545999
803.0 79.667
804.0 79.83
805.0 79.956999
806.0 80.113999
807.0 80.271
808.0 80.431
809.0 80.6
810.0 80.774
811.0 80.931
812.0 81.111999
813.0 81.304
814.0 81.474999
815.0 81.65
816.0 81.846
817.0 82.014
818.0 82.189
819.0 82.384999
820.0 82.569
821.0 82.769
822.0 82.953
823.0 83.127
824.0 83.294
825.0 83.458
826.0 83.643999
827.0 83.828999
828.0 83.986
829.0 84.16
830.0 84.331
831.0 84.486
832.0 84.639
833.0 84.791
834.0 84.917
835.0 85.066
836.0 85.190999
837.0 85.343999
838.0 85.465999
839.0 85.536
840.0 85.685999
841.0 85.792999
842.0 85.884
843.0 85.958
844.0 86.051999
845.0 86.117
846.0 86.175
847.0 86.239
848.0 86.282
849.0 86.31
850.0 86.351
851.0 86.384
852.0 86.390999
853.0 86.406
854.0 86.411
855.0 86.411
856.0 86.4
857.0 86.383
858.0 86.345
859.0 86.321
860.0 86.262
861.0 86.231
862.0 86.149
863.0 86.095
864.0 86.047
865.0 85.959
866.0 85.881
867.0 85.784
868.0 85.678
869.0 85.577
870.0 85.47
871.0 85.346999
872.0 85.230999
873.0 85.116
874.0 85.006
875.0 84.855999
876.0 84.726
877.0 84.569
878.0 84.429
879.0 84.277999
880.0 84.135
881.0 83.974999
882.0 83.848999
883.0 83.749
884.0 83.587999
885.0 83.48
886.0 83.322
887.0 83.196
888.0 83.072
889.0 82.893
890.0 82.706999
891.0 82.572
892.0 82.432
893.0 82.262
894.0 82.125
895.0 81.937
896.0 81.797
897.0 81.633
898.0 81.462999
899.0 81.306
900.0 81.167999
901.0 80.997
902.0 80.801999
903.0 80.656
904.0 80.491
905.0 80.359
906.0 80.214
907.0 80.037
908.0 79.886
909.0 79.718
910.0 79.581
911.0 79.411
912.0 79.267
913.0 79.117
914.0 78.997
915.0 78.86
916.0 78.724
917.0 78.621
918.0 78.511
919.0 78.422
920.0 78.322999
921.0 78.227
922.0 78.143
923.0 78.08
924.0 77.989
925.0 77.893
926.0 77.822999
927.0 77.75
928.0 77.71
929.0 77.641
930.0 77.647
931.0 77.605
932.0 77.569
933.0 77.523
934.0 77.505
935.0 77.461
936.0 77.467
937.0 77.453
938.0 77.425
939.0 77.415
940.0 77.417999
941.0 77.446
942.0 77.437
943.0 77.417999
944.0 77.456
945.0 77.48
946.0 77.482
947.0 77.532
948.0 77.532
949.0 77.573
950.0 77.602
951.0 77.634
952.0 77.705
953.0 77.762
954.0 77.806
955.0 77.852
956.0 77.911
957.0 77.944999
958.0 78.042
959.0 78.125
960.0 78.19
961.0 78.245
962.0 78.346999
963.0 78.428
964.0 78.513
965.0 78.58
966.0 78.661999
967.0 78.753
968.0 78.86
969.0 78.944
970.0 79.056
971.0 79.163
972.0 79.279
973.0 79.346999
974.0 79.47
975.0 79.584
976.0 79.667
977.0 79.794
978.0 79.89
979.0 80.018
980.0 80.144
981.0 80.298999
982.0 80.413
983.0 80.523
984.0 80.63
985.0 80.757
986.0 80.842
987.0 80.985
988.0 81.087
989.0 81.203
990.0 81.325
991.0 81.431
992.0 81.551
993.0 81.667
994.0 81.746
995.0 81.88
996.0 81.977999
997.0 82.071
998.0 82.199
999.0 82.308
1000.0 82.441
1001.0 82.545
1002.0 82.645
1003.0 82.753
1004.0 82.86
1005.0 82.958
1006.0 83.048999
1007.0 83.140999
1008.0 83.238999
1009.0 83.318
1010.0 83.402
1011.0 83.5
1012.0 83.592
1013.0 83.67
1014.0 83.741
1015.0 83.815
1016.0 83.91
1017.0 83.964
1018.0 84.04
1019.0 84.11
1020.0 84.175
1021.0 84.241
1022.0 84.304
1023.0 84.348
1024.0 84.39
1025.0 84.46
1026.0 84.509
1027.0 84.543
1028.0 84.579
1029.0 84.594
1030.0 84.678
1031.0 84.681
1032.0 84.724
1033.0 84.746
1034.0 84.741999
1035.0 84.755
1036.0 84.769
1037.0 84.797
1038.0 84.81
1039.0 84.796
1040.0 84.816
1041.0 84.785
1042.0 84.791
1043.0 84.78
1044.0 84.797
1045.0 84.792999
1046.0 84.758
1047.0 84.723
1048.0 84.701
1049.0 84.677
1050.0 84.675
1051.0 84.63
1052.0 84.571
1053.0 84.515
1054.0 84.46
1055.0 84.421
1056.0 84.408
1057.0 84.36
1058.0 84.318
1059.0 84.251
1060.0 84.191
1061.0 84.119
1062.0 84.052
1063.0 84.019
1064.0 83.95
1065.0 83.867999
1066.0 83.768
1067.0 83.775
1068.0 83.62
1069.0 83.545999
1070.0 83.499
1071.0 83.387
1072.0 83.319
1073.0 83.211
1074.0 83.173
1075.0 83.091
1076.0 83.065
1077.0 82.943
1078.0 82.854
1079.0 82.753
1080.0 82.670999
1081.0 82.591
1082.0 82.513
1083.0 82.435
1084.0 82.304
1085.0 82.274999
1086.0 82.136
1087.0 82.027
1088.0 81.967
1089.0 81.832
1090.0 81.725
1091.0 81.611999
1092.0 81.477999
1093.0 81.419
1094.0 81.325999
1095.0 81.265
1096.0 81.179999
1097.0 81.045
1098.0 81.026
1099.0 80.804
1100.0 80.772
