190.0 0.093
191.0 0.105
192.0 0.03
193.0 0.083
194.0 0.057
195.0 0.062
196.0 0.041
197.0 0.015
198.0 0.026
199.0 0.038
200.0 0.022
201.0 0.028
202.0 0.022
203.0 0.054
204.0 0.036
205.0 0.026
206.0 0.021
207.0 0.013
208.0 0.029
209.0 0.02
210.0 0.029
211.0 0.018
212.0 0.028
213.0 0.03
214.0 0.016
215.0 0.024
216.0 0.01
217.0 0.027
218.0 0.018
219.0 0.032
220.0 0.022
221.0 0.017
222.0 0.018
223.0 0.019
224.0 0.025
225.0 0.02
226.0 0.024
227.0 0.027
228.0 0.011
229.0 0.011
230.0 0.02
231.0 0.016
232.0 0.013
233.0 0.032
234.0 0.02
235.0 0.034
236.0 0.021
237.0 0.014
238.0 0.018
239.0 0.019
240.0 0.001
241.0 0.003
242.0 0.024
243.0 0.022
244.0 0.01
245.0 0.01
246.0 0.013
247.0 0.009
248.0 0.012
249.0 0.026
250.0 0.01
251.0 0.038
252.0 0.004
253.0 0.003
254.0 0.019
255.0 0.02
256.0 0.017
257.0 0.022
258.0 0.019
259.0 0.046
260.0 0.033
261.0 0.014
262.0 0.019
263.0 0.018
264.0 0.013
265.0 0.037
266.0 0.039
267.0 0.039
268.0 0.018
269.0 0.025
270.0 0.029
271.0 0.039
272.0 0.026
273.0 0.034
274.0 0.022
275.0 0.063
276.0 0.029
277.0 0.04
278.0 0.028
279.0 0.026
280.0 0.044
281.0 0.01
282.0 0.021
283.0 0.053
284.0 0.013
285.0 0.042
286.0 0.045
287.0 0.026
288.0 0.031
289.0 0.027
290.0 0.041
291.0 0.06
292.0 0.036
293.0 0.008
294.0 0.025
295.0 0.015
296.0 0.034
297.0 0.03
298.0 0.036
299.0 0.053
300.0 0.031
301.0 0.051
302.0 0.036
303.0 0.037
304.0 0.033
305.0 0.042
306.0 0.039
307.0 0.075
308.0 0.042
309.0 0.028
310.0 0.035
311.0 0.008
312.0 0.032
313.0 0.036
314.0 0.043
315.0 0.077
316.0 0.041
317.0 0.057
318.0 0.043
319.0 0.046
320.0 0.035
321.0 0.049
322.0 0.046
323.0 0.074
324.0 0.054
325.0 0.037
326.0 0.045
327.0 0.029
328.0 0.04
329.0 0.047
330.0 0.03
331.0 0.059
332.0 0.052
333.0 0.035
334.0 0.021
335.0 0.037
336.0 0.039
337.0 0.021
338.0 0.03
339.0 0.046
340.0 0.03
341.0 0.021
342.0 0.032
343.0 0.033
344.0 0.027
345.0 0.028
346.0 0.029
347.0 0.031
348.0 0.027
349.0 0.031
350.0 0.029
351.0 0.015
352.0 0.036
353.0 0.031
354.0 0.037
355.0 0.048
356.0 0.051
357.0 0.075
358.0 0.115
359.0 0.183
360.0 0.272
361.0 0.419
362.0 0.629
363.0 0.954
364.0 1.398
365.0 2.026
366.0 2.844
367.0 3.916
368.0 5.268
369.0 6.858
370.0 8.727
371.0 10.817
372.0 13.065
373.0 15.475
374.0 17.97
375.0 20.494
376.0 23.029
377.0 25.545
378.0 28.021
379.0 30.442
380.0 32.76
381.0 34.967
382.0 37.101
383.0 39.258
384.0 41.343999
385.0 43.215
386.0 45.025
387.0 46.76
388.0 48.438
389.0 50.057
390.0 51.624
391.0 53.11
392.0 54.545999
393.0 55.899
394.0 57.154
395.0 58.304
396.0 59.377
397.0 60.343999
398.0 61.199
399.0 61.955
400.0 62.637
401.0 63.267
402.0 63.843
403.0 64.368
404.0 64.89
405.0 65.408
406.0 65.912
407.0 66.413
408.0 66.942
409.0 67.483
410.0 68.018999
411.0 68.545999
412.0 69.116
413.0 69.671
414.0 70.203
415.0 70.732
416.0 71.193
417.0 71.622
418.0 72.014
419.0 72.334
420.0 72.61
421.0 72.816999
422.0 72.965
423.0 73.09
424.0 73.169
425.0 73.215
426.0 73.255
427.0 73.236
428.0 73.261
429.0 73.286
430.0 73.262
431.0 73.322
432.0 73.343
433.0 73.428
434.0 73.517
435.0 73.636
436.0 73.823
437.0 73.977999
438.0 74.205
439.0 74.477999
440.0 74.738
441.0 75.024
442.0 75.349
443.0 75.637
444.0 75.985
445.0 76.236
446.0 76.515999
447.0 76.759999
448.0 76.975
449.0 77.149999
450.0 77.279
451.0 77.378999
452.0 77.453
453.0 77.458
454.0 77.474
455.0 77.412
456.0 77.344
457.0 77.268
458.0 77.157
459.0 77.042
460.0 76.9
461.0 76.764
462.0 76.628
463.0 76.499
464.0 76.413
465.0 76.281
466.0 76.209999
467.0 76.152
468.0 76.121
469.0 76.092
470.0 76.168
471.0 76.234
472.0 76.303
473.0 76.426
474.0 76.577
475.0 76.731
476.0 76.94
477.0 77.149
478.0 77.401
479.0 77.642
480.0 77.903
481.0 78.175
482.0 78.423
483.0 78.688999
484.0 78.971999
485.0 79.196
486.0 79.423
487.0 79.625
488.0 79.784
489.0 79.952
490.0 80.068
491.0 80.175
492.0 80.23
493.0 80.255
494.0 80.264
495.0 80.250999
496.0 80.205
497.0 80.135
498.0 80.035
499.0 79.938
500.0 79.795
501.0 79.652999
502.0 79.498
503.0 79.349
504.0 79.184
505.0 79.03
506.0 78.857999
507.0 78.71
508.0 78.569
509.0 78.431
510.0 78.317
511.0 78.188999
512.0 78.114999
513.0 78.032
514.0 77.967
515.0 77.954
516.0 77.95
517.0 77.947999
518.0 77.97
519.0 78.026
520.0 78.108
521.0 78.195
522.0 78.324
523.0 78.458
524.0 78.596999
525.0 78.769
526.0 78.929
527.0 79.148
528.0 79.33
529.0 79.527
530.0 79.757
531.0 79.971999
532.0 80.184
533.0 80.394
534.0 80.593999
535.0 80.786999
536.0 80.976
537.0 81.134
538.0 81.331
539.0 81.47
540.0 81.58
541.0 81.701
542.0 81.776
543.0 81.860999
544.0 81.898
545.0 81.953
546.0 81.955
547.0 81.945
548.0 81.917
549.0 81.872999
550.0 81.798
551.0 81.71
552.0 81.634
553.0 81.525
554.0 81.406
555.0 81.258
556.0 81.145
557.0 80.983999
558.0 80.821
559.0 80.659
560.0 80.498
561.0 80.327
562.0 80.191
563.0 80.015
564.0 79.884999
565.0 79.718999
566.0 79.589
567.0 79.47
568.0 79.357
569.0 79.245
570.0 79.136
571.0 79.064
572.0 78.997
573.0 78.942
574.0 78.893
575.0 78.849999
576.0 78.861
577.0 78.863
578.0 78.879
579.0 78.91
580.0 78.955
581.0 78.999
582.0 79.083
583.0 79.174
584.0 79.273
585.0 79.384
586.0 79.503
587.0 79.634
588.0 79.78
589.0 79.925
590.0 80.093999
591.0 80.257
592.0 80.416
593.0 80.578
594.0 80.752
595.0 80.92
596.0 81.093999
597.0 81.264
598.0 81.423999
599.0 81.593
600.0 81.736
601.0 81.898
602.0 82.023
603.0 82.159
604.0 82.282
605.0 82.395
606.0 82.492
607.0 82.586
608.0 82.655999
609.0 82.723
610.0 82.769
611.0 82.813
612.0 82.836
613.0 82.848999
614.0 82.859
615.0 82.825
616.0 82.824
617.0 82.767
618.0 82.72
619.0 82.65
620.0 82.565999
621.0 82.476
622.0 82.387
623.0 82.276
624.0 82.17
625.0 82.037
626.0 81.917
627.0 81.774
628.0 81.625
629.0 81.486999
630.0 81.349999
631.0 81.198
632.0 81.04
633.0 80.89
634.0 80.742999
635.0 80.586
636.0 80.432999
637.0 80.295
638.0 80.143
639.0 80.021
640.0 79.887
641.0 79.751
642.0 79.623
643.0 79.52
644.0 79.418
645.0 79.3
646.0 79.212
647.0 79.158
648.0 79.064
649.0 78.985
650.0 78.935999
651.0 78.895
652.0 78.855
653.0 78.818
654.0 78.794
655.0 78.792
656.0 78.795999
657.0 78.795999
658.0 78.809
659.0 78.846999
660.0 78.881
661.0 78.918
662.0 78.974
663.0 79.030999
664.0 79.092
665.0 79.159
666.0 79.230999
667.0 79.342
668.0 79.414
669.0 79.523
670.0 79.624
671.0 79.737
672.0 79.861999
673.0 79.947999
674.0 80.078
675.0 80.19
676.0 80.310999
677.0 80.43
678.0 80.538
679.0 80.674
680.0 80.784
681.0 80.904
682.0 81.018999
683.0 81.135
684.0 81.257
685.0 81.367999
686.0 81.479
687.0 81.577999
688.0 81.675
689.0 81.750999
690.0 81.842
691.0 81.938999
692.0 81.986999
693.0 82.060999
694.0 82.13
695.0 82.177
696.0 82.225
697.0 82.254
698.0 82.301
699.0 82.304999
700.0 82.337
701.0 82.324
702.0 82.334
703.0 82.313
704.0 82.289
705.0 82.277999
706.0 82.247
707.0 82.203999
708.0 82.155999
709.0 82.089
710.0 82.017
711.0 81.967999
712.0 81.887
713.0 81.8
714.0 81.709
715.0 81.605
716.0 81.51
717.0 81.414
718.0 81.32
719.0 81.203
720.0 81.075
721.0 80.944999
722.0 80.825
723.0 80.700999
724.0 80.571
725.0 80.443
726.0 80.309
727.0 80.186
728.0 80.048
729.0 79.912
730.0 79.783
731.0 79.637
732.0 79.518
733.0 79.383
734.0 79.251
735.0 79.127
736.0 79.003999
737.0 78.878
738.0 78.771
739.0 78.666
740.0 78.544
741.0 78.437
742.0 78.34
743.0 78.230999
744.0 78.131
745.0 78.058
746.0 77.975
747.0 77.878
748.0 77.812
749.0 77.732
750.0 77.671
751.0 77.602999
752.0 77.554
753.0 77.497
754.0 77.464999
755.0 77.427
756.0 77.397
757.0 77.354999
758.0 77.354999
759.0 77.319
760.0 77.315
761.0 77.298999
762.0 77.318
763.0 77.307999
764.0 77.317
765.0 77.346
766.0 77.364
767.0 77.381
768.0 77.396
769.0 77.447999
770.0 77.476
771.0 77.518
772.0 77.561
773.0 77.616
774.0 77.669999
775.0 77.727999
776.0 77.805
777.0 77.873
778.0 77.920999
779.0 77.997
780.0 78.090999
781.0 78.14
782.0 78.215999
783.0 78.286999
784.0 78.349999
785.0 78.443
786.0 78.518
787.0 78.601
788.0 78.663
789.0 78.766
790.0 78.852999
791.0 78.935
792.0 79.045
793.0 79.136
794.0 79.21
795.0 79.31
796.0 79.391
797.0 79.468999
798.0 79.56
799.0 79.643
800.0 79.718999
801.0 79.804
802.0 79.878
803.0 79.961
804.0 80.034
805.0 80.089
806.0 80.175
807.0 80.238
808.0 80.286
809.0 80.359
810.0 80.405
811.0 80.452
812.0 80.515
813.0 80.55
814.0 80.589999
815.0 80.628
816.0 80.640999
817.0 80.658
818.0 80.706
819.0 80.688999
820.0 80.718
821.0 80.733
822.0 80.729
823.0 80.723999
824.0 80.730999
825.0 80.732
826.0 80.698
827.0 80.688
828.0 80.673
829.0 80.625
830.0 80.598
831.0 80.579
832.0 80.528
833.0 80.486
834.0 80.435
835.0 80.386
836.0 80.339
837.0 80.28
838.0 80.215999
839.0 80.140999
840.0 80.069999
841.0 80.015999
842.0 79.922
843.0 79.83
844.0 79.746
845.0 79.667
846.0 79.571
847.0 79.486999
848.0 79.396
849.0 79.303
850.0 79.191999
851.0 79.105999
852.0 79.0
853.0 78.932999
854.0 78.795999
855.0 78.69
856.0 78.602999
857.0 78.474
858.0 78.369
859.0 78.265
860.0 78.164
861.0 78.068
862.0 77.944999
863.0 77.827
864.0 77.742999
865.0 77.617
866.0 77.519
867.0 77.405999
868.0 77.3
869.0 77.21
870.0 77.102999
871.0 76.985
872.0 76.911
873.0 76.819
874.0 76.700999
875.0 76.614
876.0 76.521
877.0 76.419
878.0 76.358
879.0 76.238
880.0 76.152
881.0 76.098
882.0 76.024
883.0 75.912
884.0 75.837
885.0 75.774
886.0 75.69
887.0 75.642
888.0 75.57
889.0 75.502
890.0 75.447
891.0 75.392
892.0 75.353
893.0 75.305
894.0 75.259
895.0 75.202
896.0 75.178
897.0 75.129
898.0 75.090999
899.0 75.072
900.0 75.021
901.0 75.024
902.0 74.988999
903.0 74.948
904.0 74.934
905.0 74.941999
906.0 74.94
907.0 74.937
908.0 74.934
909.0 74.947
910.0 74.932
911.0 74.933
912.0 74.949
913.0 74.972
914.0 74.979
915.0 75.008
916.0 75.018
917.0 75.051
918.0 75.075999
919.0 75.101
920.0 75.141
921.0 75.158999
922.0 75.197
923.0 75.236
924.0 75.271
925.0 75.315
926.0 75.348
927.0 75.382
928.0 75.426
929.0 75.499
930.0 75.541
931.0 75.575
932.0 75.626
933.0 75.670999
934.0 75.735
935.0 75.794
936.0 75.841
937.0 75.914999
938.0 75.974
939.0 76.012
940.0 76.066999
941.0 76.163
942.0 76.207
943.0 76.25
944.0 76.326
945.0 76.39
946.0 76.456999
947.0 76.515999
948.0 76.58
949.0 76.629
950.0 76.699
951.0 76.739999
952.0 76.822
953.0 76.865
954.0 76.929
955.0 77.023
956.0 77.073
957.0 77.146
958.0 77.219
959.0 77.29
960.0 77.386
961.0 77.468
962.0 77.518
963.0 77.584
964.0 77.633
965.0 77.718
966.0 77.754
967.0 77.819
968.0 77.866999
969.0 77.937
970.0 77.991999
971.0 78.054
972.0 78.105
973.0 78.166
974.0 78.217
975.0 78.279
976.0 78.312
977.0 78.354
978.0 78.408
979.0 78.441
980.0 78.515999
981.0 78.539999
982.0 78.596
983.0 78.621
984.0 78.66
985.0 78.673
986.0 78.717
987.0 78.727999
988.0 78.752
989.0 78.776
990.0 78.786
991.0 78.813
992.0 78.837
993.0 78.864999
994.0 78.866
995.0 78.867
996.0 78.854
997.0 78.863
998.0 78.864
999.0 78.852999
1000.0 78.864999
1001.0 78.881
1002.0 78.852
1003.0 78.864
1004.0 78.857999
1005.0 78.854
1006.0 78.816
1007.0 78.81
1008.0 78.816
1009.0 78.778
1010.0 78.75
1011.0 78.739
1012.0 78.696999
1013.0 78.673
1014.0 78.645
1015.0 78.617999
1016.0 78.569999
1017.0 78.549
1018.0 78.505
1019.0 78.474
1020.0 78.414
1021.0 78.396999
1022.0 78.342
1023.0 78.266
1024.0 78.191
1025.0 78.146
1026.0 78.102
1027.0 78.037
1028.0 77.979
1029.0 77.934
1030.0 77.874
1031.0 77.805
1032.0 77.762
1033.0 77.73
1034.0 77.675
1035.0 77.597
1036.0 77.537
1037.0 77.462
1038.0 77.427
1039.0 77.342999
1040.0 77.242999
1041.0 77.207
1042.0 77.109
1043.0 77.047
1044.0 77.021
1045.0 76.917
1046.0 76.848
1047.0 76.786
1048.0 76.700999
1049.0 76.639
1050.0 76.563999
1051.0 76.468999
1052.0 76.38
1053.0 76.314
1054.0 76.234
1055.0 76.171
1056.0 76.087999
1057.0 76.043
1058.0 75.975
1059.0 75.878999
1060.0 75.794
1061.0 75.733999
1062.0 75.658
1063.0 75.619
1064.0 75.527999
1065.0 75.429999
1066.0 75.384
1067.0 75.295999
1068.0 75.202
1069.0 75.149999
1070.0 75.036999
1071.0 75.002
1072.0 74.941
1073.0 74.872
1074.0 74.818
1075.0 74.749
1076.0 74.673999
1077.0 74.59
1078.0 74.572
1079.0 74.492
1080.0 74.399
1081.0 74.402
1082.0 74.355
1083.0 74.273
1084.0 74.170999
1085.0 74.163
1086.0 74.094
1087.0 74.063
1088.0 73.968999
1089.0 73.906
1090.0 73.906
1091.0 73.816999
1092.0 73.745
1093.0 73.692
1094.0 73.711
1095.0 73.641
1096.0 73.613
1097.0 73.489999
1098.0 73.512
1099.0 73.539
1100.0 73.441
