190.0 0.099
191.0 0.08
192.0 0.046
193.0 0.069999
194.0 0.072
195.0 0.058
196.0 0.043
197.0 0.034
198.0 0.034
199.0 0.046
200.0 0.028
201.0 0.043
202.0 0.023
203.0 0.064
204.0 0.033
205.0 0.035
206.0 0.034
207.0 0.017
208.0 0.026
209.0 0.021
210.0 0.028
211.0 0.032
212.0 0.031
213.0 0.037
214.0 0.031
215.0 0.038
216.0 0.031
217.0 0.025
218.0 0.019
219.0 0.035
220.0 0.011
221.0 0.015
222.0 0.022
223.0 0.03
224.0 0.017
225.0 0.023
226.0 0.018
227.0 0.035
228.0 0.027
229.0 0.018
230.0 0.022
231.0 0.018
232.0 0.018
233.0 0.02
234.0 0.035
235.0 0.039
236.0 0.013
237.0 0.018
238.0 0.027
239.0 0.017
240.0 0.022
241.0 0.02
242.0 0.025
243.0 0.032
244.0 0.019
245.0 0.019
246.0 0.026
247.0 0.02
248.0 0.03
249.0 0.016
250.0 0.015
251.0 0.029
252.0 0.022
253.0 0.017
254.0 0.035
255.0 0.021
256.0 0.027
257.0 0.034
258.0 0.032
259.0 0.046
260.0 0.021
261.0 0.035
262.0 0.026
263.0 0.013
264.0 0.038
265.0 0.034
266.0 0.033
267.0 0.053
268.0 0.038
269.0 0.038
270.0 0.052
271.0 0.031
272.0 0.05
273.0 0.025
274.0 0.043
275.0 0.077
276.0 0.042
277.0 0.04
278.0 0.046
279.0 0.039
280.0 0.053
281.0 0.036
282.0 0.048
283.0 0.058
284.0 0.066
285.0 0.029
286.0 0.04
287.0 0.066
288.0 0.048
289.0 0.063
290.0 0.074
291.0 0.059
292.0 0.043
293.0 0.055999
294.0 0.053
295.0 0.039
296.0 0.042
297.0 0.043
298.0 0.035
299.0 0.084999
300.0 0.046
301.0 0.053
302.0 0.032
303.0 0.029
304.0 0.037
305.0 0.058
306.0 0.052
307.0 0.072
308.0 0.054
309.0 0.036
310.0 0.044
311.0 0.049
312.0 0.051
313.0 0.068
314.0 0.037
315.0 0.08
316.0 0.052
317.0 0.044
318.0 0.061
319.0 0.053
320.0 0.092
321.0 0.072
322.0 0.041
323.0 0.085999
324.0 0.053
325.0 0.029
326.0 0.049
327.0 0.089
328.0 0.083
329.0 0.089
330.0 0.076
331.0 0.109
332.0 0.083
333.0 0.066
334.0 0.09
335.0 0.078
336.0 0.068
337.0 0.066
338.0 0.065
339.0 0.092
340.0 0.066
341.0 0.068
342.0 0.06
343.0 0.067
344.0 0.064
345.0 0.059
346.0 0.067
347.0 0.08
348.0 0.042
349.0 0.054
350.0 0.053
351.0 0.055999
352.0 0.045
353.0 0.06
354.0 0.068999
355.0 0.083
356.0 0.097
357.0 0.134
358.0 0.182
359.0 0.263
360.0 0.415
361.0 0.589
362.0 0.874
363.0 1.273
364.0 1.801
365.0 2.508
366.0 3.427
367.0 4.605
368.0 6.024
369.0 7.704
370.0 9.59
371.0 11.662
372.0 13.837
373.0 16.095
374.0 18.404
375.0 20.799
376.0 23.289
377.0 25.907
378.0 28.576
379.0 31.313
380.0 33.906
381.0 36.332
382.0 38.399
383.0 40.341
384.0 41.954
385.0 43.203
386.0 44.304
387.0 45.367
388.0 46.46
389.0 47.676
390.0 49.06
391.0 50.623
392.0 52.361999
393.0 54.244
394.0 56.196
395.0 58.141
396.0 60.02
397.0 61.738
398.0 63.211
399.0 64.318
400.0 65.102999
401.0 65.523
402.0 65.651
403.0 65.515
404.0 65.236999
405.0 64.893
406.0 64.52
407.0 64.214
408.0 64.027
409.0 64.007
410.0 64.149999
411.0 64.515
412.0 65.084
413.0 65.844
414.0 66.761
415.0 67.813
416.0 69.003
417.0 70.226999
418.0 71.469
419.0 72.661
420.0 73.765999
421.0 74.723
422.0 75.476
423.0 76.047
424.0 76.390999
425.0 76.526
426.0 76.409
427.0 76.13
428.0 75.654
429.0 75.039999
430.0 74.365
431.0 73.657
432.0 72.962
433.0 72.285
434.0 71.681
435.0 71.193
436.0 70.803
437.0 70.553
438.0 70.447999
439.0 70.492
440.0 70.643
441.0 70.974999
442.0 71.413
443.0 71.983
444.0 72.662
445.0 73.444
446.0 74.295
447.0 75.163
448.0 76.058
449.0 76.941999
450.0 77.775
451.0 78.569999
452.0 79.266
453.0 79.871
454.0 80.379
455.0 80.738
456.0 80.944999
457.0 80.996
458.0 80.942
459.0 80.726
460.0 80.382
461.0 79.966
462.0 79.452
463.0 78.856
464.0 78.234
465.0 77.572
466.0 76.913
467.0 76.295999
468.0 75.682
469.0 75.144
470.0 74.646999
471.0 74.229
472.0 73.867
473.0 73.619999
474.0 73.456999
475.0 73.377
476.0 73.396
477.0 73.53
478.0 73.721
479.0 74.032
480.0 74.378999
481.0 74.807999
482.0 75.310999
483.0 75.867999
484.0 76.536
485.0 77.19
486.0 77.869
487.0 78.551
488.0 79.247999
489.0 79.928
490.0 80.572999
491.0 81.188999
492.0 81.769
493.0 82.293
494.0 82.745
495.0 83.093999
496.0 83.367
497.0 83.548
498.0 83.665
499.0 83.67
500.0 83.591
501.0 83.435999
502.0 83.206999
503.0 82.876
504.0 82.491
505.0 82.063
506.0 81.586
507.0 81.105999
508.0 80.589
509.0 80.053
510.0 79.495
511.0 78.979
512.0 78.468
513.0 77.971
514.0 77.48
515.0 77.069
516.0 76.673
517.0 76.352
518.0 76.065
519.0 75.831999
520.0 75.657
521.0 75.532
522.0 75.471999
523.0 75.471999
524.0 75.519
525.0 75.617999
526.0 75.805
527.0 76.014
528.0 76.277
529.0 76.598999
530.0 76.929999
531.0 77.346
532.0 77.788
533.0 78.258
534.0 78.764
535.0 79.266
536.0 79.794
537.0 80.322999
538.0 80.857999
539.0 81.406
540.0 81.920999
541.0 82.44
542.0 82.922
543.0 83.399
544.0 83.831999
545.0 84.233999
546.0 84.58
547.0 84.867999
548.0 85.136
549.0 85.333
550.0 85.468
551.0 85.575
552.0 85.609
553.0 85.575999
554.0 85.491
555.0 85.355
556.0 85.197999
557.0 84.961
558.0 84.696
559.0 84.392
560.0 84.08
561.0 83.721
562.0 83.313
563.0 82.887
564.0 82.455
565.0 82.029
566.0 81.596999
567.0 81.169
568.0 80.709
569.0 80.286999
570.0 79.886
571.0 79.465
572.0 79.081
573.0 78.742
574.0 78.385
575.0 78.072
576.0 77.807
577.0 77.551
578.0 77.333
579.0 77.149999
580.0 77.002
581.0 76.869
582.0 76.810999
583.0 76.762
584.0 76.766
585.0 76.763
586.0 76.841
587.0 76.937999
588.0 77.072
589.0 77.253
590.0 77.438
591.0 77.653
592.0 77.902
593.0 78.175
594.0 78.471999
595.0 78.797
596.0 79.13
597.0 79.474999
598.0 79.848
599.0 80.227
600.0 80.623
601.0 81.017
602.0 81.431
603.0 81.845
604.0 82.244
605.0 82.631
606.0 83.026
607.0 83.417
608.0 83.788
609.0 84.158999
610.0 84.499
611.0 84.822
612.0 85.116
613.0 85.389
614.0 85.626
615.0 85.85
616.0 86.024999
617.0 86.19
618.0 86.334999
619.0 86.431
620.0 86.485999
621.0 86.524999
622.0 86.515
623.0 86.476
624.0 86.411
625.0 86.304999
626.0 86.204
627.0 86.039
628.0 85.857
629.0 85.645
630.0 85.414999
631.0 85.173
632.0 84.902
633.0 84.607
634.0 84.312
635.0 84.006
636.0 83.673
637.0 83.352999
638.0 82.986999
639.0 82.664
640.0 82.292
641.0 81.962
642.0 81.589999
643.0 81.262999
644.0 80.935999
645.0 80.62
646.0 80.273
647.0 79.983
648.0 79.684999
649.0 79.39
650.0 79.1
651.0 78.856
652.0 78.631
653.0 78.404
654.0 78.191
655.0 78.005
656.0 77.825
657.0 77.676
658.0 77.513
659.0 77.405999
660.0 77.309
661.0 77.244999
662.0 77.172
663.0 77.139
664.0 77.133
665.0 77.134999
666.0 77.151
667.0 77.185999
668.0 77.244999
669.0 77.319
670.0 77.392
671.0 77.515999
672.0 77.612
673.0 77.771999
674.0 77.935
675.0 78.11
676.0 78.29
677.0 78.480999
678.0 78.69
679.0 78.913
680.0 79.134
681.0 79.340999
682.0 79.584999
683.0 79.867
684.0 80.143
685.0 80.404
686.0 80.699
687.0 80.967999
688.0 81.254
689.0 81.52
690.0 81.808
691.0 82.092
692.0 82.358
693.0 82.618
694.0 82.909
695.0 83.164
696.0 83.429
697.0 83.682
698.0 83.906
699.0 84.151
700.0 84.37
701.0 84.583
702.0 84.77
703.0 84.938999
704.0 85.119999
705.0 85.265999
706.0 85.408
707.0 85.524
708.0 85.627
709.0 85.726
710.0 85.780999
711.0 85.848
712.0 85.882
713.0 85.9
714.0 85.91
715.0 85.899
716.0 85.86
717.0 85.804
718.0 85.748
719.0 85.657
720.0 85.563
721.0 85.458
722.0 85.327
723.0 85.164
724.0 85.041
725.0 84.87
726.0 84.672
727.0 84.486999
728.0 84.297
729.0 84.078
730.0 83.874
731.0 83.631
732.0 83.401
733.0 83.148
734.0 82.922
735.0 82.674
736.0 82.406
737.0 82.155999
738.0 81.893
739.0 81.648
740.0 81.391
741.0 81.131
742.0 80.874
743.0 80.634
744.0 80.367
745.0 80.122
746.0 79.884
747.0 79.640999
748.0 79.408999
749.0 79.193
750.0 78.946
751.0 78.73
752.0 78.521
753.0 78.32
754.0 78.12
755.0 77.946
756.0 77.763
757.0 77.596
758.0 77.431
759.0 77.277
760.0 77.137999
761.0 76.998
762.0 76.865
763.0 76.768
764.0 76.632
765.0 76.554
766.0 76.478
767.0 76.397
768.0 76.307999
769.0 76.274
770.0 76.215999
771.0 76.197
772.0 76.161999
773.0 76.129
774.0 76.129
775.0 76.125
776.0 76.144
777.0 76.16
778.0 76.188
779.0 76.246
780.0 76.283999
781.0 76.341
782.0 76.392
783.0 76.476999
784.0 76.554
785.0 76.628
786.0 76.724999
787.0 76.822999
788.0 76.937
789.0 77.065
790.0 77.191
791.0 77.315
792.0 77.443
793.0 77.602
794.0 77.758
795.0 77.878
796.0 78.061
797.0 78.236
798.0 78.391
799.0 78.538
800.0 78.711
801.0 78.908999
802.0 79.08
803.0 79.235999
804.0 79.429
805.0 79.593999
806.0 79.788
807.0 79.955
808.0 80.12
809.0 80.308
810.0 80.494
811.0 80.651
812.0 80.833
813.0 81.032
814.0 81.191
815.0 81.357
816.0 81.544
817.0 81.682999
818.0 81.839
819.0 81.985
820.0 82.133
821.0 82.295
822.0 82.441
823.0 82.567
824.0 82.678
825.0 82.789
826.0 82.929
827.0 83.044
828.0 83.116999
829.0 83.221999
830.0 83.309
831.0 83.395
832.0 83.462999
833.0 83.515
834.0 83.589
835.0 83.62
836.0 83.643999
837.0 83.684
838.0 83.721
839.0 83.721
840.0 83.748
841.0 83.738999
842.0 83.753
843.0 83.718
844.0 83.694999
845.0 83.672
846.0 83.614999
847.0 83.548
848.0 83.507
849.0 83.433
850.0 83.38
851.0 83.308
852.0 83.198
853.0 83.133
854.0 83.024
855.0 82.919
856.0 82.804
857.0 82.715
858.0 82.572
859.0 82.441
860.0 82.316
861.0 82.199
862.0 82.042
863.0 81.908999
864.0 81.766
865.0 81.614
866.0 81.450999
867.0 81.306
868.0 81.113
869.0 80.986
870.0 80.819
871.0 80.65
872.0 80.465
873.0 80.305
874.0 80.135
875.0 79.979
876.0 79.798
877.0 79.604
878.0 79.459
879.0 79.274
880.0 79.123
881.0 78.954
882.0 78.771999
883.0 78.629
884.0 78.452
885.0 78.281
886.0 78.128
887.0 77.980999
888.0 77.852
889.0 77.651
890.0 77.49
891.0 77.366
892.0 77.238
893.0 77.062
894.0 76.953
895.0 76.778
896.0 76.669
897.0 76.526
898.0 76.387
899.0 76.271
900.0 76.142
901.0 76.038
902.0 75.871
903.0 75.791
904.0 75.672
905.0 75.587
906.0 75.498
907.0 75.423
908.0 75.316
909.0 75.246
910.0 75.163
911.0 75.069
912.0 75.007
913.0 74.95
914.0 74.882
915.0 74.819999
916.0 74.775
917.0 74.728
918.0 74.704
919.0 74.641
920.0 74.62
921.0 74.592
922.0 74.562
923.0 74.528
924.0 74.524
925.0 74.485999
926.0 74.465999
927.0 74.456999
928.0 74.463
929.0 74.482
930.0 74.511
931.0 74.546
932.0 74.539
933.0 74.553
934.0 74.585
935.0 74.602999
936.0 74.668
937.0 74.703
938.0 74.733999
939.0 74.772
940.0 74.797
941.0 74.869
942.0 74.9
943.0 74.97
944.0 75.033
945.0 75.068
946.0 75.166
947.0 75.25
948.0 75.306
949.0 75.378
950.0 75.432
951.0 75.53
952.0 75.621
953.0 75.699
954.0 75.794
955.0 75.885
956.0 75.963
957.0 76.024999
958.0 76.161
959.0 76.259
960.0 76.354
961.0 76.474
962.0 76.574
963.0 76.681
964.0 76.789
965.0 76.885
966.0 76.987
967.0 77.104
968.0 77.212999
969.0 77.31
970.0 77.41
971.0 77.553
972.0 77.668
973.0 77.759999
974.0 77.891
975.0 77.980999
976.0 78.102999
977.0 78.188999
978.0 78.29
979.0 78.427
980.0 78.595
981.0 78.72
982.0 78.816
983.0 78.923
984.0 79.036
985.0 79.145
986.0 79.227
987.0 79.337999
988.0 79.435
989.0 79.542999
990.0 79.634
991.0 79.733
992.0 79.813999
993.0 79.88
994.0 79.977
995.0 80.065
996.0 80.124
997.0 80.205
998.0 80.315
999.0 80.376
1000.0 80.486999
1001.0 80.533
1002.0 80.615
1003.0 80.681
1004.0 80.742999
1005.0 80.819
1006.0 80.883
1007.0 80.927
1008.0 80.955
1009.0 81.027
1010.0 81.06
1011.0 81.098
1012.0 81.152999
1013.0 81.169
1014.0 81.205
1015.0 81.230999
1016.0 81.279
1017.0 81.292
1018.0 81.295
1019.0 81.33
1020.0 81.34
1021.0 81.352
1022.0 81.337999
1023.0 81.34
1024.0 81.345999
1025.0 81.352999
1026.0 81.347
1027.0 81.343
1028.0 81.337
1029.0 81.3
1030.0 81.295
1031.0 81.284
1032.0 81.269
1033.0 81.241
1034.0 81.182
1035.0 81.149
1036.0 81.124
1037.0 81.087
1038.0 81.047
1039.0 81.03
1040.0 80.966
1041.0 80.895
1042.0 80.840999
1043.0 80.817
1044.0 80.739999
1045.0 80.706
1046.0 80.627
1047.0 80.53
1048.0 80.482
1049.0 80.4
1050.0 80.352999
1051.0 80.301999
1052.0 80.202
1053.0 80.101
1054.0 80.037
1055.0 79.944999
1056.0 79.892
1057.0 79.817
1058.0 79.735
1059.0 79.601999
1060.0 79.544
1061.0 79.447999
1062.0 79.357
1063.0 79.288
1064.0 79.156
1065.0 79.101999
1066.0 78.974999
1067.0 78.914
1068.0 78.794
1069.0 78.688999
1070.0 78.58
1071.0 78.474999
1072.0 78.408999
1073.0 78.295999
1074.0 78.183
1075.0 78.104
1076.0 78.107
1077.0 77.982
1078.0 77.869999
1079.0 77.771
1080.0 77.672
1081.0 77.585
1082.0 77.502
1083.0 77.371
1084.0 77.266
1085.0 77.193
1086.0 77.09
1087.0 76.94
1088.0 76.911
1089.0 76.79
1090.0 76.688
1091.0 76.546
1092.0 76.425
1093.0 76.447
1094.0 76.319999
1095.0 76.273
1096.0 76.134999
1097.0 76.071999
1098.0 76.042
1099.0 75.815999
1100.0 75.736999
