190.0 -0.018
191.0 0.096
192.0 -0.038
193.0 0.041
194.0 0.033
195.0 0.029
196.0 0.019
197.0 0.012
198.0 0.001
199.0 0.012
200.0 0.004
201.0 0.006999
202.0 0.006999
203.0 0.037
204.0 0.02
205.0 0.013
206.0 0.011
207.0 -0.01
208.0 -0.005
209.0 0.015
210.0 0.026
211.0 0.019
212.0 0.008
213.0 -0.006
214.0 0.002
215.0 0.016
216.0 0.019
217.0 -0.001
218.0 -0.002
219.0 0.028
220.0 0.008
221.0 0.004
222.0 0.015
223.0 0.006999
224.0 -0.002
225.0 0.021
226.0 0.016
227.0 0.011
228.0 -0.003
229.0 0.006
230.0 0.006
231.0 -0.009
232.0 0.006999
233.0 0.005
234.0 0.015
235.0 0.015
236.0 -0.008
237.0 -0.002
238.0 0.0
239.0 0.0
240.0 -0.001
241.0 0.006
242.0 0.017
243.0 0.012
244.0 0.008
245.0 -0.003
246.0 -0.006
247.0 -0.002
248.0 0.004
249.0 -0.004
250.0 0.004
251.0 0.014
252.0 0.005
253.0 -0.004
254.0 0.0
255.0 0.013
256.0 0.006999
257.0 0.024
258.0 -0.004
259.0 0.022
260.0 -0.017
261.0 -0.001
262.0 0.006
263.0 0.01
264.0 -0.005
265.0 0.0
266.0 0.017
267.0 0.014
268.0 0.026
269.0 0.01
270.0 -0.009
271.0 0.003
272.0 -0.004
273.0 0.006
274.0 0.021
275.0 0.031
276.0 0.012
277.0 0.016
278.0 0.015
279.0 0.002
280.0 0.012
281.0 0.006
282.0 0.008
283.0 0.032
284.0 0.006
285.0 0.029
286.0 0.02
287.0 0.006999
288.0 0.003
289.0 0.001
290.0 0.024
291.0 0.037
292.0 0.006
293.0 -0.012
294.0 0.003
295.0 0.017
296.0 -0.016
297.0 -0.013
298.0 -0.009
299.0 0.051
300.0 -0.011
301.0 0.024
302.0 -0.021
303.0 0.016
304.0 0.011
305.0 -0.006
306.0 0.042
307.0 0.03
308.0 0.014
309.0 -0.009
310.0 -0.013
311.0 0.014
312.0 -0.008
313.0 0.011
314.0 0.033
315.0 0.033
316.0 0.011
317.0 -0.015
318.0 0.018
319.0 0.013
320.0 0.013
321.0 0.018
322.0 -0.008
323.0 0.051
324.0 0.013
325.0 0.009
326.0 0.0
327.0 0.342
328.0 0.367
329.0 0.333
330.0 0.316
331.0 0.333
332.0 0.303
333.0 0.297
334.0 0.272
335.0 0.27
336.0 0.273
337.0 0.249
338.0 0.237
339.0 0.262
340.0 0.221
341.0 0.231
342.0 0.217
343.0 0.217
344.0 0.222
345.0 0.2
346.0 0.205
347.0 0.208
348.0 0.186
349.0 0.193
350.0 0.183
351.0 0.192
352.0 0.189
353.0 0.2
354.0 0.227
355.0 0.253
356.0 0.305
357.0 0.369
358.0 0.486
359.0 0.666
360.0 0.933999
361.0 1.309
362.0 1.813
363.0 2.517
364.0 3.388
365.0 4.502
366.0 5.852
367.0 7.485
368.0 9.384
369.0 11.491
370.0 13.789
371.0 16.238
372.0 18.714
373.0 21.255
374.0 23.82
375.0 26.297
376.0 28.79
377.0 31.204
378.0 33.617
379.0 35.941
380.0 38.174
381.0 40.363
382.0 42.502
383.0 44.492
384.0 46.386
385.0 48.158
386.0 49.834
387.0 51.45
388.0 52.967
389.0 54.388
390.0 55.749
391.0 57.053
392.0 58.275
393.0 59.447
394.0 60.629
395.0 61.724
396.0 62.773
397.0 63.788
398.0 64.768
399.0 65.667
400.0 66.509
401.0 67.296
402.0 68.002
403.0 68.632
404.0 69.205
405.0 69.744
406.0 70.226
407.0 70.674
408.0 71.106
409.0 71.474999
410.0 71.845
411.0 72.193
412.0 72.54
413.0 72.902
414.0 73.226
415.0 73.584999
416.0 73.928
417.0 74.298
418.0 74.649
419.0 74.992999
420.0 75.309
421.0 75.727
422.0 76.044
423.0 76.339
424.0 76.586
425.0 76.839
426.0 77.071
427.0 77.295999
428.0 77.480999
429.0 77.63
430.0 77.732999
431.0 77.868
432.0 77.976999
433.0 78.044
434.0 78.163
435.0 78.22
436.0 78.278
437.0 78.337
438.0 78.413
439.0 78.515999
440.0 78.605
441.0 78.712
442.0 78.791
443.0 78.924
444.0 79.065
445.0 79.199
446.0 79.346999
447.0 79.486999
448.0 79.66
449.0 79.813
450.0 79.943
451.0 80.108999
452.0 80.208
453.0 80.369
454.0 80.486
455.0 80.607
456.0 80.669
457.0 80.752
458.0 80.835
459.0 80.878
460.0 80.92
461.0 80.959999
462.0 80.982
463.0 81.017
464.0 81.002
465.0 81.009
466.0 81.005
467.0 81.009
468.0 81.0
469.0 81.02
470.0 81.011
471.0 81.033
472.0 81.062
473.0 81.095
474.0 81.128
475.0 81.16
476.0 81.242
477.0 81.297
478.0 81.355999
479.0 81.426
480.0 81.525
481.0 81.621
482.0 81.739999
483.0 81.855
484.0 81.957
485.0 82.081
486.0 82.217
487.0 82.31
488.0 82.455999
489.0 82.577
490.0 82.691
491.0 82.803
492.0 82.942
493.0 83.032
494.0 83.127
495.0 83.241
496.0 83.327
497.0 83.391
498.0 83.465
499.0 83.529
500.0 83.623
501.0 83.648
502.0 83.694999
503.0 83.703
504.0 83.716
505.0 83.72
506.0 83.738999
507.0 83.708
508.0 83.694999
509.0 83.705
510.0 83.669
511.0 83.634
512.0 83.631999
513.0 83.604999
514.0 83.563
515.0 83.552
516.0 83.519
517.0 83.506
518.0 83.488
519.0 83.494
520.0 83.485
521.0 83.521999
522.0 83.547
523.0 83.53
524.0 83.595
525.0 83.614999
526.0 83.665
527.0 83.712
528.0 83.757
529.0 83.843
530.0 83.891
531.0 83.974
532.0 84.05
533.0 84.127
534.0 84.194999
535.0 84.292
536.0 84.379
537.0 84.480999
538.0 84.559
539.0 84.619
540.0 84.729
541.0 84.801
542.0 84.899999
543.0 84.958999
544.0 85.047
545.0 85.099
546.0 85.168
547.0 85.221999
548.0 85.271
549.0 85.314
550.0 85.340999
551.0 85.39
552.0 85.402
553.0 85.431
554.0 85.446
555.0 85.449
556.0 85.456
557.0 85.431
558.0 85.384
559.0 85.36
560.0 85.366
561.0 85.375999
562.0 85.342
563.0 85.318
564.0 85.292
565.0 85.255
566.0 85.185999
567.0 85.143999
568.0 85.107999
569.0 85.074
570.0 85.03
571.0 84.995
572.0 84.943
573.0 84.894
574.0 84.863
575.0 84.828999
576.0 84.787
577.0 84.755
578.0 84.732
579.0 84.7
580.0 84.672
581.0 84.663
582.0 84.639
583.0 84.66
584.0 84.664
585.0 84.677
586.0 84.716
587.0 84.733999
588.0 84.782
589.0 84.826
590.0 84.861
591.0 84.914999
592.0 84.971
593.0 85.036
594.0 85.08
595.0 85.127
596.0 85.187
597.0 85.229999
598.0 85.301
599.0 85.348
600.0 85.398
601.0 85.45
602.0 85.495
603.0 85.536
604.0 85.594
605.0 85.643999
606.0 85.672
607.0 85.697999
608.0 85.741999
609.0 85.780999
610.0 85.809
611.0 85.837
612.0 85.855999
613.0 85.863999
614.0 85.887
615.0 85.89
616.0 85.921
617.0 85.901
618.0 85.918
619.0 85.926999
620.0 85.909
621.0 85.904
622.0 85.897
623.0 85.872
624.0 85.86
625.0 85.827
626.0 85.811
627.0 85.767
628.0 85.728
629.0 85.704
630.0 85.67
631.0 85.611
632.0 85.587999
633.0 85.531
634.0 85.491
635.0 85.446999
636.0 85.394
637.0 85.338
638.0 85.289
639.0 85.247
640.0 85.205
641.0 85.155
642.0 85.092999
643.0 85.060999
644.0 84.999
645.0 84.972
646.0 84.925
647.0 84.884
648.0 84.838
649.0 84.828999
650.0 84.777
651.0 84.732
652.0 84.726
653.0 84.712
654.0 84.662
655.0 84.664
656.0 84.639
657.0 84.623
658.0 84.608
659.0 84.626
660.0 84.619
661.0 84.604
662.0 84.61
663.0 84.629
664.0 84.619
665.0 84.646999
666.0 84.649
667.0 84.653
668.0 84.689
669.0 84.706999
670.0 84.74
671.0 84.75
672.0 84.78
673.0 84.812
674.0 84.846999
675.0 84.863999
676.0 84.867999
677.0 84.899
678.0 84.941
679.0 84.979
680.0 85.009
681.0 85.045
682.0 85.078
683.0 85.106
684.0 85.145
685.0 85.177
686.0 85.223
687.0 85.25
688.0 85.279
689.0 85.316
690.0 85.352999
691.0 85.367999
692.0 85.394
693.0 85.414999
694.0 85.441999
695.0 85.465999
696.0 85.502
697.0 85.518
698.0 85.533
699.0 85.53
700.0 85.541
701.0 85.551
702.0 85.563
703.0 85.559
704.0 85.556
705.0 85.547
706.0 85.555
707.0 85.532
708.0 85.512
709.0 85.503
710.0 85.485999
711.0 85.472
712.0 85.453999
713.0 85.417
714.0 85.381
715.0 85.358999
716.0 85.314
717.0 85.304999
718.0 85.246
719.0 85.204
720.0 85.17
721.0 85.123
722.0 85.072
723.0 85.027
724.0 84.988
725.0 84.914999
726.0 84.867999
727.0 84.814
728.0 84.752
729.0 84.697
730.0 84.655
731.0 84.608999
732.0 84.535
733.0 84.491
734.0 84.43
735.0 84.355999
736.0 84.316
737.0 84.258
738.0 84.214999
739.0 84.155
740.0 84.116999
741.0 84.065
742.0 84.015
743.0 83.97
744.0 83.918
745.0 83.881
746.0 83.828
747.0 83.813
748.0 83.758
749.0 83.726
750.0 83.694999
751.0 83.662
752.0 83.625
753.0 83.619
754.0 83.577
755.0 83.559
756.0 83.529
757.0 83.517
758.0 83.509
759.0 83.484
760.0 83.474999
761.0 83.465
762.0 83.449
763.0 83.446
764.0 83.449
765.0 83.423
766.0 83.435999
767.0 83.428
768.0 83.416
769.0 83.42
770.0 83.438999
771.0 83.441
772.0 83.464
773.0 83.482999
774.0 83.497
775.0 83.542
776.0 83.559
777.0 83.579
778.0 83.628
779.0 83.685
780.0 83.732
781.0 83.706999
782.0 83.733999
783.0 83.723
784.0 83.732
785.0 83.742
786.0 83.765999
787.0 83.807
788.0 83.816
789.0 83.855999
790.0 83.901
791.0 83.926
792.0 83.97
793.0 83.985
794.0 84.045999
795.0 84.083
796.0 84.114
797.0 84.133
798.0 84.172
799.0 84.206999
800.0 84.221
801.0 84.275
802.0 84.291
803.0 84.34
804.0 84.345
805.0 84.366
806.0 84.386
807.0 84.41
808.0 84.435
809.0 84.452
810.0 84.470999
811.0 84.477
812.0 84.523
813.0 84.526
814.0 84.543
815.0 84.548999
816.0 84.548
817.0 84.578
818.0 84.563999
819.0 84.584999
820.0 84.599
821.0 84.604
822.0 84.584
823.0 84.579
824.0 84.58
825.0 84.584
826.0 84.584
827.0 84.560999
828.0 84.56
829.0 84.57
830.0 84.536999
831.0 84.529
832.0 84.502
833.0 84.494
834.0 84.492
835.0 84.453999
836.0 84.418
837.0 84.405
838.0 84.394
839.0 84.366
840.0 84.33
841.0 84.283
842.0 84.269
843.0 84.244
844.0 84.209999
845.0 84.179
846.0 84.165
847.0 84.103
848.0 84.072
849.0 84.033
850.0 83.977
851.0 83.956
852.0 83.917
853.0 83.867999
854.0 83.823
855.0 83.795
856.0 83.764
857.0 83.696
858.0 83.664
859.0 83.592999
860.0 83.571
861.0 83.516
862.0 83.486999
863.0 83.453
864.0 83.387999
865.0 83.364
866.0 83.289999
867.0 83.275
868.0 83.24
869.0 83.191
870.0 83.152
871.0 83.096
872.0 83.069999
873.0 83.013
874.0 82.989999
875.0 82.922
876.0 82.895
877.0 82.857
878.0 82.811
879.0 82.762999
880.0 82.723
881.0 82.669
882.0 82.649
883.0 82.622
884.0 82.608999
885.0 82.591
886.0 82.56
887.0 82.521999
888.0 82.535
889.0 82.525
890.0 82.494999
891.0 82.469
892.0 82.471999
893.0 82.450999
894.0 82.426999
895.0 82.441
896.0 82.416
897.0 82.384999
898.0 82.387
899.0 82.371
900.0 82.382
901.0 82.359
902.0 82.364
903.0 82.367
904.0 82.319
905.0 82.327
906.0 82.307
907.0 82.331
908.0 82.318
909.0 82.313999
910.0 82.332
911.0 82.333
912.0 82.343
913.0 82.333
914.0 82.346
915.0 82.391
916.0 82.381
917.0 82.411
918.0 82.450999
919.0 82.468
920.0 82.505
921.0 82.506999
922.0 82.535
923.0 82.527
924.0 82.579
925.0 82.592
926.0 82.611
927.0 82.652
928.0 82.682
929.0 82.691
930.0 82.723
931.0 82.755
932.0 82.794
933.0 82.811
934.0 82.807
935.0 82.848
936.0 82.879
937.0 82.884
938.0 82.919
939.0 82.959999
940.0 82.977
941.0 83.009
942.0 83.017
943.0 83.015
944.0 83.064
945.0 83.059
946.0 83.108
947.0 83.114
948.0 83.163
949.0 83.203
950.0 83.224
951.0 83.244
952.0 83.257
953.0 83.318
954.0 83.324
955.0 83.351
956.0 83.411999
957.0 83.409
958.0 83.42
959.0 83.444
960.0 83.488
961.0 83.492
962.0 83.513
963.0 83.553
964.0 83.586
965.0 83.586
966.0 83.603
967.0 83.635
968.0 83.667
969.0 83.699
970.0 83.693
971.0 83.738999
972.0 83.714999
973.0 83.769
974.0 83.783
975.0 83.773
976.0 83.769
977.0 83.788
978.0 83.784
979.0 83.819999
980.0 83.848999
981.0 83.904
982.0 83.925
983.0 83.934
984.0 83.95
985.0 83.961
986.0 83.937
987.0 83.95
988.0 83.969
989.0 83.946
990.0 83.922
991.0 83.946
992.0 83.952
993.0 83.914999
994.0 83.941
995.0 83.947
996.0 83.938999
997.0 83.922
998.0 83.889
999.0 83.947
1000.0 83.929
1001.0 83.937
1002.0 83.923999
1003.0 83.894
1004.0 83.889
1005.0 83.867999
1006.0 83.864
1007.0 83.838
1008.0 83.855
1009.0 83.806
1010.0 83.787
1011.0 83.787
1012.0 83.753999
1013.0 83.759
1014.0 83.724
1015.0 83.699
1016.0 83.694999
1017.0 83.662
1018.0 83.611999
1019.0 83.583
1020.0 83.577
1021.0 83.547
1022.0 83.512
1023.0 83.485
1024.0 83.473
1025.0 83.438999
1026.0 83.401
1027.0 83.377
1028.0 83.3
1029.0 83.313999
1030.0 83.287
1031.0 83.230999
1032.0 83.218999
1033.0 83.173
1034.0 83.137
1035.0 83.111999
1036.0 83.084
1037.0 83.021
1038.0 83.028
1039.0 82.969
1040.0 82.946
1041.0 82.884999
1042.0 82.869
1043.0 82.782
1044.0 82.741
1045.0 82.687999
1046.0 82.663
1047.0 82.67
1048.0 82.638
1049.0 82.592
1050.0 82.526
1051.0 82.488
1052.0 82.441
1053.0 82.421
1054.0 82.411999
1055.0 82.339
1056.0 82.262999
1057.0 82.246
1058.0 82.205
1059.0 82.223
1060.0 82.116
1061.0 82.081999
1062.0 82.055
1063.0 81.996
1064.0 81.947
1065.0 81.959
1066.0 81.903
1067.0 81.871
1068.0 81.8
1069.0 81.803
1070.0 81.78
1071.0 81.71
1072.0 81.691999
1073.0 81.639
1074.0 81.581
1075.0 81.544
1076.0 81.56
1077.0 81.556
1078.0 81.54
1079.0 81.542
1080.0 81.459
1081.0 81.387
1082.0 81.359
1083.0 81.352
1084.0 81.277999
1085.0 81.325999
1086.0 81.215999
1087.0 81.211999
1088.0 81.182
1089.0 81.163
1090.0 81.155
1091.0 81.105
1092.0 81.131
1093.0 81.077999
1094.0 81.037
1095.0 80.983999
1096.0 80.937
1097.0 80.997
1098.0 81.005
1099.0 80.985
1100.0 80.920999
