190.0 0.026
191.0 0.009
192.0 0.022
193.0 0.012
194.0 0.021
195.0 0.03
196.0 0.015
197.0 0.012
198.0 0.006999
199.0 0.006
200.0 0.006
201.0 0.001
202.0 0.01
203.0 0.017
204.0 0.008
205.0 0.008
206.0 0.005
207.0 0.005
208.0 0.003
209.0 0.004
210.0 0.006999
211.0 0.016
212.0 0.004
213.0 0.006999
214.0 0.004
215.0 0.005
216.0 0.0
217.0 0.005
218.0 0.009
219.0 0.022
220.0 0.001
221.0 0.005
222.0 0.002
223.0 0.012
224.0 0.0
225.0 0.004
226.0 0.006
227.0 0.02
228.0 0.006999
229.0 0.005
230.0 0.003
231.0 0.008
232.0 0.003
233.0 0.008
234.0 0.003
235.0 0.019
236.0 0.005
237.0 0.004
238.0 0.0
239.0 0.001
240.0 0.005
241.0 0.003
242.0 0.011
243.0 0.015
244.0 -0.003
245.0 -0.001
246.0 0.006
247.0 0.003
248.0 0.001
249.0 0.002
250.0 0.012
251.0 0.012
252.0 0.005
253.0 0.003
254.0 0.0
255.0 0.003
256.0 0.003
257.0 0.009
258.0 0.002
259.0 0.022
260.0 0.005
261.0 0.004
262.0 0.006
263.0 0.006999
264.0 0.0
265.0 0.013
266.0 0.005
267.0 0.021
268.0 0.006999
269.0 0.003
270.0 0.005
271.0 0.01
272.0 0.01
273.0 0.006999
274.0 -0.003
275.0 0.036
276.0 0.006
277.0 0.009
278.0 0.003
279.0 0.006999
280.0 0.011
281.0 0.009
282.0 0.019
283.0 0.034
284.0 0.018
285.0 0.004
286.0 -0.001
287.0 0.015
288.0 0.006
289.0 0.005
290.0 0.018
291.0 0.034
292.0 0.004
293.0 -0.003
294.0 0.005
295.0 0.009
296.0 0.011
297.0 0.01
298.0 0.029
299.0 0.021
300.0 0.023
301.0 0.011
302.0 0.011
303.0 0.012
304.0 0.006
305.0 0.02
306.0 0.01
307.0 0.04
308.0 0.012
309.0 0.01
310.0 0.008
311.0 0.018
312.0 0.001
313.0 0.013
314.0 0.012
315.0 0.029
316.0 -0.001
317.0 0.015
318.0 0.003
319.0 0.008
320.0 0.008
321.0 0.014
322.0 0.013
323.0 0.048
324.0 0.026
325.0 0.012
326.0 0.002
327.0 0.046
328.0 0.057
329.0 0.062
330.0 0.065
331.0 0.076
332.0 0.052
333.0 0.054
334.0 0.048
335.0 0.047
336.0 0.044
337.0 0.047
338.0 0.047
339.0 0.055999
340.0 0.036
341.0 0.042
342.0 0.037
343.0 0.042
344.0 0.039
345.0 0.033
346.0 0.04
347.0 0.044
348.0 0.032
349.0 0.04
350.0 0.028
351.0 0.027
352.0 0.031
353.0 0.033
354.0 0.033
355.0 0.04
356.0 0.026
357.0 0.023
358.0 0.026
359.0 0.027
360.0 0.022
361.0 0.03
362.0 0.035
363.0 0.037
364.0 0.031
365.0 0.03
366.0 0.029
367.0 0.04
368.0 0.038
369.0 0.049
370.0 0.062
371.0 0.11
372.0 0.164
373.0 0.264
374.0 0.432999
375.0 0.687999
376.0 1.057
377.0 1.56
378.0 2.237
379.0 3.118
380.0 4.154999
381.0 5.44
382.0 6.933
383.0 8.794
384.0 10.901
385.0 12.99
386.0 15.222
387.0 17.559
388.0 19.994
389.0 22.519
390.0 25.092
391.0 27.711
392.0 30.326
393.0 32.983
394.0 35.578
395.0 38.135
396.0 40.617999
397.0 43.044
398.0 45.395
399.0 47.673
400.0 49.879
401.0 52.049
402.0 54.103
403.0 56.098
404.0 58.009
405.0 59.841
406.0 61.58
407.0 63.233
408.0 64.798999
409.0 66.322
410.0 67.71
411.0 69.051
412.0 70.297
413.0 71.46
414.0 72.526
415.0 73.533
416.0 74.463
417.0 75.348
418.0 76.173
419.0 76.951
420.0 77.738
421.0 78.535
422.0 79.267
423.0 79.995
424.0 80.691999
425.0 81.382
426.0 82.06
427.0 82.711
428.0 83.292
429.0 83.906
430.0 84.435
431.0 84.968
432.0 85.42
433.0 85.851999
434.0 86.196
435.0 86.523
436.0 86.804999
437.0 87.048999
438.0 87.26
439.0 87.423
440.0 87.553
441.0 87.697
442.0 87.819999
443.0 87.944999
444.0 88.086
445.0 88.232999
446.0 88.375
447.0 88.533
448.0 88.703
449.0 88.878
450.0 89.097
451.0 89.295
452.0 89.514
453.0 89.75
454.0 89.980999
455.0 90.214
456.0 90.431
457.0 90.648
458.0 90.858999
459.0 91.030999
460.0 91.218999
461.0 91.364
462.0 91.503999
463.0 91.6
464.0 91.675
465.0 91.730999
466.0 91.774
467.0 91.803
468.0 91.807
469.0 91.789
470.0 91.767
471.0 91.742
472.0 91.718999
473.0 91.684
474.0 91.639
475.0 91.617999
476.0 91.595
477.0 91.608999
478.0 91.593999
479.0 91.599
480.0 91.645
481.0 91.715
482.0 91.776
483.0 91.859
484.0 91.947
485.0 92.045999
486.0 92.171
487.0 92.313999
488.0 92.451
489.0 92.627
490.0 92.745
491.0 92.95
492.0 93.083
493.0 93.238
494.0 93.38
495.0 93.524
496.0 93.652999
497.0 93.779
498.0 93.902
499.0 93.988
500.0 94.086
501.0 94.13
502.0 94.179
503.0 94.236
504.0 94.238
505.0 94.268
506.0 94.247
507.0 94.229
508.0 94.206999
509.0 94.175
510.0 94.126
511.0 94.06
512.0 94.011
513.0 93.964
514.0 93.89
515.0 93.82
516.0 93.779
517.0 93.715999
518.0 93.667
519.0 93.625
520.0 93.607
521.0 93.567
522.0 93.564
523.0 93.539
524.0 93.566
525.0 93.566
526.0 93.605
527.0 93.64
528.0 93.671
529.0 93.73
530.0 93.809
531.0 93.861
532.0 93.962
533.0 94.028
534.0 94.105999
535.0 94.194999
536.0 94.28
537.0 94.382
538.0 94.471
539.0 94.537
540.0 94.624
541.0 94.703
542.0 94.761
543.0 94.833
544.0 94.884
545.0 94.915
546.0 94.933
547.0 94.994
548.0 94.974
549.0 94.989
550.0 94.986999
551.0 94.976
552.0 94.954
553.0 94.94
554.0 94.891
555.0 94.852999
556.0 94.797
557.0 94.725
558.0 94.666
559.0 94.596
560.0 94.538
561.0 94.454
562.0 94.406
563.0 94.306
564.0 94.23
565.0 94.158
566.0 94.091
567.0 94.024
568.0 93.944
569.0 93.883
570.0 93.84
571.0 93.756
572.0 93.709
573.0 93.675
574.0 93.633
575.0 93.596
576.0 93.587
577.0 93.554999
578.0 93.54
579.0 93.53
580.0 93.525
581.0 93.547
582.0 93.581999
583.0 93.61
584.0 93.67
585.0 93.729
586.0 93.8
587.0 93.886
588.0 93.955999
589.0 94.076
590.0 94.161
591.0 94.277999
592.0 94.355
593.0 94.471999
594.0 94.552
595.0 94.652
596.0 94.73
597.0 94.803
598.0 94.876
599.0 94.931
600.0 94.988
601.0 95.026
602.0 95.079
603.0 95.099999
604.0 95.114
605.0 95.133
606.0 95.145
607.0 95.151
608.0 95.125
609.0 95.105999
610.0 95.069999
611.0 95.044
612.0 95.003
613.0 94.953
614.0 94.91
615.0 94.847
616.0 94.794
617.0 94.71
618.0 94.657
619.0 94.564
620.0 94.496
621.0 94.396
622.0 94.306
623.0 94.233999
624.0 94.15
625.0 94.041
626.0 93.966
627.0 93.861999
628.0 93.801999
629.0 93.698
630.0 93.635
631.0 93.564
632.0 93.47
633.0 93.4
634.0 93.337
635.0 93.28
636.0 93.233
637.0 93.179
638.0 93.128
639.0 93.086
640.0 93.052
641.0 93.039
642.0 93.018999
643.0 93.001
644.0 92.989
645.0 92.989
646.0 92.985
647.0 92.997
648.0 93.006999
649.0 93.026
650.0 93.050999
651.0 93.091
652.0 93.116
653.0 93.155
654.0 93.206
655.0 93.235
656.0 93.274
657.0 93.335
658.0 93.388
659.0 93.426
660.0 93.474
661.0 93.533
662.0 93.584999
663.0 93.631
664.0 93.674
665.0 93.735
666.0 93.776
667.0 93.842
668.0 93.874
669.0 93.917
670.0 93.964
671.0 93.997
672.0 94.033
673.0 94.060999
674.0 94.089
675.0 94.101
676.0 94.125
677.0 94.13
678.0 94.144
679.0 94.137
680.0 94.124
681.0 94.119
682.0 94.081
683.0 94.092
684.0 93.979999
685.0 93.938
686.0 93.884999
687.0 93.852999
688.0 93.803
689.0 93.76
690.0 93.697
691.0 93.625
692.0 93.556
693.0 93.483
694.0 93.41
695.0 93.333999
696.0 93.244
697.0 93.164
698.0 93.087
699.0 92.983999
700.0 92.898
701.0 92.791
702.0 92.694
703.0 92.604
704.0 92.494
705.0 92.411
706.0 92.298999
707.0 92.209
708.0 92.1
709.0 92.002
710.0 91.911
711.0 91.812
712.0 91.717
713.0 91.636
714.0 91.534
715.0 91.452
716.0 91.38
717.0 91.309
718.0 91.232
719.0 91.158
720.0 91.1
721.0 91.053
722.0 90.980999
723.0 90.938
724.0 90.888
725.0 90.849999
726.0 90.816
727.0 90.771999
728.0 90.759999
729.0 90.741
730.0 90.733
731.0 90.724
732.0 90.723
733.0 90.73
734.0 90.708
735.0 90.745
736.0 90.759
737.0 90.774
738.0 90.803
739.0 90.845
740.0 90.877
741.0 90.919
742.0 90.968999
743.0 91.021
744.0 91.065
745.0 91.145
746.0 91.195
747.0 91.249
748.0 91.318
749.0 91.373
750.0 91.443
751.0 91.515999
752.0 91.601999
753.0 91.661
754.0 91.729
755.0 91.798999
756.0 91.904
757.0 91.976
758.0 92.047
759.0 92.105999
760.0 92.174
761.0 92.247999
762.0 92.327
763.0 92.371
764.0 92.446
765.0 92.502
766.0 92.534
767.0 92.578999
768.0 92.625
769.0 92.67
770.0 92.727
771.0 92.765
772.0 92.840999
773.0 92.887
774.0 92.966
775.0 93.030999
776.0 93.089
777.0 93.143
778.0 93.194999
779.0 93.245
780.0 93.254
781.0 93.237
782.0 93.203
783.0 93.134
784.0 93.101999
785.0 93.04
786.0 93.013
787.0 93.01
788.0 93.021
789.0 92.988
790.0 92.969
791.0 92.935999
792.0 92.898
793.0 92.845999
794.0 92.793
795.0 92.722
796.0 92.662
797.0 92.584
798.0 92.528
799.0 92.462
800.0 92.388
801.0 92.31
802.0 92.242999
803.0 92.13
804.0 92.051
805.0 91.95
806.0 91.852
807.0 91.774
808.0 91.666
809.0 91.573
810.0 91.468999
811.0 91.355
812.0 91.245
813.0 91.152999
814.0 91.021
815.0 90.913
816.0 90.803
817.0 90.696
818.0 90.593999
819.0 90.483
820.0 90.364999
821.0 90.246
822.0 90.146
823.0 90.042
824.0 89.917999
825.0 89.819999
826.0 89.714
827.0 89.608
828.0 89.498
829.0 89.4
830.0 89.3
831.0 89.219
832.0 89.124
833.0 89.021
834.0 88.951
835.0 88.858
836.0 88.79
837.0 88.709
838.0 88.622999
839.0 88.566999
840.0 88.488999
841.0 88.41
842.0 88.384
843.0 88.304
844.0 88.266
845.0 88.207
846.0 88.205999
847.0 88.146
848.0 88.110999
849.0 88.077
850.0 88.049
851.0 88.023
852.0 88.02
853.0 88.014
854.0 88.005
855.0 88.0
856.0 88.0
857.0 88.016
858.0 88.016
859.0 88.051999
860.0 88.035
861.0 88.092
862.0 88.093999
863.0 88.122
864.0 88.173999
865.0 88.207
866.0 88.239
867.0 88.275
868.0 88.324
869.0 88.387
870.0 88.471999
871.0 88.496
872.0 88.577
873.0 88.637
874.0 88.712
875.0 88.768
876.0 88.837999
877.0 88.911
878.0 88.998
879.0 89.061
880.0 89.154
881.0 89.229
882.0 89.31
883.0 89.423
884.0 89.514
885.0 89.624
886.0 89.719
887.0 89.807999
888.0 89.937
889.0 90.007
890.0 90.108999
891.0 90.208999
892.0 90.324
893.0 90.412
894.0 90.526
895.0 90.608
896.0 90.715
897.0 90.813999
898.0 90.9
899.0 91.001
900.0 91.095
901.0 91.184
902.0 91.266
903.0 91.356
904.0 91.425
905.0 91.527999
906.0 91.593
907.0 91.672
908.0 91.739
909.0 91.813
910.0 91.893999
911.0 91.956
912.0 92.024
913.0 92.103
914.0 92.152999
915.0 92.215999
916.0 92.297
917.0 92.361999
918.0 92.419
919.0 92.493
920.0 92.565
921.0 92.632
922.0 92.655
923.0 92.723
924.0 92.768
925.0 92.83
926.0 92.852
927.0 92.91
928.0 92.923999
929.0 92.97
930.0 92.981
931.0 93.005
932.0 93.02
933.0 93.039
934.0 93.028
935.0 93.057
936.0 93.025
937.0 93.053
938.0 93.022
939.0 93.036
940.0 93.033999
941.0 93.005
942.0 92.989999
943.0 92.946
944.0 92.915
945.0 92.888
946.0 92.839
947.0 92.783
948.0 92.742999
949.0 92.726
950.0 92.687
951.0 92.655
952.0 92.6
953.0 92.532
954.0 92.465
955.0 92.425
956.0 92.354
957.0 92.294
958.0 92.227999
959.0 92.151
960.0 92.087
961.0 92.015999
962.0 91.93
963.0 91.848
964.0 91.794
965.0 91.696
966.0 91.613999
967.0 91.537
968.0 91.447999
969.0 91.361
970.0 91.271
971.0 91.152
972.0 91.086999
973.0 90.988
974.0 90.903
975.0 90.805
976.0 90.724999
977.0 90.619
978.0 90.518
979.0 90.424
980.0 90.309
981.0 90.206
982.0 90.153
983.0 90.159
984.0 90.042999
985.0 89.979
986.0 89.866999
987.0 89.747
988.0 89.655
989.0 89.561
990.0 89.476
991.0 89.377
992.0 89.282
993.0 89.191
994.0 89.104
995.0 88.995
996.0 88.91
997.0 88.818
998.0 88.739999
999.0 88.645
1000.0 88.566
1001.0 88.482
1002.0 88.396
1003.0 88.324
1004.0 88.248
1005.0 88.158
1006.0 88.081
1007.0 88.011
1008.0 87.932
1009.0 87.886
1010.0 87.812
1011.0 87.773
1012.0 87.687
1013.0 87.634999
1014.0 87.577
1015.0 87.516
1016.0 87.444
1017.0 87.392
1018.0 87.341
1019.0 87.29
1020.0 87.241999
1021.0 87.193
1022.0 87.173999
1023.0 87.153
1024.0 87.126
1025.0 87.095999
1026.0 87.06
1027.0 87.046
1028.0 87.014
1029.0 86.989999
1030.0 86.973
1031.0 86.979
1032.0 86.956
1033.0 86.944
1034.0 86.941
1035.0 86.936
1036.0 86.912
1037.0 86.95
1038.0 86.944999
1039.0 86.929
1040.0 86.953
1041.0 86.976
1042.0 86.973999
1043.0 86.983999
1044.0 87.0
1045.0 86.992
1046.0 87.041
1047.0 87.105999
1048.0 87.117
1049.0 87.154
1050.0 87.189
1051.0 87.236999
1052.0 87.265
1053.0 87.312
1054.0 87.357
1055.0 87.41
1056.0 87.448
1057.0 87.508
1058.0 87.566
1059.0 87.601
1060.0 87.64
1061.0 87.724999
1062.0 87.782
1063.0 87.826
1064.0 87.896
1065.0 87.958
1066.0 87.995
1067.0 88.07
1068.0 88.119
1069.0 88.277
1070.0 88.336
1071.0 88.393
1072.0 88.452
1073.0 88.537
1074.0 88.605999
1075.0 88.703
1076.0 88.798
1077.0 88.86
1078.0 88.976999
1079.0 89.015
1080.0 89.121
1081.0 89.192
1082.0 89.305
1083.0 89.378
1084.0 89.494
1085.0 89.566
1086.0 89.651
1087.0 89.732
1088.0 89.846999
1089.0 89.905999
1090.0 90.001
1091.0 90.105
1092.0 90.206
1093.0 90.253
1094.0 90.369999
1095.0 90.503999
1096.0 90.613
1097.0 90.696
1098.0 90.751
1099.0 90.86
1100.0 90.912
