190.0 0.02
191.0 0.103
192.0 0.023
193.0 0.053
194.0 0.048
195.0 0.09
196.0 0.02
197.0 0.046
198.0 0.02
199.0 0.029
200.0 0.016
201.0 0.02
202.0 0.042
203.0 0.053
204.0 0.03
205.0 0.024
206.0 0.021
207.0 0.019
208.0 0.016
209.0 0.026
210.0 0.02
211.0 0.042
212.0 0.03
213.0 0.022
214.0 0.009
215.0 0.023
216.0 0.033
217.0 0.023
218.0 0.014
219.0 0.025
220.0 0.029
221.0 0.019
222.0 0.011
223.0 0.022
224.0 0.023
225.0 0.02
226.0 0.023
227.0 0.031
228.0 0.022
229.0 0.005
230.0 0.025
231.0 0.015
232.0 0.021
233.0 0.016
234.0 0.014
235.0 0.033
236.0 0.021
237.0 0.02
238.0 0.017
239.0 0.017
240.0 0.009
241.0 0.016
242.0 0.02
243.0 0.035
244.0 0.014
245.0 0.021
246.0 0.023
247.0 0.025
248.0 0.03
249.0 0.017
250.0 0.029
251.0 0.035
252.0 0.014
253.0 0.025
254.0 0.029
255.0 0.021
256.0 0.024
257.0 0.015
258.0 0.032
259.0 0.031
260.0 0.032
261.0 0.009
262.0 0.04
263.0 0.017
264.0 0.011
265.0 0.031
266.0 0.04
267.0 0.052
268.0 0.03
269.0 0.036
270.0 0.02
271.0 0.054
272.0 0.047
273.0 0.029
274.0 0.026
275.0 0.057
276.0 0.006999
277.0 0.034
278.0 0.024
279.0 0.043
280.0 0.025
281.0 0.017
282.0 0.035
283.0 0.077
284.0 0.015
285.0 0.041
286.0 0.012
287.0 0.022
288.0 0.021
289.0 0.069999
290.0 0.009
291.0 0.066
292.0 0.021
293.0 0.022
294.0 0.031
295.0 0.033
296.0 0.025
297.0 0.039
298.0 0.048
299.0 0.041
300.0 0.04
301.0 0.013
302.0 0.042
303.0 0.039
304.0 0.036
305.0 0.034
306.0 0.014
307.0 0.066
308.0 0.054
309.0 0.044
310.0 0.046
311.0 0.05
312.0 0.019
313.0 0.052
314.0 0.031
315.0 0.061
316.0 0.03
317.0 0.036
318.0 0.062
319.0 0.028
320.0 0.059
321.0 0.045
322.0 0.005
323.0 0.083
324.0 0.051
325.0 0.016
326.0 0.053
327.0 0.05
328.0 0.073
329.0 0.095
330.0 0.065
331.0 0.1
332.0 0.075
333.0 0.068
334.0 0.082
335.0 0.061
336.0 0.058
337.0 0.053
338.0 0.062
339.0 0.069999
340.0 0.037
341.0 0.047
342.0 0.06
343.0 0.051
344.0 0.042
345.0 0.055999
346.0 0.044
347.0 0.06
348.0 0.055
349.0 0.041
350.0 0.037
351.0 0.037
352.0 0.042
353.0 0.052
354.0 0.057
355.0 0.086999
356.0 0.096
357.0 0.14
358.0 0.2
359.0 0.291
360.0 0.430999
361.0 0.647999
362.0 0.941999
363.0 1.358
364.0 1.912
365.0 2.658
366.0 3.609
367.0 4.782999
368.0 6.221
369.0 7.9
370.0 9.798
371.0 11.914
372.0 14.105
373.0 16.323
374.0 18.487
375.0 20.606
376.0 22.661
377.0 24.72
378.0 26.871
379.0 29.136
380.0 31.461
381.0 33.901
382.0 36.367
383.0 38.763
384.0 40.939
385.0 42.664
386.0 44.049
387.0 45.093
388.0 45.881
389.0 46.523
390.0 47.098
391.0 47.677
392.0 48.374
393.0 49.222
394.0 50.236999
395.0 51.44
396.0 52.822
397.0 54.369
398.0 55.965
399.0 57.621
400.0 59.207
401.0 60.667
402.0 61.903
403.0 62.863
404.0 63.511
405.0 63.883
406.0 63.956999
407.0 63.816
408.0 63.493
409.0 63.08
410.0 62.602999
411.0 62.166999
412.0 61.825
413.0 61.588
414.0 61.526
415.0 61.607
416.0 61.858
417.0 62.295999
418.0 62.889
419.0 63.615999
420.0 64.521
421.0 65.515
422.0 66.525
423.0 67.619
424.0 68.652999
425.0 69.608999
426.0 70.498
427.0 71.236
428.0 71.8
429.0 72.187
430.0 72.387
431.0 72.355
432.0 72.194
433.0 71.831999
434.0 71.387999
435.0 70.81
436.0 70.201
437.0 69.591
438.0 68.97
439.0 68.415
440.0 67.917
441.0 67.466
442.0 67.157
443.0 66.944999
444.0 66.869
445.0 66.91
446.0 67.038
447.0 67.318
448.0 67.681
449.0 68.211
450.0 68.773
451.0 69.435999
452.0 70.155
453.0 70.909
454.0 71.677
455.0 72.48
456.0 73.236
457.0 73.992
458.0 74.665
459.0 75.258
460.0 75.768
461.0 76.122
462.0 76.407
463.0 76.548
464.0 76.559999
465.0 76.476999
466.0 76.256999
467.0 75.965999
468.0 75.581
469.0 75.141
470.0 74.624
471.0 74.099999
472.0 73.543
473.0 72.985
474.0 72.467
475.0 71.970999
476.0 71.527
477.0 71.126
478.0 70.791
479.0 70.5
480.0 70.312
481.0 70.191999
482.0 70.124
483.0 70.164
484.0 70.268
485.0 70.443999
486.0 70.699
487.0 71.027
488.0 71.426999
489.0 71.875999
490.0 72.409
491.0 72.925
492.0 73.518
493.0 74.122
494.0 74.729
495.0 75.351
496.0 75.97
497.0 76.607
498.0 77.197999
499.0 77.762
500.0 78.261
501.0 78.7
502.0 79.06
503.0 79.392
504.0 79.608
505.0 79.783
506.0 79.866
507.0 79.881999
508.0 79.786999
509.0 79.65
510.0 79.432
511.0 79.17
512.0 78.845
513.0 78.488
514.0 78.069
515.0 77.651
516.0 77.19
517.0 76.742
518.0 76.277
519.0 75.821
520.0 75.375
521.0 74.946
522.0 74.56
523.0 74.202
524.0 73.889
525.0 73.583
526.0 73.357
527.0 73.14
528.0 72.997999
529.0 72.887999
530.0 72.861
531.0 72.848
532.0 72.867
533.0 72.972
534.0 73.118
535.0 73.312
536.0 73.531
537.0 73.801
538.0 74.124
539.0 74.475
540.0 74.854
541.0 75.258
542.0 75.700999
543.0 76.137
544.0 76.610999
545.0 77.095
546.0 77.563
547.0 78.06
548.0 78.553
549.0 79.007
550.0 79.447999
551.0 79.867999
552.0 80.291
553.0 80.645
554.0 80.983
555.0 81.286999
556.0 81.536
557.0 81.747
558.0 81.902
559.0 82.014
560.0 82.140999
561.0 82.15
562.0 82.123
563.0 82.041
564.0 81.918
565.0 81.765
566.0 81.55
567.0 81.292
568.0 81.033
569.0 80.757
570.0 80.405
571.0 80.068
572.0 79.708
573.0 79.329
574.0 78.95
575.0 78.551999
576.0 78.164999
577.0 77.788
578.0 77.402
579.0 77.054
580.0 76.705
581.0 76.382
582.0 76.068
583.0 75.786
584.0 75.524999
585.0 75.291
586.0 75.107
587.0 74.931
588.0 74.791
589.0 74.688
590.0 74.611999
591.0 74.557
592.0 74.539999
593.0 74.548
594.0 74.578999
595.0 74.652
596.0 74.746
597.0 74.864
598.0 75.012
599.0 75.17
600.0 75.378
601.0 75.598
602.0 75.852
603.0 76.113
604.0 76.395
605.0 76.695
606.0 77.015
607.0 77.344
608.0 77.684
609.0 78.039
610.0 78.4
611.0 78.778
612.0 79.148
613.0 79.515
614.0 79.875
615.0 80.246
616.0 80.593
617.0 80.94
618.0 81.27
619.0 81.58
620.0 81.891
621.0 82.19
622.0 82.446
623.0 82.702
624.0 82.931999
625.0 83.108
626.0 83.285
627.0 83.44
628.0 83.545
629.0 83.616
630.0 83.685
631.0 83.701
632.0 83.701
633.0 83.673
634.0 83.613
635.0 83.532
636.0 83.418
637.0 83.292999
638.0 83.111999
639.0 82.953
640.0 82.730999
641.0 82.517
642.0 82.277999
643.0 82.011
644.0 81.754
645.0 81.482
646.0 81.188
647.0 80.908
648.0 80.599
649.0 80.278
650.0 79.973
651.0 79.655
652.0 79.348
653.0 79.052
654.0 78.758
655.0 78.452999
656.0 78.17
657.0 77.903
658.0 77.622
659.0 77.372
660.0 77.131
661.0 76.9
662.0 76.685
663.0 76.468
664.0 76.28
665.0 76.109
666.0 75.949
667.0 75.789
668.0 75.688999
669.0 75.592
670.0 75.476
671.0 75.422
672.0 75.345
673.0 75.327
674.0 75.302
675.0 75.271999
676.0 75.317
677.0 75.337
678.0 75.381
679.0 75.436
680.0 75.522
681.0 75.602999
682.0 75.759
683.0 75.855999
684.0 75.997
685.0 76.145
686.0 76.312
687.0 76.488
688.0 76.693
689.0 76.886
690.0 77.104
691.0 77.34
692.0 77.554999
693.0 77.803
694.0 78.051
695.0 78.313
696.0 78.574999
697.0 78.825999
698.0 79.09
699.0 79.366
700.0 79.633
701.0 79.9
702.0 80.167
703.0 80.420999
704.0 80.676999
705.0 80.932
706.0 81.179
707.0 81.449
708.0 81.666
709.0 81.902
710.0 82.111999
711.0 82.337
712.0 82.521
713.0 82.703999
714.0 82.877
715.0 83.041
716.0 83.194999
717.0 83.328
718.0 83.449
719.0 83.552
720.0 83.628999
721.0 83.694
722.0 83.779
723.0 83.804999
724.0 83.824
725.0 83.840999
726.0 83.836
727.0 83.813
728.0 83.769
729.0 83.74
730.0 83.655
731.0 83.584
732.0 83.476
733.0 83.391
734.0 83.268
735.0 83.11
736.0 82.979
737.0 82.799
738.0 82.657
739.0 82.477
740.0 82.289
741.0 82.092
742.0 81.895
743.0 81.672
744.0 81.462999
745.0 81.262
746.0 81.030999
747.0 80.798
748.0 80.595
749.0 80.356
750.0 80.111
751.0 79.894
752.0 79.649
753.0 79.419
754.0 79.188999
755.0 78.964
756.0 78.739
757.0 78.511
758.0 78.291
759.0 78.075
760.0 77.858999
761.0 77.641
762.0 77.432
763.0 77.264
764.0 77.062
765.0 76.864
766.0 76.684
767.0 76.499
768.0 76.34
769.0 76.181
770.0 76.039
771.0 75.908
772.0 75.765
773.0 75.67
774.0 75.563
775.0 75.471
776.0 75.397
777.0 75.324
778.0 75.268
779.0 75.221999
780.0 75.175
781.0 75.108
782.0 75.075999
783.0 75.015
784.0 74.971
785.0 74.923
786.0 74.935
787.0 74.958
788.0 74.972
789.0 74.988999
790.0 75.034
791.0 75.075999
792.0 75.143
793.0 75.177
794.0 75.251
795.0 75.307999
796.0 75.38
797.0 75.480999
798.0 75.59
799.0 75.673999
800.0 75.773
801.0 75.890999
802.0 76.035
803.0 76.157
804.0 76.28
805.0 76.424
806.0 76.562
807.0 76.695
808.0 76.873
809.0 77.011
810.0 77.179
811.0 77.336
812.0 77.502
813.0 77.66
814.0 77.825999
815.0 78.008
816.0 78.191
817.0 78.36
818.0 78.52
819.0 78.702
820.0 78.861999
821.0 79.066999
822.0 79.224999
823.0 79.381999
824.0 79.561
825.0 79.747999
826.0 79.922
827.0 80.061
828.0 80.230999
829.0 80.413
830.0 80.553
831.0 80.69
832.0 80.849999
833.0 80.998
834.0 81.132
835.0 81.255
836.0 81.392
837.0 81.508
838.0 81.616
839.0 81.733999
840.0 81.833
841.0 81.929
842.0 82.029
843.0 82.119
844.0 82.182
845.0 82.256
846.0 82.309
847.0 82.361999
848.0 82.419
849.0 82.461
850.0 82.481
851.0 82.509999
852.0 82.544
853.0 82.539
854.0 82.551
855.0 82.533999
856.0 82.531
857.0 82.509
858.0 82.48
859.0 82.437
860.0 82.393
861.0 82.348
862.0 82.318
863.0 82.236
864.0 82.167
865.0 82.099999
866.0 82.011
867.0 81.937
868.0 81.847
869.0 81.746
870.0 81.633
871.0 81.530999
872.0 81.435
873.0 81.324
874.0 81.185
875.0 81.03
876.0 80.923
877.0 80.786
878.0 80.652999
879.0 80.55
880.0 80.373
881.0 80.241
882.0 80.108
883.0 79.951
884.0 79.818999
885.0 79.669
886.0 79.554999
887.0 79.419
888.0 79.267
889.0 79.125999
890.0 78.979
891.0 78.827
892.0 78.681
893.0 78.526
894.0 78.373
895.0 78.246
896.0 78.074
897.0 77.925
898.0 77.774
899.0 77.639
900.0 77.482
901.0 77.324
902.0 77.209
903.0 77.027999
904.0 76.911
905.0 76.751
906.0 76.616
907.0 76.474
908.0 76.357
909.0 76.2
910.0 76.063999
911.0 75.929999
912.0 75.807999
913.0 75.697
914.0 75.566999
915.0 75.453999
916.0 75.349999
917.0 75.232
918.0 75.139
919.0 75.06
920.0 74.96
921.0 74.896
922.0 74.812
923.0 74.736
924.0 74.653
925.0 74.592
926.0 74.531
927.0 74.475
928.0 74.428
929.0 74.393
930.0 74.342
931.0 74.309
932.0 74.266
933.0 74.248
934.0 74.224999
935.0 74.197
936.0 74.187
937.0 74.172
938.0 74.172
939.0 74.161
940.0 74.153
941.0 74.155
942.0 74.175
943.0 74.169
944.0 74.156
945.0 74.165
946.0 74.2
947.0 74.228
948.0 74.276
949.0 74.274
950.0 74.31
951.0 74.373
952.0 74.409
953.0 74.455
954.0 74.482
955.0 74.551
956.0 74.599999
957.0 74.697
958.0 74.744999
959.0 74.824
960.0 74.873
961.0 74.947
962.0 75.051999
963.0 75.107
964.0 75.184
965.0 75.264
966.0 75.366
967.0 75.446
968.0 75.514
969.0 75.609
970.0 75.727999
971.0 75.802
972.0 75.923
973.0 75.995
974.0 76.087
975.0 76.197
976.0 76.295999
977.0 76.38
978.0 76.487
979.0 76.617999
980.0 76.688999
981.0 76.792
982.0 76.920999
983.0 77.121
984.0 77.232
985.0 77.325
986.0 77.429
987.0 77.539999
988.0 77.649
989.0 77.769
990.0 77.866999
991.0 77.974
992.0 78.066
993.0 78.184
994.0 78.273
995.0 78.393
996.0 78.483999
997.0 78.6
998.0 78.687
999.0 78.824
1000.0 78.891
1001.0 79.02
1002.0 79.098
1003.0 79.202
1004.0 79.274
1005.0 79.38
1006.0 79.476
1007.0 79.544
1008.0 79.644
1009.0 79.724999
1010.0 79.81
1011.0 79.887
1012.0 79.944
1013.0 80.042
1014.0 80.087
1015.0 80.161
1016.0 80.247
1017.0 80.325999
1018.0 80.349999
1019.0 80.42
1020.0 80.458
1021.0 80.491999
1022.0 80.559
1023.0 80.604
1024.0 80.625
1025.0 80.685
1026.0 80.706
1027.0 80.739
1028.0 80.810999
1029.0 80.819
1030.0 80.877
1031.0 80.872
1032.0 80.927
1033.0 80.943
1034.0 80.944999
1035.0 80.955999
1036.0 80.965
1037.0 80.932999
1038.0 80.971999
1039.0 80.959999
1040.0 80.967
1041.0 80.942
1042.0 80.939
1043.0 80.914
1044.0 80.89
1045.0 80.895
1046.0 80.824
1047.0 80.803
1048.0 80.782
1049.0 80.742999
1050.0 80.737
1051.0 80.658
1052.0 80.656
1053.0 80.604
1054.0 80.572
1055.0 80.53
1056.0 80.54
1057.0 80.414
1058.0 80.383
1059.0 80.361999
1060.0 80.281
1061.0 80.184
1062.0 80.117
1063.0 80.049
1064.0 80.045
1065.0 79.907
1066.0 79.883
1067.0 79.754
1068.0 79.676999
1069.0 79.62
1070.0 79.486
1071.0 79.456
1072.0 79.388
1073.0 79.286
1074.0 79.256
1075.0 79.217
1076.0 79.014
1077.0 79.018
1078.0 78.955
1079.0 78.842
1080.0 78.72
1081.0 78.608
1082.0 78.547
1083.0 78.461
1084.0 78.349999
1085.0 78.27
1086.0 78.175
1087.0 78.135
1088.0 77.952999
1089.0 77.848
1090.0 77.778
1091.0 77.685999
1092.0 77.62
1093.0 77.524
1094.0 77.456
1095.0 77.432
1096.0 77.244999
1097.0 77.121
1098.0 77.09
1099.0 76.971999
1100.0 76.846999
