190.0 0.023
191.0 0.064
192.0 0.033
193.0 0.053
194.0 0.029
195.0 0.035
196.0 0.037
197.0 0.003
198.0 0.031
199.0 0.029
200.0 0.014
201.0 0.02
202.0 0.026
203.0 0.046
204.0 0.023
205.0 0.014
206.0 0.021
207.0 0.02
208.0 0.017
209.0 0.021
210.0 0.018
211.0 0.021
212.0 0.015
213.0 0.022
214.0 0.004
215.0 0.019
216.0 0.016
217.0 0.011
218.0 0.017
219.0 0.03
220.0 0.014
221.0 0.031
222.0 0.018
223.0 0.019
224.0 0.014
225.0 0.028
226.0 0.014
227.0 0.006
228.0 0.015
229.0 0.017
230.0 0.012
231.0 0.02
232.0 0.009
233.0 0.016
234.0 0.013
235.0 0.024
236.0 0.01
237.0 0.014
238.0 0.006
239.0 0.009
240.0 0.015
241.0 0.006999
242.0 0.016
243.0 0.016
244.0 0.008
245.0 0.012
246.0 0.008
247.0 0.006
248.0 0.0
249.0 0.014
250.0 0.003
251.0 0.036
252.0 0.0
253.0 0.01
254.0 0.006
255.0 0.014
256.0 0.018
257.0 -0.004
258.0 0.02
259.0 0.023
260.0 0.013
261.0 0.001
262.0 0.015
263.0 0.036
264.0 0.009
265.0 0.017
266.0 0.035
267.0 0.04
268.0 0.008
269.0 0.018
270.0 0.008
271.0 0.015
272.0 0.026
273.0 0.03
274.0 0.006999
275.0 0.045
276.0 0.019
277.0 -0.003
278.0 0.024
279.0 0.042
280.0 0.031
281.0 0.032
282.0 0.037
283.0 0.061
284.0 0.038
285.0 0.02
286.0 0.019
287.0 0.02
288.0 -0.003
289.0 0.022
290.0 0.024
291.0 0.059
292.0 0.027
293.0 0.018
294.0 0.039
295.0 0.022
296.0 0.027
297.0 0.027
298.0 0.033
299.0 0.034
300.0 0.022
301.0 0.03
302.0 0.029
303.0 0.042
304.0 0.04
305.0 0.006
306.0 0.03
307.0 0.045
308.0 0.006999
309.0 0.014
310.0 0.038
311.0 0.002
312.0 0.018
313.0 0.015
314.0 0.033
315.0 0.052
316.0 0.024
317.0 0.036
318.0 0.034
319.0 0.037
320.0 0.006999
321.0 0.005
322.0 0.021
323.0 0.06
324.0 0.023
325.0 0.037
326.0 0.05
327.0 0.075
328.0 0.064
329.0 0.06
330.0 0.041
331.0 0.06
332.0 0.064
333.0 0.067
334.0 0.043
335.0 0.046
336.0 0.063
337.0 0.051
338.0 0.052
339.0 0.057
340.0 0.04
341.0 0.023
342.0 0.037
343.0 0.025
344.0 0.034
345.0 0.023
346.0 0.03
347.0 0.039
348.0 0.033
349.0 0.036
350.0 0.036
351.0 0.029
352.0 0.02
353.0 0.024
354.0 0.04
355.0 0.037
356.0 0.029
357.0 0.022
358.0 0.027
359.0 0.037
360.0 0.015
361.0 0.038
362.0 0.027
363.0 0.047
364.0 0.047
365.0 0.051
366.0 0.085999
367.0 0.123
368.0 0.2
369.0 0.287
370.0 0.45
371.0 0.697
372.0 1.028
373.0 1.479
374.0 2.085
375.0 2.841
376.0 3.785
377.0 4.859
378.0 6.146
379.0 7.606
380.0 9.199
381.0 10.962
382.0 12.876
383.0 15.032
384.0 17.256
385.0 19.416
386.0 21.618
387.0 23.815
388.0 26.013
389.0 28.224
390.0 30.432
391.0 32.592
392.0 34.712
393.0 36.776
394.0 38.786
395.0 40.726
396.0 42.62
397.0 44.49
398.0 46.315
399.0 48.089
400.0 49.789
401.0 51.420999
402.0 52.952
403.0 54.381
404.0 55.684
405.0 56.859
406.0 57.919
407.0 58.885
408.0 59.778
409.0 60.663999
410.0 61.497
411.0 62.358999
412.0 63.207
413.0 64.105999
414.0 64.998
415.0 65.878
416.0 66.769
417.0 67.6
418.0 68.392
419.0 69.128999
420.0 69.777
421.0 70.312
422.0 70.804
423.0 71.147
424.0 71.438
425.0 71.636
426.0 71.84
427.0 71.982
428.0 72.135
429.0 72.277
430.0 72.468999
431.0 72.699
432.0 73.001
433.0 73.343
434.0 73.69
435.0 74.119
436.0 74.575
437.0 75.016
438.0 75.488999
439.0 75.932
440.0 76.352
441.0 76.749
442.0 77.096
443.0 77.364999
444.0 77.628
445.0 77.795
446.0 77.905
447.0 77.961
448.0 77.939
449.0 77.895
450.0 77.798999
451.0 77.730999
452.0 77.642
453.0 77.563999
454.0 77.531
455.0 77.498
456.0 77.542999
457.0 77.597
458.0 77.730999
459.0 77.928
460.0 78.139
461.0 78.368
462.0 78.63
463.0 78.931
464.0 79.224
465.0 79.501
466.0 79.798999
467.0 80.081
468.0 80.32
469.0 80.53
470.0 80.675
471.0 80.801
472.0 80.950999
473.0 80.97
474.0 80.983999
475.0 80.927
476.0 80.852999
477.0 80.745
478.0 80.599
479.0 80.442
480.0 80.296
481.0 80.111
482.0 79.962
483.0 79.822999
484.0 79.712999
485.0 79.607
486.0 79.551
487.0 79.52
488.0 79.53
489.0 79.574
490.0 79.654
491.0 79.792
492.0 79.942
493.0 80.119
494.0 80.315
495.0 80.525
496.0 80.757
497.0 80.974
498.0 81.211
499.0 81.442
500.0 81.645
501.0 81.849999
502.0 82.047
503.0 82.187
504.0 82.318
505.0 82.426
506.0 82.488
507.0 82.53
508.0 82.536
509.0 82.506
510.0 82.462
511.0 82.379
512.0 82.283
513.0 82.136
514.0 82.014
515.0 81.831
516.0 81.669
517.0 81.493
518.0 81.343
519.0 81.171
520.0 81.003
521.0 80.882
522.0 80.769
523.0 80.675
524.0 80.613
525.0 80.581
526.0 80.557
527.0 80.566
528.0 80.619
529.0 80.694999
530.0 80.789
531.0 80.922
532.0 81.054999
533.0 81.242999
534.0 81.429
535.0 81.615
536.0 81.852
537.0 82.047
538.0 82.262999
539.0 82.504
540.0 82.698
541.0 82.895
542.0 83.103
543.0 83.289999
544.0 83.443
545.0 83.601
546.0 83.726999
547.0 83.858
548.0 83.926
549.0 84.023
550.0 84.057
551.0 84.057999
552.0 84.048999
553.0 84.038
554.0 83.977
555.0 83.905
556.0 83.794
557.0 83.677
558.0 83.554
559.0 83.413
560.0 83.249
561.0 83.08
562.0 82.931999
563.0 82.776
564.0 82.584
565.0 82.449
566.0 82.301999
567.0 82.161
568.0 82.045999
569.0 81.949
570.0 81.875
571.0 81.806
572.0 81.73
573.0 81.711999
574.0 81.697
575.0 81.726
576.0 81.75
577.0 81.808
578.0 81.89
579.0 81.983999
580.0 82.08
581.0 82.206999
582.0 82.334
583.0 82.462
584.0 82.635
585.0 82.782
586.0 82.945
587.0 83.092999
588.0 83.244
589.0 83.414
590.0 83.563
591.0 83.721999
592.0 83.858
593.0 84.012
594.0 84.148
595.0 84.269
596.0 84.369
597.0 84.476
598.0 84.559
599.0 84.634
600.0 84.701
601.0 84.741
602.0 84.761
603.0 84.767
604.0 84.753999
605.0 84.716
606.0 84.667
607.0 84.614999
608.0 84.528
609.0 84.443
610.0 84.325
611.0 84.206
612.0 84.064
613.0 83.911
614.0 83.747
615.0 83.596999
616.0 83.431999
617.0 83.255
618.0 83.063
619.0 82.896999
620.0 82.714
621.0 82.533999
622.0 82.357
623.0 82.205
624.0 82.045
625.0 81.901
626.0 81.771
627.0 81.657
628.0 81.544
629.0 81.438999
630.0 81.359
631.0 81.294
632.0 81.237
633.0 81.205
634.0 81.185
635.0 81.183
636.0 81.197
637.0 81.209
638.0 81.26
639.0 81.337999
640.0 81.391
641.0 81.494
642.0 81.586
643.0 81.685
644.0 81.797
645.0 81.922
646.0 82.056
647.0 82.193
648.0 82.345
649.0 82.506999
650.0 82.655999
651.0 82.811
652.0 82.984
653.0 83.131
654.0 83.292
655.0 83.434
656.0 83.59
657.0 83.751
658.0 83.887
659.0 84.03
660.0 84.154
661.0 84.249
662.0 84.367999
663.0 84.469
664.0 84.562
665.0 84.626
666.0 84.702999
667.0 84.748
668.0 84.789999
669.0 84.816
670.0 84.826
671.0 84.807999
672.0 84.796
673.0 84.777
674.0 84.718999
675.0 84.658999
676.0 84.595
677.0 84.527
678.0 84.426
679.0 84.316
680.0 84.202
681.0 84.057
682.0 83.909
683.0 83.773
684.0 83.649
685.0 83.497
686.0 83.33
687.0 83.143999
688.0 82.982999
689.0 82.809
690.0 82.618
691.0 82.432
692.0 82.247
693.0 82.068
694.0 81.88
695.0 81.718999
696.0 81.533999
697.0 81.377
698.0 81.215999
699.0 81.045999
700.0 80.908
701.0 80.772
702.0 80.65
703.0 80.535
704.0 80.419
705.0 80.309
706.0 80.235999
707.0 80.157
708.0 80.105
709.0 80.042
710.0 79.999
711.0 79.967
712.0 79.942
713.0 79.926
714.0 79.934
715.0 79.943
716.0 79.976
717.0 79.988
718.0 80.045999
719.0 80.096999
720.0 80.152999
721.0 80.218
722.0 80.293
723.0 80.375
724.0 80.47
725.0 80.584
726.0 80.664
727.0 80.776
728.0 80.904
729.0 81.01
730.0 81.135
731.0 81.27
732.0 81.386
733.0 81.514
734.0 81.633
735.0 81.754
736.0 81.882
737.0 82.017
738.0 82.143
739.0 82.265999
740.0 82.393
741.0 82.514
742.0 82.61
743.0 82.721999
744.0 82.83
745.0 82.933
746.0 83.009
747.0 83.104999
748.0 83.194
749.0 83.253999
750.0 83.327
751.0 83.391
752.0 83.422
753.0 83.486
754.0 83.511
755.0 83.539
756.0 83.567
757.0 83.562
758.0 83.564
759.0 83.548
760.0 83.521999
761.0 83.489
762.0 83.459
763.0 83.426
764.0 83.348
765.0 83.291
766.0 83.218
767.0 83.124
768.0 83.052
769.0 82.962
770.0 82.842
771.0 82.75
772.0 82.599
773.0 82.485
774.0 82.352999
775.0 82.223
776.0 82.071
777.0 81.899
778.0 81.75
779.0 81.58
780.0 81.426
781.0 81.271
782.0 81.139
783.0 81.018
784.0 80.896999
785.0 80.76
786.0 80.626
787.0 80.464
788.0 80.301999
789.0 80.14
790.0 79.974999
791.0 79.816
792.0 79.688
793.0 79.524
794.0 79.371
795.0 79.23
796.0 79.095
797.0 78.952
798.0 78.842
799.0 78.735
800.0 78.617999
801.0 78.509
802.0 78.427
803.0 78.301
804.0 78.223
805.0 78.14
806.0 78.084
807.0 77.99
808.0 77.946
809.0 77.869999
810.0 77.842999
811.0 77.801
812.0 77.765
813.0 77.744
814.0 77.726
815.0 77.720999
816.0 77.708999
817.0 77.722
818.0 77.715999
819.0 77.739
820.0 77.747
821.0 77.783999
822.0 77.821
823.0 77.856
824.0 77.908999
825.0 77.968
826.0 78.017
827.0 78.077
828.0 78.129
829.0 78.215
830.0 78.271999
831.0 78.361
832.0 78.446
833.0 78.535
834.0 78.639
835.0 78.712999
836.0 78.81
837.0 78.891
838.0 78.997
839.0 79.078
840.0 79.185
841.0 79.285
842.0 79.384
843.0 79.502
844.0 79.613999
845.0 79.702
846.0 79.816
847.0 79.917
848.0 80.021
849.0 80.117
850.0 80.2
851.0 80.324
852.0 80.419
853.0 80.515
854.0 80.596
855.0 80.682
856.0 80.769
857.0 80.855
858.0 80.941
859.0 81.006999
860.0 81.08
861.0 81.147
862.0 81.215
863.0 81.255
864.0 81.343
865.0 81.359
866.0 81.426
867.0 81.489
868.0 81.508
869.0 81.554
870.0 81.569999
871.0 81.603
872.0 81.639
873.0 81.628999
874.0 81.651
875.0 81.643
876.0 81.644
877.0 81.642
878.0 81.616
879.0 81.601
880.0 81.569
881.0 81.530999
882.0 81.483999
883.0 81.443
884.0 81.337
885.0 81.292
886.0 81.203
887.0 81.132
888.0 81.069999
889.0 81.026
890.0 80.925
891.0 80.849999
892.0 80.761
893.0 80.681
894.0 80.561
895.0 80.494
896.0 80.391
897.0 80.294
898.0 80.184
899.0 80.093
900.0 79.967999
901.0 79.845
902.0 79.764
903.0 79.674
904.0 79.559
905.0 79.471999
906.0 79.375
907.0 79.307
908.0 79.22
909.0 79.133
910.0 79.046
911.0 78.971
912.0 78.889
913.0 78.813999
914.0 78.739
915.0 78.649999
916.0 78.551999
917.0 78.443
918.0 78.354999
919.0 78.257
920.0 78.181
921.0 78.059
922.0 77.97
923.0 77.887
924.0 77.786999
925.0 77.687
926.0 77.593999
927.0 77.496
928.0 77.386
929.0 77.318
930.0 77.202
931.0 77.122999
932.0 77.063999
933.0 76.956
934.0 76.881
935.0 76.815
936.0 76.759
937.0 76.676
938.0 76.625
939.0 76.547
940.0 76.494
941.0 76.449
942.0 76.39
943.0 76.345
944.0 76.307
945.0 76.288
946.0 76.239999
947.0 76.208
948.0 76.212
949.0 76.165
950.0 76.137
951.0 76.137999
952.0 76.148
953.0 76.114
954.0 76.102
955.0 76.12
956.0 76.132
957.0 76.13
958.0 76.148
959.0 76.164
960.0 76.185999
961.0 76.22
962.0 76.264
963.0 76.298999
964.0 76.321
965.0 76.365
966.0 76.397
967.0 76.471999
968.0 76.505
969.0 76.544
970.0 76.616
971.0 76.663
972.0 76.709999
973.0 76.78
974.0 76.848
975.0 76.896
976.0 77.000999
977.0 77.07
978.0 77.143
979.0 77.184
980.0 77.236
981.0 77.325
982.0 77.420999
983.0 77.483999
984.0 77.551999
985.0 77.649
986.0 77.739
987.0 77.815
988.0 77.883
989.0 77.994
990.0 78.071
991.0 78.149
992.0 78.218
993.0 78.337
994.0 78.42
995.0 78.491
996.0 78.583
997.0 78.661
998.0 78.771
999.0 78.845
1000.0 78.938
1001.0 79.022
1002.0 79.105999
1003.0 79.19
1004.0 79.277
1005.0 79.374
1006.0 79.439
1007.0 79.538
1008.0 79.603
1009.0 79.681
1010.0 79.744
1011.0 79.815
1012.0 79.893
1013.0 79.994
1014.0 80.042999
1015.0 80.113999
1016.0 80.186
1017.0 80.250999
1018.0 80.289
1019.0 80.347
1020.0 80.408999
1021.0 80.494
1022.0 80.537
1023.0 80.58
1024.0 80.608999
1025.0 80.69
1026.0 80.694999
1027.0 80.735
1028.0 80.756
1029.0 80.810999
1030.0 80.866
1031.0 80.884999
1032.0 80.947999
1033.0 80.947999
1034.0 80.947999
1035.0 81.008
1036.0 81.006
1037.0 81.048
1038.0 81.029
1039.0 81.048
1040.0 81.051
1041.0 81.05
1042.0 81.057
1043.0 81.052
1044.0 81.065
1045.0 81.054
1046.0 81.053
1047.0 81.001
1048.0 80.983999
1049.0 80.94
1050.0 80.934
1051.0 80.906
1052.0 80.883
1053.0 80.86
1054.0 80.803
1055.0 80.794
1056.0 80.784
1057.0 80.723
1058.0 80.678
1059.0 80.648
1060.0 80.601999
1061.0 80.561
1062.0 80.506999
1063.0 80.485
1064.0 80.406
1065.0 80.366
1066.0 80.284
1067.0 80.249
1068.0 80.158
1069.0 80.117999
1070.0 80.027
1071.0 80.001
1072.0 79.869
1073.0 79.833
1074.0 79.78
1075.0 79.675
1076.0 79.623
1077.0 79.527999
1078.0 79.471
1079.0 79.39
1080.0 79.346999
1081.0 79.262999
1082.0 79.134
1083.0 79.104
1084.0 78.974999
1085.0 78.907
1086.0 78.876
1087.0 78.759
1088.0 78.682
1089.0 78.63
1090.0 78.456
1091.0 78.408
1092.0 78.329
1093.0 78.34
1094.0 78.186
1095.0 78.041
1096.0 78.01
1097.0 77.857
1098.0 77.858999
1099.0 77.794
1100.0 77.673999
