190.0 0.032
191.0 0.089
192.0 0.02
193.0 0.055999
194.0 0.034
195.0 0.047
196.0 0.026
197.0 0.027
198.0 0.034
199.0 0.023
200.0 0.023
201.0 0.029
202.0 0.009
203.0 0.062
204.0 0.019
205.0 0.024
206.0 0.02
207.0 0.013
208.0 0.025
209.0 0.015
210.0 0.022
211.0 0.032
212.0 0.011
213.0 0.013
214.0 0.016
215.0 0.025
216.0 0.015
217.0 0.012
218.0 0.034
219.0 0.025
220.0 0.018
221.0 0.022
222.0 0.025
223.0 0.019
224.0 0.008
225.0 0.013
226.0 0.031
227.0 0.028
228.0 0.002
229.0 0.012
230.0 0.015
231.0 0.009
232.0 0.016
233.0 0.017
234.0 0.012
235.0 0.023
236.0 0.003
237.0 0.021
238.0 0.017
239.0 0.002
240.0 0.013
241.0 0.006
242.0 0.014
243.0 0.032
244.0 0.021
245.0 0.016
246.0 0.012
247.0 0.013
248.0 0.008
249.0 0.016
250.0 0.018
251.0 0.027
252.0 0.014
253.0 0.014
254.0 -0.005
255.0 0.023
256.0 0.019
257.0 0.017
258.0 0.024
259.0 0.035
260.0 0.006
261.0 0.006
262.0 0.035
263.0 0.026
264.0 0.008
265.0 0.027
266.0 0.025
267.0 0.046
268.0 0.015
269.0 0.055
270.0 0.025
271.0 0.008
272.0 0.022
273.0 0.011
274.0 0.019
275.0 0.049
276.0 0.025
277.0 0.019
278.0 0.041
279.0 0.015
280.0 0.045
281.0 0.045
282.0 0.021
283.0 0.05
284.0 0.038
285.0 0.011
286.0 0.042
287.0 0.018
288.0 0.026
289.0 0.021
290.0 0.035
291.0 0.032
292.0 0.009
293.0 0.031
294.0 0.028
295.0 0.036
296.0 0.023
297.0 0.05
298.0 0.021
299.0 0.078
300.0 0.04
301.0 0.022
302.0 0.028
303.0 0.027
304.0 -0.006999
305.0 0.046
306.0 0.046
307.0 0.083
308.0 0.044
309.0 0.019
310.0 0.017
311.0 0.019
312.0 0.034
313.0 0.052
314.0 0.063
315.0 0.025
316.0 0.032
317.0 0.03
318.0 0.023
319.0 0.033
320.0 0.018
321.0 0.038
322.0 0.05
323.0 0.05
324.0 0.032
325.0 0.054
326.0 0.019
327.0 0.054
328.0 0.058
329.0 0.062
330.0 0.062
331.0 0.072
332.0 0.069999
333.0 0.041
334.0 0.043
335.0 0.048
336.0 0.047
337.0 0.045
338.0 0.048
339.0 0.039
340.0 0.047
341.0 0.046
342.0 0.034
343.0 0.043
344.0 0.037
345.0 0.022
346.0 0.036
347.0 0.044
348.0 0.02
349.0 0.035
350.0 0.03
351.0 0.033
352.0 0.035
353.0 0.029
354.0 0.034
355.0 0.043
356.0 0.042
357.0 0.054
358.0 0.080999
359.0 0.125
360.0 0.189
361.0 0.287
362.0 0.462
363.0 0.736
364.0 1.091
365.0 1.624
366.0 2.341
367.0 3.276
368.0 4.468
369.0 5.896
370.0 7.592
371.0 9.526
372.0 11.648
373.0 13.934
374.0 16.301
375.0 18.723
376.0 21.093
377.0 23.433
378.0 25.771
379.0 28.092
380.0 30.364
381.0 32.686
382.0 34.936
383.0 37.268
384.0 39.486
385.0 41.451
386.0 43.266
387.0 44.932
388.0 46.456
389.0 47.868
390.0 49.199
391.0 50.502
392.0 51.778
393.0 53.108
394.0 54.435
395.0 55.759
396.0 57.092
397.0 58.396
398.0 59.596
399.0 60.699
400.0 61.667
401.0 62.504
402.0 63.18
403.0 63.711
404.0 64.133
405.0 64.439
406.0 64.669
407.0 64.878
408.0 65.069
409.0 65.322
410.0 65.625999
411.0 66.022
412.0 66.515999
413.0 67.093999
414.0 67.791
415.0 68.483999
416.0 69.214
417.0 69.938
418.0 70.625
419.0 71.286
420.0 71.835
421.0 72.327
422.0 72.697999
423.0 72.973
424.0 73.137
425.0 73.218999
426.0 73.194999
427.0 73.104
428.0 72.979
429.0 72.807
430.0 72.642
431.0 72.486999
432.0 72.405
433.0 72.363999
434.0 72.397
435.0 72.544
436.0 72.732
437.0 73.009
438.0 73.387999
439.0 73.821
440.0 74.283
441.0 74.802
442.0 75.317
443.0 75.841
444.0 76.285
445.0 76.693999
446.0 77.053
447.0 77.33
448.0 77.538
449.0 77.652
450.0 77.673999
451.0 77.637
452.0 77.523
453.0 77.341
454.0 77.083
455.0 76.813
456.0 76.499
457.0 76.185999
458.0 75.897
459.0 75.599999
460.0 75.337
461.0 75.131
462.0 74.988999
463.0 74.909
464.0 74.917999
465.0 74.975
466.0 75.149
467.0 75.349999
468.0 75.636
469.0 75.986
470.0 76.402999
471.0 76.819999
472.0 77.265
473.0 77.727
474.0 78.152
475.0 78.593
476.0 79.005
477.0 79.352999
478.0 79.691
479.0 79.971
480.0 80.198
481.0 80.331
482.0 80.411999
483.0 80.43
484.0 80.378
485.0 80.276
486.0 80.105
487.0 79.884
488.0 79.647
489.0 79.343
490.0 79.007
491.0 78.68
492.0 78.371
493.0 78.023
494.0 77.703
495.0 77.423
496.0 77.158
497.0 76.967
498.0 76.787
499.0 76.68
500.0 76.602999
501.0 76.617
502.0 76.673999
503.0 76.783
504.0 76.976999
505.0 77.183
506.0 77.473
507.0 77.789
508.0 78.154
509.0 78.554
510.0 78.956
511.0 79.378
512.0 79.798999
513.0 80.239999
514.0 80.649
515.0 81.045999
516.0 81.420999
517.0 81.786999
518.0 82.060999
519.0 82.352999
520.0 82.557999
521.0 82.717
522.0 82.831999
523.0 82.911
524.0 82.914
525.0 82.871
526.0 82.787
527.0 82.665
528.0 82.486
529.0 82.279
530.0 82.021999
531.0 81.772
532.0 81.444
533.0 81.145
534.0 80.801999
535.0 80.491999
536.0 80.157
537.0 79.847
538.0 79.532
539.0 79.268
540.0 78.991
541.0 78.792
542.0 78.596999
543.0 78.432
544.0 78.307999
545.0 78.241
546.0 78.191999
547.0 78.214
548.0 78.269
549.0 78.388
550.0 78.513
551.0 78.694
552.0 78.903
553.0 79.161
554.0 79.419
555.0 79.742
556.0 80.069
557.0 80.378
558.0 80.752
559.0 81.089999
560.0 81.479999
561.0 81.825999
562.0 82.194
563.0 82.526
564.0 82.852
565.0 83.164
566.0 83.425
567.0 83.66
568.0 83.871
569.0 84.036999
570.0 84.177
571.0 84.289
572.0 84.354
573.0 84.382
574.0 84.363
575.0 84.309
576.0 84.213
577.0 84.096
578.0 83.932
579.0 83.718
580.0 83.507
581.0 83.261
582.0 82.986
583.0 82.677
584.0 82.374
585.0 82.047
586.0 81.733999
587.0 81.402
588.0 81.089
589.0 80.754
590.0 80.420999
591.0 80.116
592.0 79.804
593.0 79.537
594.0 79.255
595.0 79.029
596.0 78.792
597.0 78.593
598.0 78.413
599.0 78.28
600.0 78.152
601.0 78.08
602.0 78.023
603.0 77.996
604.0 77.999
605.0 78.037
606.0 78.112
607.0 78.215
608.0 78.349999
609.0 78.502
610.0 78.686
611.0 78.9
612.0 79.131
613.0 79.371
614.0 79.642
615.0 79.941
616.0 80.227
617.0 80.542
618.0 80.859
619.0 81.179999
620.0 81.524
621.0 81.849999
622.0 82.161
623.0 82.48
624.0 82.793
625.0 83.099
626.0 83.384999
627.0 83.642
628.0 83.908
629.0 84.148
630.0 84.35
631.0 84.533999
632.0 84.709999
633.0 84.843
634.0 84.952
635.0 85.045999
636.0 85.101
637.0 85.133
638.0 85.131
639.0 85.119
640.0 85.068999
641.0 84.984
642.0 84.893
643.0 84.763
644.0 84.611999
645.0 84.437
646.0 84.24
647.0 84.036
648.0 83.794
649.0 83.568
650.0 83.294
651.0 83.039
652.0 82.753
653.0 82.476
654.0 82.208
655.0 81.915
656.0 81.617999
657.0 81.323
658.0 81.051
659.0 80.794999
660.0 80.506999
661.0 80.262
662.0 79.988
663.0 79.752
664.0 79.512
665.0 79.316
666.0 79.108999
667.0 78.943
668.0 78.797
669.0 78.642
670.0 78.523
671.0 78.42
672.0 78.337
673.0 78.271999
674.0 78.241
675.0 78.198
676.0 78.208
677.0 78.223
678.0 78.277
679.0 78.334999
680.0 78.405
681.0 78.509
682.0 78.647
683.0 78.781
684.0 78.934
685.0 79.078999
686.0 79.27
687.0 79.456999
688.0 79.664999
689.0 79.88
690.0 80.089999
691.0 80.36
692.0 80.593999
693.0 80.831
694.0 81.089999
695.0 81.359
696.0 81.615
697.0 81.874
698.0 82.123
699.0 82.406
700.0 82.643
701.0 82.895
702.0 83.128999
703.0 83.372
704.0 83.592999
705.0 83.811
706.0 84.012
707.0 84.205
708.0 84.372
709.0 84.554
710.0 84.694999
711.0 84.807999
712.0 84.933
713.0 85.042
714.0 85.106
715.0 85.158999
716.0 85.224999
717.0 85.245
718.0 85.263
719.0 85.232
720.0 85.212
721.0 85.163
722.0 85.104
723.0 85.02
724.0 84.913
725.0 84.811
726.0 84.667
727.0 84.528
728.0 84.362
729.0 84.187
730.0 83.997999
731.0 83.807
732.0 83.59
733.0 83.379
734.0 83.157
735.0 82.915
736.0 82.667999
737.0 82.423999
738.0 82.172
739.0 81.920999
740.0 81.652999
741.0 81.395
742.0 81.152999
743.0 80.889
744.0 80.622
745.0 80.382
746.0 80.135
747.0 79.884999
748.0 79.636
749.0 79.414
750.0 79.162
751.0 78.959999
752.0 78.75
753.0 78.548
754.0 78.346
755.0 78.16
756.0 77.983
757.0 77.822999
758.0 77.664
759.0 77.523
760.0 77.378
761.0 77.27
762.0 77.166
763.0 77.06
764.0 76.996
765.0 76.934
766.0 76.866
767.0 76.828
768.0 76.791
769.0 76.763
770.0 76.773
771.0 76.762
772.0 76.803
773.0 76.829
774.0 76.872
775.0 76.934
776.0 76.973
777.0 77.059
778.0 77.161
779.0 77.231
780.0 77.344
781.0 77.453
782.0 77.586
783.0 77.699
784.0 77.839
785.0 77.995
786.0 78.131
787.0 78.307
788.0 78.462
789.0 78.617
790.0 78.818999
791.0 78.980999
792.0 79.175
793.0 79.38
794.0 79.578
795.0 79.771999
796.0 79.956
797.0 80.164
798.0 80.348
799.0 80.548
800.0 80.733
801.0 80.914
802.0 81.096
803.0 81.282
804.0 81.462
805.0 81.643
806.0 81.8
807.0 81.961
808.0 82.089
809.0 82.271
810.0 82.411
811.0 82.515
812.0 82.669
813.0 82.784
814.0 82.866
815.0 82.985
816.0 83.053
817.0 83.135
818.0 83.197
819.0 83.271
820.0 83.315
821.0 83.357
822.0 83.39
823.0 83.396
824.0 83.411999
825.0 83.399
826.0 83.399
827.0 83.37
828.0 83.322
829.0 83.274
830.0 83.22
831.0 83.149
832.0 83.074
833.0 82.977
834.0 82.899
835.0 82.794
836.0 82.674
837.0 82.565999
838.0 82.423
839.0 82.289
840.0 82.128999
841.0 81.986
842.0 81.828
843.0 81.673
844.0 81.477999
845.0 81.316
846.0 81.123
847.0 80.952
848.0 80.769
849.0 80.599
850.0 80.401
851.0 80.202
852.0 79.981
853.0 79.778
854.0 79.593999
855.0 79.392
856.0 79.19
857.0 78.995
858.0 78.797
859.0 78.602999
860.0 78.408
861.0 78.191
862.0 78.008
863.0 77.815
864.0 77.636
865.0 77.443
866.0 77.274
867.0 77.107
868.0 76.924
869.0 76.756
870.0 76.587
871.0 76.431
872.0 76.271999
873.0 76.136
874.0 75.995
875.0 75.866999
876.0 75.732999
877.0 75.593999
878.0 75.496
879.0 75.386
880.0 75.262
881.0 75.185999
882.0 75.072
883.0 75.008
884.0 74.928
885.0 74.869
886.0 74.815
887.0 74.771
888.0 74.699
889.0 74.672
890.0 74.644
891.0 74.62
892.0 74.583999
893.0 74.58
894.0 74.575999
895.0 74.57
896.0 74.562
897.0 74.585
898.0 74.597
899.0 74.627
900.0 74.642
901.0 74.702
902.0 74.709999
903.0 74.77
904.0 74.825
905.0 74.890999
906.0 74.964
907.0 75.038
908.0 75.108
909.0 75.179
910.0 75.297
911.0 75.358999
912.0 75.456999
913.0 75.574
914.0 75.681
915.0 75.79
916.0 75.889
917.0 76.015
918.0 76.152
919.0 76.283
920.0 76.404
921.0 76.543
922.0 76.678
923.0 76.803
924.0 76.946
925.0 77.087
926.0 77.212
927.0 77.331999
928.0 77.476
929.0 77.655
930.0 77.802
931.0 77.949
932.0 78.090999
933.0 78.249
934.0 78.388
935.0 78.527
936.0 78.676999
937.0 78.837999
938.0 78.965
939.0 79.124
940.0 79.247999
941.0 79.406
942.0 79.518999
943.0 79.658
944.0 79.801999
945.0 79.917
946.0 80.044
947.0 80.17
948.0 80.278
949.0 80.396
950.0 80.481
951.0 80.575
952.0 80.667
953.0 80.761
954.0 80.863
955.0 80.95
956.0 81.048
957.0 81.11
958.0 81.182
959.0 81.255
960.0 81.301999
961.0 81.384999
962.0 81.438
963.0 81.504
964.0 81.572999
965.0 81.619
966.0 81.611
967.0 81.661
968.0 81.679999
969.0 81.697
970.0 81.69
971.0 81.706999
972.0 81.686
973.0 81.687
974.0 81.689
975.0 81.682999
976.0 81.625
977.0 81.608999
978.0 81.567
979.0 81.525
980.0 81.492
981.0 81.450999
982.0 81.392
983.0 81.349999
984.0 81.289999
985.0 81.221
986.0 81.15
987.0 81.079
988.0 81.005
989.0 80.899
990.0 80.824
991.0 80.733999
992.0 80.633
993.0 80.542
994.0 80.447999
995.0 80.325
996.0 80.239999
997.0 80.113999
998.0 79.99
999.0 79.857999
1000.0 79.759999
1001.0 79.633
1002.0 79.489
1003.0 79.389
1004.0 79.28
1005.0 79.14
1006.0 79.027
1007.0 78.888
1008.0 78.765
1009.0 78.645
1010.0 78.509
1011.0 78.388
1012.0 78.242
1013.0 78.108
1014.0 77.983999
1015.0 77.854999
1016.0 77.711
1017.0 77.586
1018.0 77.449
1019.0 77.33
1020.0 77.222
1021.0 77.089
1022.0 76.953999
1023.0 76.834
1024.0 76.664
1025.0 76.536
1026.0 76.444
1027.0 76.314
1028.0 76.181
1029.0 76.086
1030.0 75.968999
1031.0 75.83
1032.0 75.733999
1033.0 75.677
1034.0 75.569
1035.0 75.459
1036.0 75.348
1037.0 75.28
1038.0 75.165
1039.0 75.104
1040.0 74.998
1041.0 74.932
1042.0 74.834999
1043.0 74.761
1044.0 74.677
1045.0 74.628
1046.0 74.546
1047.0 74.480999
1048.0 74.375
1049.0 74.329
1050.0 74.266
1051.0 74.206
1052.0 74.144
1053.0 74.106
1054.0 74.043
1055.0 74.027
1056.0 73.949
1057.0 73.958
1058.0 73.925
1059.0 73.922
1060.0 73.901
1061.0 73.894
1062.0 73.804
1063.0 73.802
1064.0 73.851
1065.0 73.806
1066.0 73.834999
1067.0 73.804999
1068.0 73.772
1069.0 73.794
1070.0 73.804
1071.0 73.818
1072.0 73.795
1073.0 73.822
1074.0 73.826
1075.0 73.857
1076.0 73.887
1077.0 73.928
1078.0 73.962999
1079.0 73.98
1080.0 73.984
1081.0 74.051
1082.0 74.16
1083.0 74.098
1084.0 74.152
1085.0 74.253
1086.0 74.268999
1087.0 74.307999
1088.0 74.372
1089.0 74.378
1090.0 74.512999
1091.0 74.534
1092.0 74.611999
1093.0 74.634999
1094.0 74.744999
1095.0 74.8
1096.0 74.849
1097.0 74.944999
1098.0 74.995
1099.0 75.081
1100.0 75.134999
