190.0 0.079
191.0 0.080999
192.0 0.046
193.0 0.074
194.0 0.031
195.0 0.065
196.0 0.068
197.0 0.04
198.0 0.031
199.0 0.019
200.0 0.036
201.0 0.027
202.0 0.028
203.0 0.052
204.0 0.014
205.0 0.022
206.0 0.041
207.0 0.018
208.0 0.035
209.0 0.01
210.0 0.019
211.0 0.046
212.0 0.017
213.0 0.024
214.0 0.018
215.0 0.019
216.0 0.02
217.0 0.022
218.0 0.02
219.0 0.026
220.0 0.014
221.0 0.029
222.0 0.017
223.0 0.018
224.0 0.017
225.0 0.02
226.0 0.025
227.0 0.028
228.0 0.02
229.0 0.008
230.0 0.028
231.0 0.014
232.0 0.014
233.0 0.023
234.0 0.028
235.0 0.026
236.0 0.02
237.0 0.008
238.0 0.021
239.0 0.02
240.0 0.013
241.0 0.01
242.0 0.023
243.0 0.029
244.0 0.025
245.0 0.018
246.0 0.016
247.0 0.009
248.0 0.015
249.0 0.008
250.0 0.022
251.0 0.045
252.0 0.026
253.0 0.012
254.0 0.034
255.0 0.012
256.0 0.009
257.0 0.022
258.0 0.02
259.0 0.022
260.0 0.011
261.0 0.026
262.0 0.022
263.0 0.016
264.0 0.023
265.0 0.028
266.0 0.03
267.0 0.068
268.0 0.032
269.0 0.012
270.0 0.025
271.0 0.033
272.0 0.019
273.0 0.029
274.0 0.046
275.0 0.064
276.0 0.02
277.0 0.025
278.0 0.051
279.0 0.03
280.0 0.024
281.0 0.043
282.0 0.068999
283.0 0.055999
284.0 0.044
285.0 0.03
286.0 0.034
287.0 0.023
288.0 0.023
289.0 0.038
290.0 0.03
291.0 0.075
292.0 0.023
293.0 0.039
294.0 0.019
295.0 0.014
296.0 0.057
297.0 0.032
298.0 0.047
299.0 0.06
300.0 0.03
301.0 0.04
302.0 0.033
303.0 0.025
304.0 0.042
305.0 0.038
306.0 0.03
307.0 0.047
308.0 0.038
309.0 0.066
310.0 0.031
311.0 0.068999
312.0 0.044
313.0 0.054
314.0 0.06
315.0 0.091
316.0 0.028
317.0 0.045
318.0 0.065
319.0 0.055999
320.0 0.012
321.0 0.037
322.0 0.062
323.0 0.085999
324.0 0.057
325.0 0.039
326.0 0.025
327.0 0.135
328.0 0.136
329.0 0.131
330.0 0.124
331.0 0.14
332.0 0.112
333.0 0.128
334.0 0.107
335.0 0.11
336.0 0.121
337.0 0.096
338.0 0.119
339.0 0.106
340.0 0.1
341.0 0.09
342.0 0.09
343.0 0.092
344.0 0.071
345.0 0.076
346.0 0.075
347.0 0.08
348.0 0.072
349.0 0.074
350.0 0.073
351.0 0.068999
352.0 0.067
353.0 0.062
354.0 0.065
355.0 0.075
356.0 0.078
357.0 0.084999
358.0 0.086999
359.0 0.117
360.0 0.155
361.0 0.227
362.0 0.355
363.0 0.54
364.0 0.816
365.0 1.236
366.0 1.816
367.0 2.631
368.0 3.679
369.0 4.968
370.0 6.561999
371.0 8.375999
372.0 10.426
373.0 12.659
374.0 15.024
375.0 17.471
376.0 19.888
377.0 22.343
378.0 24.741
379.0 27.103
380.0 29.388
381.0 31.687
382.0 33.93
383.0 36.253
384.0 38.535
385.0 40.619
386.0 42.624
387.0 44.492
388.0 46.221
389.0 47.778
390.0 49.231
391.0 50.546
392.0 51.798
393.0 52.992
394.0 54.202
395.0 55.416
396.0 56.686
397.0 57.938999
398.0 59.216
399.0 60.441999
400.0 61.608
401.0 62.693
402.0 63.639999
403.0 64.47
404.0 65.168
405.0 65.744
406.0 66.200999
407.0 66.586
408.0 66.899
409.0 67.232
410.0 67.559
411.0 67.920999
412.0 68.348
413.0 68.82
414.0 69.355
415.0 69.935
416.0 70.54
417.0 71.148
418.0 71.755
419.0 72.297
420.0 72.799
421.0 73.331
422.0 73.678
423.0 73.962999
424.0 74.127
425.0 74.22
426.0 74.241
427.0 74.214
428.0 74.161999
429.0 74.095999
430.0 74.066
431.0 74.053
432.0 74.09
433.0 74.22
434.0 74.392
435.0 74.61
436.0 74.934
437.0 75.319
438.0 75.723
439.0 76.155
440.0 76.601
441.0 77.051
442.0 77.447999
443.0 77.827
444.0 78.169
445.0 78.435
446.0 78.647
447.0 78.744
448.0 78.793
449.0 78.774999
450.0 78.693
451.0 78.545
452.0 78.393
453.0 78.179
454.0 78.0
455.0 77.825
456.0 77.624
457.0 77.480999
458.0 77.425
459.0 77.361999
460.0 77.44
461.0 77.53
462.0 77.691
463.0 77.905999
464.0 78.176999
465.0 78.498
466.0 78.863
467.0 79.233
468.0 79.623
469.0 80.032
470.0 80.434
471.0 80.808
472.0 81.163
473.0 81.457
474.0 81.727
475.0 81.932
476.0 82.074
477.0 82.179999
478.0 82.211
479.0 82.206
480.0 82.127
481.0 82.030999
482.0 81.884999
483.0 81.699
484.0 81.509
485.0 81.301
486.0 81.096999
487.0 80.884999
488.0 80.730999
489.0 80.581999
490.0 80.486999
491.0 80.434
492.0 80.432
493.0 80.442
494.0 80.542999
495.0 80.672
496.0 80.869
497.0 81.087
498.0 81.32
499.0 81.616
500.0 81.955
501.0 82.289
502.0 82.625
503.0 82.965999
504.0 83.312
505.0 83.622
506.0 83.93
507.0 84.211
508.0 84.458
509.0 84.655
510.0 84.831999
511.0 84.938
512.0 85.004
513.0 85.018
514.0 84.992999
515.0 84.905
516.0 84.771
517.0 84.595
518.0 84.398
519.0 84.174
520.0 83.926999
521.0 83.648
522.0 83.357
523.0 83.083
524.0 82.82
525.0 82.556
526.0 82.327
527.0 82.108
528.0 81.938
529.0 81.801
530.0 81.674
531.0 81.619
532.0 81.598
533.0 81.627
534.0 81.706999
535.0 81.816999
536.0 81.955999
537.0 82.157
538.0 82.372
539.0 82.626
540.0 82.899
541.0 83.221
542.0 83.529
543.0 83.878
544.0 84.202
545.0 84.541
546.0 84.855999
547.0 85.179
548.0 85.484
549.0 85.787
550.0 86.045
551.0 86.303
552.0 86.5
553.0 86.672
554.0 86.819999
555.0 86.916
556.0 86.987
557.0 87.003
558.0 86.964
559.0 86.94
560.0 86.824
561.0 86.673999
562.0 86.532
563.0 86.312999
564.0 86.099999
565.0 85.854
566.0 85.613
567.0 85.328999
568.0 85.042
569.0 84.771
570.0 84.468
571.0 84.193
572.0 83.914
573.0 83.669
574.0 83.450999
575.0 83.209
576.0 83.039
577.0 82.864999
578.0 82.738
579.0 82.655
580.0 82.587999
581.0 82.571
582.0 82.595
583.0 82.64
584.0 82.741
585.0 82.892
586.0 83.077
587.0 83.295
588.0 83.524
589.0 83.813999
590.0 84.111
591.0 84.42
592.0 84.741
593.0 85.09
594.0 85.418
595.0 85.768
596.0 86.102999
597.0 86.444
598.0 86.762
599.0 87.086
600.0 87.381
601.0 87.687
602.0 87.935
603.0 88.183
604.0 88.416
605.0 88.605999
606.0 88.774
607.0 88.911
608.0 89.029
609.0 89.083
610.0 89.144
611.0 89.14
612.0 89.144
613.0 89.090999
614.0 89.006
615.0 88.901
616.0 88.765
617.0 88.601
618.0 88.409
619.0 88.203
620.0 87.982
621.0 87.717999
622.0 87.477999
623.0 87.197999
624.0 86.917
625.0 86.655
626.0 86.365
627.0 86.087
628.0 85.797
629.0 85.542
630.0 85.292
631.0 85.04
632.0 84.801
633.0 84.59
634.0 84.379
635.0 84.197999
636.0 84.04
637.0 83.903
638.0 83.791
639.0 83.694
640.0 83.63
641.0 83.611
642.0 83.591
643.0 83.584999
644.0 83.631999
645.0 83.693
646.0 83.789999
647.0 83.879
648.0 84.014
649.0 84.155999
650.0 84.321
651.0 84.508
652.0 84.706999
653.0 84.92
654.0 85.153
655.0 85.394
656.0 85.642
657.0 85.889
658.0 86.16
659.0 86.446
660.0 86.694
661.0 86.965
662.0 87.244999
663.0 87.502
664.0 87.744
665.0 88.011
666.0 88.224
667.0 88.46
668.0 88.684
669.0 88.855999
670.0 89.051999
671.0 89.224
672.0 89.365
673.0 89.519
674.0 89.605999
675.0 89.683
676.0 89.757
677.0 89.793
678.0 89.809
679.0 89.822
680.0 89.814
681.0 89.724
682.0 89.672
683.0 89.581999
684.0 89.381999
685.0 89.214
686.0 89.066999
687.0 88.905
688.0 88.718
689.0 88.543
690.0 88.331
691.0 88.105999
692.0 87.87
693.0 87.614999
694.0 87.378999
695.0 87.131
696.0 86.86
697.0 86.592
698.0 86.351
699.0 86.084
700.0 85.824999
701.0 85.563
702.0 85.331999
703.0 85.084
704.0 84.85
705.0 84.633
706.0 84.418
707.0 84.221999
708.0 84.036999
709.0 83.877
710.0 83.709
711.0 83.567
712.0 83.443
713.0 83.34
714.0 83.244
715.0 83.17
716.0 83.101
717.0 83.055
718.0 83.047
719.0 83.047
720.0 83.048
721.0 83.067
722.0 83.118
723.0 83.189
724.0 83.25
725.0 83.360999
726.0 83.462999
727.0 83.59
728.0 83.725
729.0 83.871
730.0 84.027
731.0 84.196
732.0 84.402
733.0 84.58
734.0 84.763
735.0 85.005
736.0 85.206
737.0 85.431
738.0 85.655
739.0 85.887999
740.0 86.145
741.0 86.361
742.0 86.599
743.0 86.849
744.0 87.053
745.0 87.307999
746.0 87.523
747.0 87.755
748.0 87.977
749.0 88.193999
750.0 88.399
751.0 88.602999
752.0 88.792
753.0 88.941
754.0 89.124
755.0 89.306
756.0 89.446
757.0 89.569
758.0 89.685999
759.0 89.782
760.0 89.886
761.0 89.943
762.0 90.019
763.0 90.065
764.0 90.090999
765.0 90.093999
766.0 90.06
767.0 90.044
768.0 89.998
769.0 89.920999
770.0 89.846999
771.0 89.771
772.0 89.691
773.0 89.598
774.0 89.533
775.0 89.459
776.0 89.349
777.0 89.266
778.0 89.175
779.0 89.065
780.0 88.929999
781.0 88.717
782.0 88.486
783.0 88.205
784.0 87.921
785.0 87.667
786.0 87.46
787.0 87.239999
788.0 87.063
789.0 86.846
790.0 86.622
791.0 86.426
792.0 86.221
793.0 85.997999
794.0 85.79
795.0 85.546
796.0 85.357
797.0 85.164
798.0 84.94
799.0 84.8
800.0 84.607
801.0 84.433
802.0 84.275
803.0 84.116999
804.0 83.977999
805.0 83.819999
806.0 83.675999
807.0 83.569999
808.0 83.458
809.0 83.343999
810.0 83.255
811.0 83.165
812.0 83.096
813.0 83.048999
814.0 82.999
815.0 82.938999
816.0 82.906
817.0 82.893
818.0 82.887
819.0 82.871
820.0 82.896
821.0 82.916
822.0 82.959
823.0 82.973
824.0 83.041
825.0 83.104
826.0 83.154
827.0 83.226999
828.0 83.323
829.0 83.433
830.0 83.524
831.0 83.652
832.0 83.767
833.0 83.885
834.0 84.007
835.0 84.151
836.0 84.294
837.0 84.435
838.0 84.592999
839.0 84.747
840.0 84.93
841.0 85.101
842.0 85.242999
843.0 85.44
844.0 85.617
845.0 85.788
846.0 85.965
847.0 86.134
848.0 86.331999
849.0 86.5
850.0 86.689
851.0 86.857
852.0 87.022
853.0 87.188
854.0 87.369
855.0 87.517
856.0 87.681
857.0 87.855999
858.0 88.0
859.0 88.144
860.0 88.283
861.0 88.425
862.0 88.529
863.0 88.666
864.0 88.786
865.0 88.916
866.0 88.994
867.0 89.090999
868.0 89.185999
869.0 89.264
870.0 89.325
871.0 89.376
872.0 89.437
873.0 89.474
874.0 89.524
875.0 89.526
876.0 89.545
877.0 89.537
878.0 89.531
879.0 89.515999
880.0 89.500999
881.0 89.478
882.0 89.455
883.0 89.444
884.0 89.413
885.0 89.422
886.0 89.393
887.0 89.328
888.0 89.244
889.0 89.173
890.0 89.059999
891.0 88.988
892.0 88.843
893.0 88.747
894.0 88.599
895.0 88.471999
896.0 88.333
897.0 88.168
898.0 88.011
899.0 87.871
900.0 87.669
901.0 87.499
902.0 87.317
903.0 87.111
904.0 86.887
905.0 86.68
906.0 86.446
907.0 86.24
908.0 86.005
909.0 85.768
910.0 85.548
911.0 85.301
912.0 85.055
913.0 84.828999
914.0 84.594
915.0 84.396
916.0 84.164
917.0 83.986999
918.0 83.794
919.0 83.598
920.0 83.435999
921.0 83.263
922.0 83.108999
923.0 82.933
924.0 82.799
925.0 82.652
926.0 82.493
927.0 82.361999
928.0 82.191
929.0 82.095
930.0 81.962
931.0 81.855999
932.0 81.729
933.0 81.643
934.0 81.518
935.0 81.41
936.0 81.349999
937.0 81.238999
938.0 81.159
939.0 81.099
940.0 81.038
941.0 80.989999
942.0 80.923
943.0 80.877
944.0 80.845
945.0 80.803
946.0 80.771
947.0 80.749
948.0 80.755
949.0 80.718
950.0 80.708
951.0 80.733
952.0 80.727999
953.0 80.761
954.0 80.794999
955.0 80.8
956.0 80.859
957.0 80.876
958.0 80.938
959.0 80.971
960.0 81.047
961.0 81.117999
962.0 81.186
963.0 81.259
964.0 81.335
965.0 81.411
966.0 81.528
967.0 81.591
968.0 81.676
969.0 81.82
970.0 81.899999
971.0 82.016
972.0 82.124
973.0 82.238
974.0 82.38
975.0 82.474999
976.0 82.63
977.0 82.736
978.0 82.852
979.0 83.014
980.0 83.209999
981.0 83.393
982.0 83.533
983.0 83.678
984.0 83.816
985.0 83.972
986.0 84.129
987.0 84.258
988.0 84.41
989.0 84.557
990.0 84.718999
991.0 84.878
992.0 85.029
993.0 85.152
994.0 85.318
995.0 85.453
996.0 85.578
997.0 85.735
998.0 85.894
999.0 86.023
1000.0 86.145
1001.0 86.277
1002.0 86.438999
1003.0 86.551999
1004.0 86.7
1005.0 86.825
1006.0 86.959
1007.0 87.056
1008.0 87.194999
1009.0 87.307999
1010.0 87.423
1011.0 87.527
1012.0 87.634999
1013.0 87.72
1014.0 87.817
1015.0 87.905
1016.0 87.995
1017.0 88.098
1018.0 88.175
1019.0 88.242
1020.0 88.305
1021.0 88.381
1022.0 88.435
1023.0 88.483999
1024.0 88.52
1025.0 88.569
1026.0 88.621
1027.0 88.693
1028.0 88.685
1029.0 88.705
1030.0 88.682
1031.0 88.724
1032.0 88.739
1033.0 88.743
1034.0 88.732999
1035.0 88.759999
1036.0 88.762
1037.0 88.744999
1038.0 88.67
1039.0 88.68
1040.0 88.637999
1041.0 88.613
1042.0 88.596
1043.0 88.558
1044.0 88.464
1045.0 88.456
1046.0 88.385
1047.0 88.307
1048.0 88.22
1049.0 88.212
1050.0 88.131
1051.0 88.051999
1052.0 87.917
1053.0 87.852
1054.0 87.733
1055.0 87.621
1056.0 87.582
1057.0 87.496
1058.0 87.361
1059.0 87.292
1060.0 87.170999
1061.0 87.092
1062.0 86.948
1063.0 86.842
1064.0 86.738
1065.0 86.595
1066.0 86.515
1067.0 86.399
1068.0 86.27
1069.0 86.107
1070.0 86.071
1071.0 85.932
1072.0 85.799
1073.0 85.706
1074.0 85.512
1075.0 85.419
1076.0 85.307
1077.0 85.142
1078.0 85.051
1079.0 84.936
1080.0 84.840999
1081.0 84.689
1082.0 84.531
1083.0 84.513
1084.0 84.31
1085.0 84.226999
1086.0 84.111999
1087.0 84.015
1088.0 83.848
1089.0 83.799
1090.0 83.653
1091.0 83.508
1092.0 83.431
1093.0 83.301
1094.0 83.133
1095.0 83.093999
1096.0 82.974999
1097.0 82.916
1098.0 82.813
1099.0 82.689
1100.0 82.604
