190.0 0.04
191.0 0.083
192.0 0.025
193.0 0.078
194.0 0.036
195.0 0.068
196.0 0.011
197.0 0.044
198.0 0.017
199.0 0.01
200.0 0.01
201.0 0.026
202.0 0.011
203.0 0.059
204.0 0.026
205.0 0.022
206.0 0.013
207.0 0.03
208.0 0.014
209.0 0.0
210.0 0.036
211.0 0.031
212.0 0.027
213.0 0.018
214.0 0.016
215.0 0.019
216.0 0.017
217.0 0.02
218.0 0.028
219.0 0.018
220.0 0.015
221.0 0.021
222.0 0.018
223.0 0.022
224.0 0.024
225.0 0.021
226.0 0.02
227.0 0.029
228.0 0.018
229.0 0.02
230.0 0.008
231.0 0.021
232.0 0.013
233.0 0.013
234.0 0.024
235.0 0.03
236.0 0.01
237.0 0.013
238.0 0.012
239.0 0.01
240.0 0.008
241.0 0.01
242.0 0.017
243.0 0.024
244.0 0.011
245.0 0.019
246.0 0.012
247.0 0.017
248.0 0.023
249.0 0.015
250.0 0.011
251.0 0.031
252.0 0.004
253.0 0.02
254.0 0.024
255.0 0.012
256.0 0.014
257.0 0.026
258.0 0.009
259.0 0.029
260.0 0.003
261.0 0.017
262.0 0.02
263.0 0.006999
264.0 0.011
265.0 0.016
266.0 0.021
267.0 0.04
268.0 0.029
269.0 0.043
270.0 0.018
271.0 0.022
272.0 0.009
273.0 0.024
274.0 0.032
275.0 0.029
276.0 0.047
277.0 0.006999
278.0 0.027
279.0 0.018
280.0 0.032
281.0 0.037
282.0 0.022
283.0 0.068
284.0 0.03
285.0 0.033
286.0 0.049
287.0 0.03
288.0 0.026
289.0 0.016
290.0 0.049
291.0 0.061
292.0 0.032
293.0 0.028
294.0 0.005
295.0 0.03
296.0 0.017
297.0 0.016
298.0 0.04
299.0 0.080999
300.0 0.026
301.0 0.028
302.0 0.027
303.0 0.034
304.0 0.025
305.0 0.044
306.0 0.037
307.0 0.069999
308.0 0.024
309.0 0.037
310.0 0.024
311.0 0.028
312.0 0.039
313.0 0.031
314.0 0.049
315.0 0.045
316.0 0.02
317.0 0.019
318.0 0.05
319.0 0.034
320.0 0.032
321.0 0.029
322.0 0.066
323.0 0.067
324.0 0.032
325.0 0.048
326.0 0.01
327.0 0.028
328.0 0.046
329.0 0.046
330.0 0.064
331.0 0.033
332.0 0.031
333.0 0.022
334.0 0.032
335.0 0.03
336.0 0.043
337.0 0.017
338.0 0.028
339.0 0.04
340.0 0.03
341.0 0.021
342.0 0.024
343.0 0.029
344.0 0.03
345.0 0.016
346.0 0.016
347.0 0.031
348.0 0.027
349.0 0.018
350.0 0.029
351.0 0.019
352.0 0.018
353.0 0.019
354.0 0.015
355.0 0.029
356.0 0.002
357.0 0.014
358.0 0.012
359.0 0.016
360.0 0.009
361.0 0.019
362.0 0.011
363.0 0.04
364.0 0.035
365.0 0.038
366.0 0.068999
367.0 0.101
368.0 0.167
369.0 0.289
370.0 0.517
371.0 0.869999
372.0 1.379
373.0 2.141
374.0 3.183
375.0 4.533
376.0 6.226
377.0 8.196
378.0 10.48
379.0 12.982
380.0 15.661
381.0 18.466
382.0 21.321
383.0 24.36
384.0 27.459
385.0 30.419
386.0 33.386
387.0 36.283
388.0 39.065
389.0 41.711
390.0 44.17
391.0 46.392
392.0 48.395
393.0 50.224999
394.0 51.908
395.0 53.495
396.0 55.013
397.0 56.52
398.0 58.017
399.0 59.511
400.0 60.988
401.0 62.419999
402.0 63.785
403.0 65.066
404.0 66.208
405.0 67.179999
406.0 68.012
407.0 68.666
408.0 69.174
409.0 69.568
410.0 69.871
411.0 70.143
412.0 70.407
413.0 70.691
414.0 71.045999
415.0 71.446
416.0 71.921
417.0 72.449
418.0 73.04
419.0 73.658999
420.0 74.275
421.0 74.922
422.0 75.517
423.0 76.098
424.0 76.557
425.0 76.99
426.0 77.301
427.0 77.531
428.0 77.627
429.0 77.614
430.0 77.577
431.0 77.461
432.0 77.307
433.0 77.136
434.0 76.997
435.0 76.907
436.0 76.836
437.0 76.848
438.0 76.911
439.0 77.041
440.0 77.249
441.0 77.494
442.0 77.842
443.0 78.207
444.0 78.602
445.0 79.033
446.0 79.425
447.0 79.818
448.0 80.188999
449.0 80.55
450.0 80.852
451.0 81.116999
452.0 81.267
453.0 81.369
454.0 81.428
455.0 81.403
456.0 81.34
457.0 81.197
458.0 81.038
459.0 80.83
460.0 80.622
461.0 80.418
462.0 80.205
463.0 80.003
464.0 79.876
465.0 79.753
466.0 79.691
467.0 79.672
468.0 79.717
469.0 79.788
470.0 79.916
471.0 80.113
472.0 80.332
473.0 80.593
474.0 80.857999
475.0 81.148
476.0 81.450999
477.0 81.764
478.0 82.052
479.0 82.327
480.0 82.611
481.0 82.837
482.0 83.028
483.0 83.191999
484.0 83.334
485.0 83.413
486.0 83.421
487.0 83.389
488.0 83.316999
489.0 83.229
490.0 83.033999
491.0 82.857
492.0 82.618
493.0 82.376
494.0 82.133
495.0 81.852999
496.0 81.603
497.0 81.351
498.0 81.116999
499.0 80.934
500.0 80.757
501.0 80.62
502.0 80.496
503.0 80.462999
504.0 80.418
505.0 80.477
506.0 80.548
507.0 80.651
508.0 80.804
509.0 80.969
510.0 81.191999
511.0 81.411
512.0 81.699
513.0 81.969
514.0 82.262999
515.0 82.567
516.0 82.846
517.0 83.147
518.0 83.422
519.0 83.697999
520.0 83.961
521.0 84.205
522.0 84.402999
523.0 84.572999
524.0 84.721999
525.0 84.816999
526.0 84.878
527.0 84.911999
528.0 84.907
529.0 84.855
530.0 84.779
531.0 84.646999
532.0 84.473
533.0 84.298
534.0 84.086
535.0 83.872
536.0 83.594
537.0 83.359
538.0 83.098
539.0 82.828
540.0 82.569999
541.0 82.321999
542.0 82.077
543.0 81.849
544.0 81.666
545.0 81.476
546.0 81.342
547.0 81.197
548.0 81.105999
549.0 81.065
550.0 81.045
551.0 81.048
552.0 81.075
553.0 81.161
554.0 81.253
555.0 81.387
556.0 81.55
557.0 81.718999
558.0 81.935999
559.0 82.152999
560.0 82.408
561.0 82.640999
562.0 82.908
563.0 83.152
564.0 83.435
565.0 83.675
566.0 83.953999
567.0 84.218
568.0 84.46
569.0 84.685
570.0 84.911999
571.0 85.104
572.0 85.265
573.0 85.434
574.0 85.563999
575.0 85.656
576.0 85.718999
577.0 85.768999
578.0 85.79
579.0 85.784
580.0 85.741999
581.0 85.668
582.0 85.56
583.0 85.446999
584.0 85.289
585.0 85.145
586.0 84.949
587.0 84.733999
588.0 84.516
589.0 84.285
590.0 84.032
591.0 83.781
592.0 83.533999
593.0 83.264
594.0 82.998
595.0 82.746
596.0 82.492
597.0 82.232
598.0 82.004
599.0 81.779
600.0 81.575
601.0 81.39
602.0 81.232
603.0 81.071
604.0 80.947
605.0 80.833
606.0 80.758
607.0 80.697
608.0 80.667999
609.0 80.644
610.0 80.667999
611.0 80.706
612.0 80.768
613.0 80.844
614.0 80.961
615.0 81.069
616.0 81.22
617.0 81.382
618.0 81.553
619.0 81.755
620.0 81.947
621.0 82.172
622.0 82.387999
623.0 82.616999
624.0 82.862
625.0 83.108999
626.0 83.35
627.0 83.594
628.0 83.827
629.0 84.06
630.0 84.288
631.0 84.517
632.0 84.736999
633.0 84.931
634.0 85.138
635.0 85.304999
636.0 85.489
637.0 85.634
638.0 85.765
639.0 85.89
640.0 85.989
641.0 86.062
642.0 86.123
643.0 86.154
644.0 86.16
645.0 86.15
646.0 86.133
647.0 86.082
648.0 86.015
649.0 85.943
650.0 85.833
651.0 85.694
652.0 85.543
653.0 85.405
654.0 85.227
655.0 85.036999
656.0 84.827
657.0 84.624
658.0 84.408
659.0 84.164
660.0 83.935999
661.0 83.697
662.0 83.465999
663.0 83.2
664.0 82.950999
665.0 82.697
666.0 82.447
667.0 82.218999
668.0 81.992
669.0 81.769
670.0 81.551
671.0 81.319
672.0 81.140999
673.0 80.962999
674.0 80.766
675.0 80.617
676.0 80.450999
677.0 80.343
678.0 80.222
679.0 80.108
680.0 80.018999
681.0 79.941
682.0 79.893
683.0 79.855
684.0 79.818999
685.0 79.795
686.0 79.808
687.0 79.834
688.0 79.854
689.0 79.932
690.0 79.986
691.0 80.052
692.0 80.148
693.0 80.239999
694.0 80.366
695.0 80.491999
696.0 80.625
697.0 80.772
698.0 80.931
699.0 81.076
700.0 81.259
701.0 81.438999
702.0 81.616
703.0 81.793
704.0 81.982
705.0 82.161
706.0 82.352999
707.0 82.542
708.0 82.721999
709.0 82.916
710.0 83.126
711.0 83.286
712.0 83.474
713.0 83.649
714.0 83.823
715.0 83.98
716.0 84.113
717.0 84.283
718.0 84.419
719.0 84.532
720.0 84.652
721.0 84.759
722.0 84.858999
723.0 84.938
724.0 85.031
725.0 85.096
726.0 85.145
727.0 85.18
728.0 85.206
729.0 85.216
730.0 85.217
731.0 85.204
732.0 85.17
733.0 85.131999
734.0 85.101
735.0 85.008
736.0 84.936
737.0 84.852
738.0 84.755
739.0 84.631
740.0 84.514
741.0 84.394
742.0 84.236
743.0 84.108
744.0 83.95
745.0 83.772
746.0 83.618
747.0 83.444
748.0 83.246
749.0 83.069999
750.0 82.883
751.0 82.670999
752.0 82.477999
753.0 82.288
754.0 82.102
755.0 81.882
756.0 81.698
757.0 81.479
758.0 81.298999
759.0 81.093
760.0 80.916
761.0 80.705
762.0 80.530999
763.0 80.348
764.0 80.176
765.0 79.991999
766.0 79.839
767.0 79.671
768.0 79.527999
769.0 79.376
770.0 79.235999
771.0 79.11
772.0 78.983999
773.0 78.891
774.0 78.786999
775.0 78.693
776.0 78.602999
777.0 78.538
778.0 78.476
779.0 78.437
780.0 78.371
781.0 78.325999
782.0 78.322999
783.0 78.288
784.0 78.271999
785.0 78.258
786.0 78.258
787.0 78.276
788.0 78.305
789.0 78.337
790.0 78.366
791.0 78.41
792.0 78.452
793.0 78.525
794.0 78.593
795.0 78.657
796.0 78.768
797.0 78.845
798.0 78.928
799.0 79.036
800.0 79.140999
801.0 79.246
802.0 79.361999
803.0 79.486999
804.0 79.605
805.0 79.714
806.0 79.881999
807.0 79.985
808.0 80.15
809.0 80.282
810.0 80.413
811.0 80.559
812.0 80.699
813.0 80.837
814.0 80.983
815.0 81.136
816.0 81.274999
817.0 81.407
818.0 81.545999
819.0 81.676999
820.0 81.843999
821.0 81.94
822.0 82.081
823.0 82.218
824.0 82.342
825.0 82.445
826.0 82.552
827.0 82.664
828.0 82.76
829.0 82.872999
830.0 82.968
831.0 83.055
832.0 83.149
833.0 83.203
834.0 83.289999
835.0 83.346
836.0 83.404
837.0 83.455
838.0 83.501
839.0 83.536999
840.0 83.56
841.0 83.584
842.0 83.603
843.0 83.63
844.0 83.618
845.0 83.611
846.0 83.581
847.0 83.567
848.0 83.539
849.0 83.501
850.0 83.453
851.0 83.39
852.0 83.348
853.0 83.284
854.0 83.209
855.0 83.13
856.0 83.043
857.0 82.977
858.0 82.876
859.0 82.774
860.0 82.662
861.0 82.556
862.0 82.435
863.0 82.321
864.0 82.202
865.0 82.075
866.0 81.95
867.0 81.808
868.0 81.667999
869.0 81.524
870.0 81.401
871.0 81.264
872.0 81.103
873.0 80.95
874.0 80.794
875.0 80.664999
876.0 80.491999
877.0 80.357
878.0 80.203999
879.0 80.045999
880.0 79.899
881.0 79.761
882.0 79.621
883.0 79.493
884.0 79.318
885.0 79.196999
886.0 79.05
887.0 78.920999
888.0 78.792
889.0 78.663
890.0 78.527999
891.0 78.411
892.0 78.283
893.0 78.14
894.0 78.035
895.0 77.905999
896.0 77.801
897.0 77.693
898.0 77.571
899.0 77.473
900.0 77.387
901.0 77.283
902.0 77.2
903.0 77.092
904.0 77.01
905.0 76.923
906.0 76.843999
907.0 76.763
908.0 76.711
909.0 76.648
910.0 76.584
911.0 76.538
912.0 76.49
913.0 76.449999
914.0 76.402999
915.0 76.381
916.0 76.34
917.0 76.327
918.0 76.314
919.0 76.302
920.0 76.293
921.0 76.279
922.0 76.3
923.0 76.345
924.0 76.322999
925.0 76.341
926.0 76.365
927.0 76.414
928.0 76.441
929.0 76.488999
930.0 76.523
931.0 76.583
932.0 76.619
933.0 76.676999
934.0 76.748
935.0 76.819
936.0 76.881
937.0 76.958
938.0 77.000999
939.0 77.104
940.0 77.19
941.0 77.282
942.0 77.361
943.0 77.447999
944.0 77.531
945.0 77.649999
946.0 77.745
947.0 77.837999
948.0 77.936
949.0 78.01
950.0 78.105999
951.0 78.215999
952.0 78.328
953.0 78.442
954.0 78.549
955.0 78.669
956.0 78.79
957.0 78.904
958.0 79.0
959.0 79.112
960.0 79.246
961.0 79.317
962.0 79.477
963.0 79.586
964.0 79.688999
965.0 79.806999
966.0 79.923999
967.0 80.030999
968.0 80.151
969.0 80.264
970.0 80.347
971.0 80.469
972.0 80.586
973.0 80.682
974.0 80.793
975.0 80.884999
976.0 80.95
977.0 81.084
978.0 81.191
979.0 81.262
980.0 81.391
981.0 81.503
982.0 81.563
983.0 81.645
984.0 81.736
985.0 81.808
986.0 81.879
987.0 81.943999
988.0 82.016
989.0 82.056
990.0 82.146
991.0 82.17
992.0 82.256
993.0 82.291
994.0 82.33
995.0 82.378
996.0 82.411
997.0 82.465999
998.0 82.505
999.0 82.526
1000.0 82.539
1001.0 82.577
1002.0 82.571
1003.0 82.601
1004.0 82.599
1005.0 82.607
1006.0 82.593
1007.0 82.599
1008.0 82.593
1009.0 82.563
1010.0 82.593
1011.0 82.536
1012.0 82.541
1013.0 82.517
1014.0 82.469
1015.0 82.44
1016.0 82.425
1017.0 82.372
1018.0 82.308
1019.0 82.316999
1020.0 82.245
1021.0 82.203
1022.0 82.147
1023.0 82.081999
1024.0 82.001
1025.0 81.947999
1026.0 81.88
1027.0 81.813999
1028.0 81.742
1029.0 81.662
1030.0 81.589999
1031.0 81.505
1032.0 81.452
1033.0 81.357
1034.0 81.293
1035.0 81.218999
1036.0 81.111999
1037.0 81.030999
1038.0 80.944
1039.0 80.859
1040.0 80.767
1041.0 80.66
1042.0 80.58
1043.0 80.474
1044.0 80.387
1045.0 80.288
1046.0 80.193
1047.0 80.075
1048.0 79.986
1049.0 79.876
1050.0 79.818999
1051.0 79.67
1052.0 79.573
1053.0 79.514
1054.0 79.357
1055.0 79.291
1056.0 79.185
1057.0 79.093999
1058.0 79.018
1059.0 78.887
1060.0 78.824
1061.0 78.661999
1062.0 78.61
1063.0 78.527999
1064.0 78.461
1065.0 78.33
1066.0 78.262
1067.0 78.143
1068.0 78.021
1069.0 77.971999
1070.0 77.874
1071.0 77.758
1072.0 77.684
1073.0 77.629
1074.0 77.52
1075.0 77.456
1076.0 77.402
1077.0 77.316
1078.0 77.236999
1079.0 77.172
1080.0 77.14
1081.0 77.031
1082.0 76.959999
1083.0 76.949
1084.0 76.845
1085.0 76.752
1086.0 76.756
1087.0 76.659
1088.0 76.634
1089.0 76.551999
1090.0 76.449999
1091.0 76.437
1092.0 76.402
1093.0 76.334
1094.0 76.317
1095.0 76.283999
1096.0 76.2
1097.0 76.221999
1098.0 76.204
1099.0 76.168
1100.0 76.117
