190.0 0.072
191.0 0.085999
192.0 0.055999
193.0 0.066
194.0 0.034
195.0 0.06
196.0 0.041
197.0 0.047
198.0 0.032
199.0 0.021
200.0 0.043
201.0 0.031
202.0 0.021
203.0 0.038
204.0 0.026
205.0 0.016
206.0 0.021
207.0 0.035
208.0 0.024
209.0 0.023
210.0 0.036
211.0 0.039
212.0 0.027
213.0 0.02
214.0 0.026
215.0 -0.001
216.0 0.016
217.0 0.025
218.0 0.028
219.0 0.034
220.0 0.026
221.0 0.009
222.0 0.015
223.0 0.02
224.0 0.018
225.0 0.015
226.0 0.029
227.0 0.013
228.0 0.021
229.0 0.01
230.0 0.024
231.0 0.018
232.0 0.029
233.0 0.013
234.0 0.025
235.0 0.021
236.0 0.018
237.0 0.023
238.0 0.018
239.0 0.026
240.0 0.012
241.0 0.018
242.0 0.025
243.0 0.028
244.0 0.016
245.0 0.013
246.0 0.014
247.0 0.029
248.0 0.017
249.0 0.01
250.0 0.017
251.0 0.03
252.0 0.02
253.0 0.022
254.0 0.013
255.0 0.015
256.0 0.03
257.0 -0.001
258.0 0.021
259.0 0.04
260.0 0.015
261.0 0.026
262.0 0.033
263.0 0.021
264.0 0.025
265.0 0.025
266.0 0.032
267.0 0.045
268.0 0.027
269.0 0.031
270.0 0.006999
271.0 0.022
272.0 0.048
273.0 0.021
274.0 0.036
275.0 0.065
276.0 0.026
277.0 0.048
278.0 0.023
279.0 0.034
280.0 0.05
281.0 0.025
282.0 0.025
283.0 0.055
284.0 0.055
285.0 0.043
286.0 0.04
287.0 0.061
288.0 0.046
289.0 0.034
290.0 0.055999
291.0 0.054
292.0 0.038
293.0 0.057
294.0 0.055999
295.0 0.048
296.0 0.038
297.0 0.015
298.0 0.051
299.0 0.064
300.0 0.035
301.0 0.051
302.0 0.023
303.0 0.026
304.0 0.044
305.0 0.043
306.0 0.052
307.0 0.067
308.0 0.019
309.0 0.043
310.0 0.059
311.0 0.03
312.0 0.033
313.0 0.055
314.0 0.033
315.0 0.071
316.0 0.054
317.0 0.051
318.0 0.054
319.0 0.032
320.0 0.062
321.0 0.025
322.0 0.017
323.0 0.088
324.0 0.064
325.0 0.072
326.0 0.057
327.0 0.076
328.0 0.084
329.0 0.072
330.0 0.083
331.0 0.11
332.0 0.067
333.0 0.061
334.0 0.062
335.0 0.052
336.0 0.063
337.0 0.068
338.0 0.066
339.0 0.078
340.0 0.055
341.0 0.049
342.0 0.054
343.0 0.045
344.0 0.043
345.0 0.055
346.0 0.051
347.0 0.062
348.0 0.039
349.0 0.049
350.0 0.037
351.0 0.05
352.0 0.035
353.0 0.041
354.0 0.045
355.0 0.054
356.0 0.055999
357.0 0.064
358.0 0.071
359.0 0.1
360.0 0.144
361.0 0.211
362.0 0.312
363.0 0.489
364.0 0.706
365.0 1.075
366.0 1.534
367.0 2.207
368.0 3.036
369.0 4.067
370.0 5.357
371.0 6.859
372.0 8.561
373.0 10.489
374.0 12.592
375.0 14.762
376.0 16.938
377.0 19.078
378.0 21.042
379.0 22.975
380.0 24.79
381.0 26.69
382.0 28.669
383.0 31.016
384.0 33.531
385.0 36.107
386.0 38.726
387.0 41.237
388.0 43.482
389.0 45.33
390.0 46.685
391.0 47.607
392.0 48.189
393.0 48.598
394.0 48.991
395.0 49.534
396.0 50.292
397.0 51.371
398.0 52.775
399.0 54.477
400.0 56.435
401.0 58.521
402.0 60.612999
403.0 62.552
404.0 64.197999
405.0 65.456999
406.0 66.227
407.0 66.503
408.0 66.330999
409.0 65.844
410.0 65.128
411.0 64.375
412.0 63.674
413.0 63.143
414.0 62.822999
415.0 62.779
416.0 63.042
417.0 63.599
418.0 64.471
419.0 65.604
420.0 66.951
421.0 68.437
422.0 69.955999
423.0 71.473
424.0 72.881
425.0 74.107
426.0 75.02
427.0 75.665
428.0 75.88
429.0 75.776
430.0 75.321
431.0 74.632
432.0 73.735
433.0 72.773
434.0 71.756
435.0 70.8
436.0 69.946
437.0 69.256
438.0 68.749
439.0 68.458
440.0 68.382
441.0 68.533
442.0 68.919
443.0 69.482
444.0 70.261
445.0 71.209999
446.0 72.288
447.0 73.434
448.0 74.629
449.0 75.818
450.0 76.927
451.0 77.917999
452.0 78.762
453.0 79.42
454.0 79.859
455.0 80.057
456.0 79.998
457.0 79.696
458.0 79.218999
459.0 78.546
460.0 77.771
461.0 76.915
462.0 75.996
463.0 75.104
464.0 74.238
465.0 73.431
466.0 72.75
467.0 72.182999
468.0 71.742999
469.0 71.470999
470.0 71.328
471.0 71.336999
472.0 71.492
473.0 71.813999
474.0 72.280999
475.0 72.863
476.0 73.581
477.0 74.402999
478.0 75.267
479.0 76.193999
480.0 77.153
481.0 78.096
482.0 79.032
483.0 79.898
484.0 80.745
485.0 81.447
486.0 81.985
487.0 82.406
488.0 82.684
489.0 82.738
490.0 82.689
491.0 82.457
492.0 82.083
493.0 81.589999
494.0 81.014
495.0 80.317
496.0 79.588
497.0 78.827
498.0 78.062
499.0 77.325999
500.0 76.598999
501.0 75.929
502.0 75.319
503.0 74.779
504.0 74.325
505.0 73.962
506.0 73.717
507.0 73.575
508.0 73.528
509.0 73.574
510.0 73.732
511.0 73.997
512.0 74.346999
513.0 74.774
514.0 75.283999
515.0 75.898
516.0 76.534
517.0 77.248
518.0 77.992999
519.0 78.742999
520.0 79.535
521.0 80.306
522.0 81.084
523.0 81.808
524.0 82.467
525.0 83.081
526.0 83.625
527.0 84.047
528.0 84.394
529.0 84.638
530.0 84.763
531.0 84.798
532.0 84.733999
533.0 84.551
534.0 84.269
535.0 83.903
536.0 83.468
537.0 82.958
538.0 82.406
539.0 81.813999
540.0 81.203
541.0 80.592
542.0 79.934
543.0 79.318999
544.0 78.695
545.0 78.127
546.0 77.59
547.0 77.078
548.0 76.634
549.0 76.232
550.0 75.898
551.0 75.636
552.0 75.449
553.0 75.319999
554.0 75.241
555.0 75.229999
556.0 75.304
557.0 75.455
558.0 75.641
559.0 75.884
560.0 76.252
561.0 76.633
562.0 77.05
563.0 77.538
564.0 78.027
565.0 78.557999
566.0 79.107
567.0 79.715
568.0 80.283
569.0 80.888
570.0 81.479999
571.0 82.072
572.0 82.645
573.0 83.2
574.0 83.699
575.0 84.167999
576.0 84.577
577.0 84.928
578.0 85.245
579.0 85.489999
580.0 85.679
581.0 85.777
582.0 85.84
583.0 85.833
584.0 85.768
585.0 85.607999
586.0 85.428
587.0 85.179
588.0 84.879
589.0 84.538
590.0 84.148
591.0 83.726999
592.0 83.274
593.0 82.806
594.0 82.318
595.0 81.825999
596.0 81.32
597.0 80.808
598.0 80.321
599.0 79.837999
600.0 79.371
601.0 78.93
602.0 78.519
603.0 78.134
604.0 77.77
605.0 77.435
606.0 77.158
607.0 76.905
608.0 76.706
609.0 76.538
610.0 76.42
611.0 76.348
612.0 76.304
613.0 76.307
614.0 76.351
615.0 76.444999
616.0 76.571
617.0 76.747
618.0 76.948
619.0 77.206
620.0 77.48
621.0 77.788
622.0 78.136
623.0 78.49
624.0 78.893999
625.0 79.286999
626.0 79.741
627.0 80.164
628.0 80.636
629.0 81.081999
630.0 81.555
631.0 82.037
632.0 82.485
633.0 82.949
634.0 83.404
635.0 83.846
636.0 84.248
637.0 84.65
638.0 85.004
639.0 85.346999
640.0 85.65
641.0 85.914999
642.0 86.133
643.0 86.307999
644.0 86.467
645.0 86.590999
646.0 86.646999
647.0 86.666
648.0 86.632
649.0 86.582
650.0 86.476
651.0 86.346999
652.0 86.173
653.0 85.961
654.0 85.709
655.0 85.432
656.0 85.119999
657.0 84.81
658.0 84.444
659.0 84.098
660.0 83.714999
661.0 83.327
662.0 82.916
663.0 82.515
664.0 82.121
665.0 81.706
666.0 81.296
667.0 80.902
668.0 80.498
669.0 80.125999
670.0 79.755
671.0 79.415
672.0 79.054999
673.0 78.734
674.0 78.474999
675.0 78.173999
676.0 77.929
677.0 77.685999
678.0 77.468999
679.0 77.295
680.0 77.110999
681.0 76.948
682.0 76.84
683.0 76.769
684.0 76.717
685.0 76.673
686.0 76.672
687.0 76.706
688.0 76.739
689.0 76.812
690.0 76.892
691.0 77.011
692.0 77.137999
693.0 77.294
694.0 77.486
695.0 77.695
696.0 77.913
697.0 78.137999
698.0 78.395
699.0 78.681
700.0 78.952
701.0 79.256
702.0 79.552
703.0 79.869
704.0 80.2
705.0 80.536
706.0 80.88
707.0 81.226
708.0 81.551
709.0 81.908999
710.0 82.245
711.0 82.592
712.0 82.921
713.0 83.250999
714.0 83.571
715.0 83.883
716.0 84.165
717.0 84.443
718.0 84.712
719.0 84.955
720.0 85.179
721.0 85.392
722.0 85.587999
723.0 85.747
724.0 85.902
725.0 86.044
726.0 86.117
727.0 86.203
728.0 86.26
729.0 86.291
730.0 86.291
731.0 86.245
732.0 86.208
733.0 86.137
734.0 86.047
735.0 85.926999
736.0 85.797
737.0 85.633
738.0 85.446999
739.0 85.257
740.0 85.043
741.0 84.826
742.0 84.572
743.0 84.328999
744.0 84.055
745.0 83.784
746.0 83.492999
747.0 83.216
748.0 82.898
749.0 82.603
750.0 82.274
751.0 81.974999
752.0 81.652
753.0 81.352
754.0 81.03
755.0 80.727
756.0 80.408
757.0 80.11
758.0 79.813999
759.0 79.518
760.0 79.242999
761.0 78.986
762.0 78.708999
763.0 78.471
764.0 78.214
765.0 77.966
766.0 77.745
767.0 77.527999
768.0 77.337
769.0 77.14
770.0 76.974
771.0 76.815
772.0 76.683
773.0 76.553
774.0 76.458
775.0 76.364
776.0 76.289
777.0 76.252
778.0 76.22
779.0 76.200999
780.0 76.185999
781.0 76.168
782.0 76.146
783.0 76.14
784.0 76.124
785.0 76.154
786.0 76.196
787.0 76.265
788.0 76.343
789.0 76.44
790.0 76.553
791.0 76.671
792.0 76.803999
793.0 76.949
794.0 77.102
795.0 77.261
796.0 77.434
797.0 77.610999
798.0 77.806
799.0 78.0
800.0 78.19
801.0 78.428
802.0 78.635
803.0 78.846999
804.0 79.093
805.0 79.305
806.0 79.541
807.0 79.759999
808.0 79.99
809.0 80.242
810.0 80.483999
811.0 80.703999
812.0 80.946
813.0 81.215
814.0 81.419
815.0 81.647
816.0 81.899999
817.0 82.098
818.0 82.334
819.0 82.526
820.0 82.738999
821.0 82.953
822.0 83.153
823.0 83.334
824.0 83.489
825.0 83.642
826.0 83.811
827.0 83.962999
828.0 84.101
829.0 84.218
830.0 84.322
831.0 84.441999
832.0 84.518
833.0 84.595
834.0 84.653
835.0 84.712
836.0 84.733
837.0 84.775
838.0 84.789999
839.0 84.769
840.0 84.77
841.0 84.744
842.0 84.712
843.0 84.654
844.0 84.598
845.0 84.539
846.0 84.462999
847.0 84.343
848.0 84.244
849.0 84.123
850.0 83.994
851.0 83.848999
852.0 83.708
853.0 83.571
854.0 83.399999
855.0 83.265
856.0 83.067
857.0 82.903
858.0 82.679999
859.0 82.506999
860.0 82.318
861.0 82.111
862.0 81.908
863.0 81.694
864.0 81.494999
865.0 81.294
866.0 81.083
867.0 80.863
868.0 80.625
869.0 80.442
870.0 80.226
871.0 80.024
872.0 79.774999
873.0 79.576
874.0 79.366
875.0 79.166
876.0 78.971
877.0 78.734
878.0 78.557999
879.0 78.356
880.0 78.181
881.0 77.982
882.0 77.807999
883.0 77.68
884.0 77.511
885.0 77.357
886.0 77.236999
887.0 77.090999
888.0 76.976
889.0 76.818
890.0 76.671
891.0 76.566999
892.0 76.48
893.0 76.329
894.0 76.239999
895.0 76.146999
896.0 76.063
897.0 75.995
898.0 75.893
899.0 75.821
900.0 75.753
901.0 75.704
902.0 75.608
903.0 75.575
904.0 75.532
905.0 75.500999
906.0 75.496
907.0 75.447
908.0 75.434
909.0 75.424
910.0 75.414999
911.0 75.408
912.0 75.414
913.0 75.429999
914.0 75.461999
915.0 75.492999
916.0 75.512999
917.0 75.581
918.0 75.643
919.0 75.693999
920.0 75.756999
921.0 75.851
922.0 75.911
923.0 76.012999
924.0 76.095
925.0 76.171
926.0 76.258
927.0 76.363
928.0 76.486
929.0 76.616
930.0 76.758
931.0 76.886
932.0 77.02
933.0 77.141
934.0 77.283
935.0 77.419
936.0 77.571
937.0 77.719
938.0 77.858999
939.0 78.02
940.0 78.142
941.0 78.324
942.0 78.452
943.0 78.593
944.0 78.783
945.0 78.928
946.0 79.096
947.0 79.251
948.0 79.378
949.0 79.522
950.0 79.672
951.0 79.844
952.0 79.999
953.0 80.144
954.0 80.318
955.0 80.456999
956.0 80.583
957.0 80.727
958.0 80.884999
959.0 81.027
960.0 81.13
961.0 81.296
962.0 81.418
963.0 81.568
964.0 81.694
965.0 81.762
966.0 81.887
967.0 81.985
968.0 82.108
969.0 82.186
970.0 82.304999
971.0 82.394
972.0 82.486
973.0 82.539
974.0 82.633
975.0 82.698
976.0 82.768
977.0 82.808
978.0 82.860999
979.0 82.926
980.0 83.011
981.0 83.089
982.0 83.114
983.0 83.162
984.0 83.154
985.0 83.16
986.0 83.155
987.0 83.174
988.0 83.159
989.0 83.14
990.0 83.119
991.0 83.099999
992.0 83.056
993.0 83.021
994.0 82.98
995.0 82.923
996.0 82.846
997.0 82.791
998.0 82.759
999.0 82.676
1000.0 82.623
1001.0 82.562
1002.0 82.474999
1003.0 82.371
1004.0 82.297
1005.0 82.208
1006.0 82.111999
1007.0 82.011
1008.0 81.911
1009.0 81.791
1010.0 81.671
1011.0 81.566
1012.0 81.455999
1013.0 81.333999
1014.0 81.223999
1015.0 81.103
1016.0 80.983
1017.0 80.859
1018.0 80.717
1019.0 80.575
1020.0 80.466
1021.0 80.347
1022.0 80.161
1023.0 80.045999
1024.0 79.918
1025.0 79.785
1026.0 79.625
1027.0 79.533
1028.0 79.375
1029.0 79.229
1030.0 79.093
1031.0 78.963
1032.0 78.842
1033.0 78.708
1034.0 78.576
1035.0 78.439
1036.0 78.292
1037.0 78.163
1038.0 78.046
1039.0 77.912
1040.0 77.797
1041.0 77.64
1042.0 77.539
1043.0 77.427
1044.0 77.313
1045.0 77.214
1046.0 77.057
1047.0 76.920999
1048.0 76.841
1049.0 76.712999
1050.0 76.613
1051.0 76.558
1052.0 76.409
1053.0 76.322
1054.0 76.191
1055.0 76.122
1056.0 76.073
1057.0 75.968
1058.0 75.893
1059.0 75.768999
1060.0 75.703
1061.0 75.61
1062.0 75.532
1063.0 75.508
1064.0 75.376
1065.0 75.338
1066.0 75.291
1067.0 75.219
1068.0 75.176
1069.0 75.024
1070.0 75.05
1071.0 75.016
1072.0 74.956
1073.0 74.919
1074.0 74.861999
1075.0 74.825
1076.0 74.897
1077.0 74.806
1078.0 74.807999
1079.0 74.764
1080.0 74.79
1081.0 74.763
1082.0 74.763
1083.0 74.789
1084.0 74.771
1085.0 74.747
1086.0 74.756
1087.0 74.658
1088.0 74.694999
1089.0 74.712999
1090.0 74.717999
1091.0 74.733
1092.0 74.756999
1093.0 74.855
1094.0 74.775
1095.0 74.819
1096.0 74.825
1097.0 74.854
1098.0 75.024999
1099.0 74.902
1100.0 75.01
