190.0 0.053
191.0 0.129
192.0 0.052
193.0 0.054
194.0 0.04
195.0 0.072
196.0 0.029
197.0 0.048
198.0 0.026
199.0 0.006
200.0 0.023
201.0 0.038
202.0 0.04
203.0 0.031
204.0 0.019
205.0 0.031
206.0 0.03
207.0 0.026
208.0 0.014
209.0 0.017
210.0 0.016
211.0 0.024
212.0 0.032
213.0 0.016
214.0 0.03
215.0 0.018
216.0 0.032
217.0 0.02
218.0 0.034
219.0 0.048
220.0 0.021
221.0 0.029
222.0 0.01
223.0 0.02
224.0 0.017
225.0 0.022
226.0 0.019
227.0 0.022
228.0 0.012
229.0 0.017
230.0 0.022
231.0 0.014
232.0 0.012
233.0 0.016
234.0 0.006999
235.0 0.02
236.0 0.022
237.0 0.023
238.0 0.011
239.0 0.027
240.0 0.011
241.0 0.015
242.0 0.014
243.0 0.026
244.0 0.025
245.0 0.021
246.0 0.026
247.0 0.023
248.0 0.017
249.0 0.017
250.0 0.031
251.0 0.025
252.0 0.013
253.0 0.019
254.0 0.024
255.0 0.009
256.0 0.025
257.0 0.021
258.0 0.015
259.0 0.034
260.0 0.021
261.0 0.018
262.0 0.024
263.0 0.026
264.0 0.025
265.0 0.016
266.0 0.035
267.0 0.026
268.0 0.028
269.0 0.019
270.0 0.032
271.0 0.027
272.0 0.052
273.0 0.05
274.0 0.039
275.0 0.065
276.0 0.034
277.0 0.045
278.0 0.049
279.0 0.025
280.0 0.035
281.0 0.023
282.0 0.037
283.0 0.059
284.0 0.038
285.0 0.018
286.0 0.06
287.0 0.016
288.0 0.032
289.0 0.033
290.0 0.042
291.0 0.055
292.0 0.028
293.0 0.043
294.0 0.023
295.0 0.024
296.0 0.029
297.0 0.033
298.0 0.052
299.0 0.05
300.0 0.022
301.0 0.029
302.0 0.05
303.0 0.026
304.0 0.05
305.0 0.047
306.0 0.045
307.0 0.075
308.0 0.042
309.0 0.051
310.0 0.051
311.0 0.048
312.0 0.028
313.0 0.036
314.0 0.042
315.0 0.059
316.0 0.043
317.0 0.05
318.0 0.032
319.0 0.063
320.0 0.029
321.0 0.039
322.0 0.058
323.0 0.084999
324.0 0.065
325.0 0.035
326.0 0.049
327.0 0.042
328.0 0.024
329.0 0.053
330.0 0.047
331.0 0.038
332.0 0.03
333.0 0.027
334.0 0.037
335.0 0.043
336.0 0.026
337.0 0.041
338.0 0.029
339.0 0.049
340.0 0.036
341.0 0.04
342.0 0.029
343.0 0.04
344.0 0.014
345.0 0.023
346.0 0.029
347.0 0.037
348.0 0.029
349.0 0.022
350.0 0.028
351.0 0.015
352.0 0.019
353.0 0.012
354.0 0.032
355.0 0.029
356.0 0.013
357.0 0.016
358.0 0.024
359.0 0.022
360.0 0.029
361.0 0.031
362.0 0.051
363.0 0.078
364.0 0.13
365.0 0.228
366.0 0.413
367.0 0.714
368.0 1.208
369.0 1.942
370.0 2.968
371.0 4.334
372.0 6.033
373.0 7.994999
374.0 10.205
375.0 12.485
376.0 14.832
377.0 17.09
378.0 19.301
379.0 21.401
380.0 23.44
381.0 25.312
382.0 27.104
383.0 28.87
384.0 30.57
385.0 32.086
386.0 33.513
387.0 34.855999
388.0 36.115
389.0 37.301
390.0 38.414
391.0 39.46
392.0 40.428999
393.0 41.358
394.0 42.204
395.0 43.02
396.0 43.774
397.0 44.524
398.0 45.244
399.0 45.955
400.0 46.63
401.0 47.301
402.0 47.935
403.0 48.529
404.0 49.087
405.0 49.601
406.0 50.074
407.0 50.532
408.0 50.949
409.0 51.337999
410.0 51.712
411.0 52.072
412.0 52.416
413.0 52.754
414.0 53.099
415.0 53.443
416.0 53.764
417.0 54.116
418.0 54.459999
419.0 54.808
420.0 55.152
421.0 55.519
422.0 55.864
423.0 56.198
424.0 56.507
425.0 56.824
426.0 57.103
427.0 57.35
428.0 57.599999
429.0 57.835
430.0 58.033
431.0 58.229
432.0 58.403
433.0 58.56
434.0 58.721999
435.0 58.885
436.0 59.065
437.0 59.25
438.0 59.424
439.0 59.634
440.0 59.823
441.0 60.057
442.0 60.297999
443.0 60.551999
444.0 60.803
445.0 61.063
446.0 61.317
447.0 61.571
448.0 61.828
449.0 62.077
450.0 62.306
451.0 62.534
452.0 62.741
453.0 62.936
454.0 63.116
455.0 63.284
456.0 63.424
457.0 63.542
458.0 63.671
459.0 63.749999
460.0 63.863
461.0 63.951
462.0 64.035
463.0 64.114
464.0 64.238
465.0 64.33
466.0 64.458
467.0 64.561
468.0 64.7
469.0 64.848
470.0 64.985
471.0 65.166
472.0 65.334999
473.0 65.529
474.0 65.727
475.0 65.947
476.0 66.149
477.0 66.374
478.0 66.59
479.0 66.798999
480.0 66.997
481.0 67.19
482.0 67.367
483.0 67.518999
484.0 67.67
485.0 67.808
486.0 67.908999
487.0 67.991
488.0 68.087
489.0 68.161
490.0 68.21
491.0 68.249
492.0 68.284
493.0 68.309
494.0 68.333999
495.0 68.351
496.0 68.364999
497.0 68.38
498.0 68.376
499.0 68.425
500.0 68.464
501.0 68.513
502.0 68.574
503.0 68.64
504.0 68.714
505.0 68.812
506.0 68.922
507.0 69.079
508.0 69.255
509.0 69.383
510.0 69.565
511.0 69.750999
512.0 69.914
513.0 70.108999
514.0 70.289999
515.0 70.499
516.0 70.703999
517.0 70.896
518.0 71.104999
519.0 71.275
520.0 71.44
521.0 71.611
522.0 71.761
523.0 71.906
524.0 72.042
525.0 72.138
526.0 72.23
527.0 72.286
528.0 72.373
529.0 72.392
530.0 72.438
531.0 72.438999
532.0 72.445
533.0 72.450999
534.0 72.397
535.0 72.373
536.0 72.348999
537.0 72.306
538.0 72.27
539.0 72.224999
540.0 72.18
541.0 72.16
542.0 72.102
543.0 72.080999
544.0 72.086
545.0 72.095
546.0 72.095
547.0 72.135
548.0 72.169
549.0 72.223
550.0 72.289
551.0 72.37
552.0 72.444
553.0 72.568
554.0 72.682
555.0 72.83
556.0 72.973
557.0 73.118
558.0 73.285
559.0 73.456
560.0 73.654
561.0 73.839
562.0 74.021
563.0 74.206999
564.0 74.402999
565.0 74.602
566.0 74.777
567.0 74.938
568.0 75.125
569.0 75.294
570.0 75.44
571.0 75.583999
572.0 75.704
573.0 75.841
574.0 75.914999
575.0 76.026
576.0 76.101
577.0 76.133
578.0 76.199
579.0 76.209
580.0 76.231
581.0 76.207
582.0 76.169
583.0 76.132
584.0 76.068
585.0 76.017
586.0 75.943
587.0 75.854999
588.0 75.768999
589.0 75.651
590.0 75.571
591.0 75.453
592.0 75.339999
593.0 75.252
594.0 75.158
595.0 75.059
596.0 74.968999
597.0 74.899
598.0 74.829
599.0 74.767
600.0 74.731
601.0 74.694
602.0 74.649
603.0 74.658
604.0 74.65
605.0 74.646
606.0 74.684
607.0 74.726
608.0 74.766
609.0 74.834999
610.0 74.92
611.0 74.996
612.0 75.099999
613.0 75.207
614.0 75.327999
615.0 75.449
616.0 75.599999
617.0 75.75
618.0 75.893999
619.0 76.068
620.0 76.223
621.0 76.396
622.0 76.563999
623.0 76.724
624.0 76.889
625.0 77.073
626.0 77.224999
627.0 77.393999
628.0 77.551999
629.0 77.697
630.0 77.841
631.0 77.974
632.0 78.112
633.0 78.226
634.0 78.336
635.0 78.426
636.0 78.503999
637.0 78.581999
638.0 78.648
639.0 78.686
640.0 78.723
641.0 78.724
642.0 78.751
643.0 78.744
644.0 78.714
645.0 78.687
646.0 78.645
647.0 78.590999
648.0 78.53
649.0 78.456999
650.0 78.385
651.0 78.273
652.0 78.173
653.0 78.083
654.0 77.956
655.0 77.841
656.0 77.712999
657.0 77.608999
658.0 77.501
659.0 77.372
660.0 77.249
661.0 77.122
662.0 77.012
663.0 76.895
664.0 76.795999
665.0 76.688999
666.0 76.593999
667.0 76.51
668.0 76.397
669.0 76.341
670.0 76.262
671.0 76.199
672.0 76.149999
673.0 76.095
674.0 76.074
675.0 76.054999
676.0 76.027999
677.0 76.043
678.0 76.05
679.0 76.059
680.0 76.082
681.0 76.114
682.0 76.134
683.0 76.197
684.0 76.291
685.0 76.366
686.0 76.444
687.0 76.535
688.0 76.629
689.0 76.738
690.0 76.846
691.0 76.959999
692.0 77.081999
693.0 77.208
694.0 77.346
695.0 77.49
696.0 77.614
697.0 77.769
698.0 77.917999
699.0 78.056
700.0 78.202
701.0 78.346
702.0 78.503
703.0 78.625999
704.0 78.759999
705.0 78.902
706.0 79.032
707.0 79.140999
708.0 79.274999
709.0 79.378
710.0 79.498
711.0 79.578
712.0 79.681
713.0 79.756
714.0 79.842
715.0 79.901
716.0 79.951
717.0 80.008
718.0 80.048
719.0 80.061
720.0 80.084999
721.0 80.078999
722.0 80.076
723.0 80.054
724.0 80.039
725.0 80.008
726.0 79.962999
727.0 79.92
728.0 79.857
729.0 79.786
730.0 79.711
731.0 79.624
732.0 79.534
733.0 79.432999
734.0 79.334999
735.0 79.215999
736.0 79.099
737.0 78.978
738.0 78.861999
739.0 78.730999
740.0 78.593999
741.0 78.463
742.0 78.330999
743.0 78.195
744.0 78.058
745.0 77.919
746.0 77.769
747.0 77.639
748.0 77.501
749.0 77.376
750.0 77.259
751.0 77.110999
752.0 76.994
753.0 76.874
754.0 76.771
755.0 76.646999
756.0 76.549
757.0 76.443
758.0 76.349
759.0 76.268
760.0 76.187
761.0 76.105999
762.0 76.043
763.0 75.961
764.0 75.905
765.0 75.873
766.0 75.833
767.0 75.788
768.0 75.775
769.0 75.753
770.0 75.752
771.0 75.738
772.0 75.723
773.0 75.735
774.0 75.743
775.0 75.749
776.0 75.777
777.0 75.806
778.0 75.822999
779.0 75.87
780.0 75.902
781.0 75.953
782.0 76.054999
783.0 76.127
784.0 76.226
785.0 76.331999
786.0 76.4
787.0 76.492999
788.0 76.593
789.0 76.676999
790.0 76.779
791.0 76.863
792.0 76.988999
793.0 77.081999
794.0 77.212999
795.0 77.33
796.0 77.456999
797.0 77.565
798.0 77.685999
799.0 77.789
800.0 77.901
801.0 78.032
802.0 78.12
803.0 78.249
804.0 78.377
805.0 78.468
806.0 78.58
807.0 78.647
808.0 78.781
809.0 78.887
810.0 78.976
811.0 79.063
812.0 79.167
813.0 79.249
814.0 79.291
815.0 79.371
816.0 79.447
817.0 79.489
818.0 79.556
819.0 79.613
820.0 79.668
821.0 79.700999
822.0 79.727
823.0 79.737
824.0 79.781
825.0 79.793
826.0 79.77
827.0 79.786
828.0 79.77
829.0 79.751
830.0 79.739
831.0 79.739999
832.0 79.688
833.0 79.652999
834.0 79.590999
835.0 79.557999
836.0 79.501
837.0 79.428
838.0 79.355
839.0 79.277
840.0 79.214
841.0 79.107
842.0 79.033
843.0 78.946
844.0 78.857999
845.0 78.734
846.0 78.651
847.0 78.518
848.0 78.437
849.0 78.315
850.0 78.196
851.0 78.081999
852.0 77.968999
853.0 77.837
854.0 77.732
855.0 77.598
856.0 77.488
857.0 77.37
858.0 77.222
859.0 77.110999
860.0 76.986
861.0 76.87
862.0 76.753
863.0 76.642
864.0 76.495
865.0 76.399
866.0 76.281
867.0 76.181
868.0 76.051
869.0 75.953999
870.0 75.848
871.0 75.742
872.0 75.649999
873.0 75.533
874.0 75.459
875.0 75.383
876.0 75.283
877.0 75.217
878.0 75.117
879.0 75.047
880.0 74.985
881.0 74.919
882.0 74.837
883.0 74.783
884.0 74.717
885.0 74.658999
886.0 74.602
887.0 74.554
888.0 74.531
889.0 74.473999
890.0 74.455
891.0 74.450999
892.0 74.408
893.0 74.414999
894.0 74.386
895.0 74.382
896.0 74.376
897.0 74.398
898.0 74.396
899.0 74.407
900.0 74.399
901.0 74.419
902.0 74.448
903.0 74.485999
904.0 74.529
905.0 74.614
906.0 74.658
907.0 74.709999
908.0 74.759
909.0 74.837
910.0 74.912
911.0 74.975
912.0 75.059
913.0 75.153
914.0 75.229999
915.0 75.305
916.0 75.402999
917.0 75.491
918.0 75.578
919.0 75.667
920.0 75.766
921.0 75.849999
922.0 75.956999
923.0 76.036
924.0 76.137999
925.0 76.227999
926.0 76.297
927.0 76.385
928.0 76.492999
929.0 76.587
930.0 76.684
931.0 76.782
932.0 76.909
933.0 76.988999
934.0 77.086
935.0 77.2
936.0 77.292
937.0 77.371
938.0 77.459
939.0 77.56
940.0 77.654
941.0 77.747999
942.0 77.825999
943.0 77.908
944.0 77.997
945.0 78.093
946.0 78.143
947.0 78.23
948.0 78.301
949.0 78.38
950.0 78.458
951.0 78.501
952.0 78.564
953.0 78.625999
954.0 78.67
955.0 78.721
956.0 78.789
957.0 78.854
958.0 78.864999
959.0 78.907
960.0 78.947999
961.0 78.971999
962.0 79.003
963.0 79.044
964.0 79.064
965.0 79.096999
966.0 79.105
967.0 79.12
968.0 79.134
969.0 79.111
970.0 79.129
971.0 79.129
972.0 79.101
973.0 79.093
974.0 79.072
975.0 79.046
976.0 78.999
977.0 79.015
978.0 78.956999
979.0 78.922
980.0 78.887
981.0 78.806
982.0 78.783
983.0 78.741
984.0 78.679
985.0 78.624
986.0 78.572
987.0 78.492999
988.0 78.444999
989.0 78.369
990.0 78.31
991.0 78.239
992.0 78.161999
993.0 78.075
994.0 78.015
995.0 77.932999
996.0 77.833
997.0 77.717
998.0 77.637
999.0 77.548
1000.0 77.463
1001.0 77.38
1002.0 77.291
1003.0 77.179
1004.0 77.114
1005.0 77.031
1006.0 76.925
1007.0 76.846
1008.0 76.735
1009.0 76.646999
1010.0 76.539
1011.0 76.451
1012.0 76.351
1013.0 76.244999
1014.0 76.16
1015.0 76.046
1016.0 75.953
1017.0 75.874
1018.0 75.771
1019.0 75.67
1020.0 75.581
1021.0 75.492999
1022.0 75.392
1023.0 75.287
1024.0 75.173999
1025.0 75.114999
1026.0 75.014
1027.0 74.941999
1028.0 74.86
1029.0 74.768
1030.0 74.666
1031.0 74.57
1032.0 74.512999
1033.0 74.465
1034.0 74.381
1035.0 74.271
1036.0 74.212
1037.0 74.164
1038.0 74.087999
1039.0 74.031
1040.0 73.987
1041.0 73.883
1042.0 73.863
1043.0 73.792999
1044.0 73.726
1045.0 73.678
1046.0 73.605
1047.0 73.581
1048.0 73.48
1049.0 73.441
1050.0 73.39
1051.0 73.381
1052.0 73.345
1053.0 73.289
1054.0 73.287
1055.0 73.253999
1056.0 73.253999
1057.0 73.221
1058.0 73.193
1059.0 73.152
1060.0 73.16
1061.0 73.142
1062.0 73.163
1063.0 73.101
1064.0 73.121
1065.0 73.137
1066.0 73.113
1067.0 73.134
1068.0 73.096
1069.0 73.113
1070.0 73.136
1071.0 73.043
1072.0 73.118
1073.0 73.181
1074.0 73.117
1075.0 73.141
1076.0 73.155
1077.0 73.172
1078.0 73.24
1079.0 73.244
1080.0 73.301
1081.0 73.358999
1082.0 73.346
1083.0 73.367
1084.0 73.438
1085.0 73.476
1086.0 73.547
1087.0 73.562
1088.0 73.614999
1089.0 73.604
1090.0 73.709
1091.0 73.714
1092.0 73.703
1093.0 73.743
1094.0 73.892
1095.0 73.878999
1096.0 73.973
1097.0 73.988
1098.0 74.031
1099.0 74.051
1100.0 74.192
