190.0 0.084
191.0 0.119
192.0 0.074
193.0 0.067
194.0 0.046
195.0 0.064
196.0 0.041
197.0 0.031
198.0 0.04
199.0 0.033
200.0 0.032
201.0 0.031
202.0 0.02
203.0 0.049
204.0 0.029
205.0 0.031
206.0 0.024
207.0 0.019
208.0 0.006
209.0 0.036
210.0 0.015
211.0 0.038
212.0 0.047
213.0 0.008
214.0 0.016
215.0 0.015
216.0 0.03
217.0 0.021
218.0 0.023
219.0 0.039
220.0 0.025
221.0 0.027
222.0 0.031
223.0 0.003
224.0 0.021
225.0 0.008
226.0 0.036
227.0 0.027
228.0 0.019
229.0 0.008
230.0 0.015
231.0 0.011
232.0 0.024
233.0 0.014
234.0 0.008
235.0 0.033
236.0 0.025
237.0 0.015
238.0 0.017
239.0 0.013
240.0 0.018
241.0 0.017
242.0 0.019
243.0 0.027
244.0 0.024
245.0 0.013
246.0 0.027
247.0 0.021
248.0 0.022
249.0 0.026
250.0 0.026
251.0 0.03
252.0 0.033
253.0 0.012
254.0 0.018
255.0 0.02
256.0 0.016
257.0 0.012
258.0 0.039
259.0 0.039
260.0 0.031
261.0 0.014
262.0 0.03
263.0 0.021
264.0 0.015
265.0 0.02
266.0 0.032
267.0 0.042
268.0 0.006999
269.0 0.018
270.0 0.04
271.0 0.032
272.0 0.037
273.0 0.027
274.0 0.043
275.0 0.068
276.0 0.044
277.0 0.031
278.0 0.071
279.0 0.014
280.0 0.054
281.0 0.036
282.0 0.051
283.0 0.066
284.0 0.041
285.0 0.052
286.0 0.031
287.0 0.044
288.0 0.041
289.0 0.038
290.0 0.039
291.0 0.053
292.0 0.025
293.0 0.052
294.0 0.037
295.0 0.034
296.0 0.045
297.0 0.064
298.0 0.012
299.0 0.082
300.0 0.038
301.0 0.034
302.0 0.013
303.0 0.028
304.0 0.062
305.0 0.039
306.0 0.029
307.0 0.055999
308.0 0.013
309.0 0.06
310.0 0.061
311.0 0.041
312.0 0.057
313.0 0.035
314.0 0.067
315.0 0.048
316.0 0.044
317.0 0.049
318.0 0.055
319.0 0.058
320.0 0.059
321.0 0.052
322.0 0.047
323.0 0.096
324.0 0.043
325.0 0.069999
326.0 0.05
327.0 0.045
328.0 0.084
329.0 0.06
330.0 0.057
331.0 0.048
332.0 0.03
333.0 0.035
334.0 0.049
335.0 0.023
336.0 0.047
337.0 0.044
338.0 0.04
339.0 0.037
340.0 0.021
341.0 0.032
342.0 0.037
343.0 0.039
344.0 0.019
345.0 0.026
346.0 0.032
347.0 0.042
348.0 0.024
349.0 0.033
350.0 0.02
351.0 0.01
352.0 0.032
353.0 0.023
354.0 0.027
355.0 0.049
356.0 0.039
357.0 0.039
358.0 0.052
359.0 0.092
360.0 0.154
361.0 0.237
362.0 0.388
363.0 0.62
364.0 0.944
365.0 1.425
366.0 2.096
367.0 3.02
368.0 4.165
369.0 5.621
370.0 7.34
371.0 9.327
372.0 11.529
373.0 13.907
374.0 16.451
375.0 19.033
376.0 21.626
377.0 24.127
378.0 26.534
379.0 28.823
380.0 31.001
381.0 33.103
382.0 35.233
383.0 37.52
384.0 39.97
385.0 42.25
386.0 44.524
387.0 46.713
388.0 48.763
389.0 50.559
390.0 52.124
391.0 53.417
392.0 54.488
393.0 55.401
394.0 56.21
395.0 57.026
396.0 57.888
397.0 58.813
398.0 59.876
399.0 61.037
400.0 62.29
401.0 63.619
402.0 64.898
403.0 66.144
404.0 67.256
405.0 68.209
406.0 68.935999
407.0 69.453
408.0 69.744
409.0 69.872
410.0 69.852
411.0 69.742999
412.0 69.636
413.0 69.51
414.0 69.466
415.0 69.521
416.0 69.708
417.0 70.006
418.0 70.443
419.0 71.02
420.0 71.721
421.0 72.631
422.0 73.485999
423.0 74.353
424.0 75.19
425.0 75.952
426.0 76.661
427.0 77.176
428.0 77.569999
429.0 77.785
430.0 77.849
431.0 77.75
432.0 77.55
433.0 77.253
434.0 76.920999
435.0 76.497
436.0 76.171
437.0 75.799
438.0 75.536
439.0 75.355999
440.0 75.247
441.0 75.266
442.0 75.378
443.0 75.613
444.0 75.947
445.0 76.393
446.0 76.903
447.0 77.486
448.0 78.117
449.0 78.792
450.0 79.408999
451.0 80.03
452.0 80.601999
453.0 81.081999
454.0 81.494
455.0 81.793
456.0 81.97
457.0 82.013
458.0 81.974
459.0 81.801
460.0 81.599
461.0 81.276
462.0 80.911
463.0 80.501
464.0 80.065
465.0 79.649
466.0 79.274999
467.0 78.943
468.0 78.633
469.0 78.405999
470.0 78.257
471.0 78.205
472.0 78.196
473.0 78.29
474.0 78.458
475.0 78.723
476.0 79.044
477.0 79.462
478.0 79.932999
479.0 80.447999
480.0 80.989999
481.0 81.572
482.0 82.143999
483.0 82.73
484.0 83.272
485.0 83.768
486.0 84.22
487.0 84.568
488.0 84.869
489.0 85.074
490.0 85.218
491.0 85.257
492.0 85.224999
493.0 85.072999
494.0 84.87
495.0 84.623
496.0 84.304999
497.0 83.957
498.0 83.542
499.0 83.143999
500.0 82.721
501.0 82.328
502.0 81.935
503.0 81.541
504.0 81.206999
505.0 80.9
506.0 80.659
507.0 80.467
508.0 80.34
509.0 80.277
510.0 80.259
511.0 80.315
512.0 80.444
513.0 80.623
514.0 80.877
515.0 81.16
516.0 81.513
517.0 81.903
518.0 82.345
519.0 82.837999
520.0 83.313999
521.0 83.809
522.0 84.315
523.0 84.821
524.0 85.331
525.0 85.78
526.0 86.212999
527.0 86.599999
528.0 86.94
529.0 87.262
530.0 87.479
531.0 87.649999
532.0 87.767
533.0 87.806
534.0 87.792999
535.0 87.726
536.0 87.568
537.0 87.396
538.0 87.155
539.0 86.893
540.0 86.560999
541.0 86.226
542.0 85.861
543.0 85.509
544.0 85.116
545.0 84.736
546.0 84.345
547.0 83.949
548.0 83.619
549.0 83.277
550.0 82.982
551.0 82.709999
552.0 82.479
553.0 82.297
554.0 82.137
555.0 82.032
556.0 81.983999
557.0 81.954
558.0 81.967999
559.0 82.039
560.0 82.184
561.0 82.354
562.0 82.544
563.0 82.769
564.0 83.051
565.0 83.337999
566.0 83.691999
567.0 84.023
568.0 84.399999
569.0 84.769
570.0 85.14
571.0 85.55
572.0 85.943
573.0 86.312
574.0 86.696
575.0 87.039
576.0 87.366999
577.0 87.670999
578.0 87.924
579.0 88.187
580.0 88.39
581.0 88.571
582.0 88.715
583.0 88.812
584.0 88.889
585.0 88.949999
586.0 88.959999
587.0 88.94
588.0 88.866999
589.0 88.785
590.0 88.646999
591.0 88.495
592.0 88.301
593.0 88.078999
594.0 87.813
595.0 87.551999
596.0 87.236
597.0 86.941
598.0 86.613
599.0 86.286
600.0 85.948
601.0 85.643
602.0 85.311
603.0 84.992
604.0 84.692
605.0 84.394
606.0 84.134
607.0 83.881
608.0 83.641
609.0 83.438
610.0 83.268
611.0 83.122
612.0 83.015
613.0 82.925
614.0 82.887
615.0 82.864999
616.0 82.886
617.0 82.917
618.0 82.992999
619.0 83.099
620.0 83.245
621.0 83.404
622.0 83.595
623.0 83.815
624.0 84.064
625.0 84.331999
626.0 84.614999
627.0 84.945
628.0 85.242999
629.0 85.584
630.0 85.932
631.0 86.272
632.0 86.625
633.0 86.996
634.0 87.334999
635.0 87.709999
636.0 88.054
637.0 88.4
638.0 88.717
639.0 89.014
640.0 89.312
641.0 89.587999
642.0 89.814
643.0 90.041
644.0 90.242999
645.0 90.399
646.0 90.554999
647.0 90.663
648.0 90.730999
649.0 90.768
650.0 90.797
651.0 90.773
652.0 90.727999
653.0 90.668
654.0 90.551999
655.0 90.427
656.0 90.282
657.0 90.093999
658.0 89.887
659.0 89.688
660.0 89.439
661.0 89.191
662.0 88.944999
663.0 88.622
664.0 88.326
665.0 88.051999
666.0 87.739999
667.0 87.436
668.0 87.107999
669.0 86.800999
670.0 86.489
671.0 86.204
672.0 85.909
673.0 85.641
674.0 85.335
675.0 85.075999
676.0 84.828
677.0 84.587
678.0 84.364999
679.0 84.176
680.0 83.986999
681.0 83.798
682.0 83.655
683.0 83.521
684.0 83.34
685.0 83.198
686.0 83.126
687.0 83.081
688.0 83.051
689.0 83.060999
690.0 83.076
691.0 83.104999
692.0 83.143999
693.0 83.217
694.0 83.337
695.0 83.444
696.0 83.586
697.0 83.723
698.0 83.91
699.0 84.102
700.0 84.301999
701.0 84.495
702.0 84.735
703.0 84.977
704.0 85.217
705.0 85.48
706.0 85.753
707.0 86.03
708.0 86.316
709.0 86.613
710.0 86.876
711.0 87.18
712.0 87.482
713.0 87.761
714.0 88.065
715.0 88.338
716.0 88.613
717.0 88.871
718.0 89.132
719.0 89.375
720.0 89.607
721.0 89.824
722.0 90.05
723.0 90.242
724.0 90.422
725.0 90.602
726.0 90.744
727.0 90.887
728.0 90.980999
729.0 91.081999
730.0 91.152
731.0 91.191999
732.0 91.242
733.0 91.267
734.0 91.227999
735.0 91.221
736.0 91.172
737.0 91.108
738.0 91.029
739.0 90.916
740.0 90.816
741.0 90.666
742.0 90.515
743.0 90.368
744.0 90.169999
745.0 89.997
746.0 89.8
747.0 89.585
748.0 89.377
749.0 89.158
750.0 88.914
751.0 88.673999
752.0 88.42
753.0 88.153
754.0 87.917
755.0 87.653
756.0 87.408
757.0 87.145
758.0 86.885
759.0 86.634999
760.0 86.383
761.0 86.102
762.0 85.862
763.0 85.639
764.0 85.404
765.0 85.163
766.0 84.909
767.0 84.672
768.0 84.486999
769.0 84.239
770.0 84.055
771.0 83.882
772.0 83.729
773.0 83.596
774.0 83.486999
775.0 83.398
776.0 83.304
777.0 83.255
778.0 83.233999
779.0 83.212
780.0 83.165
781.0 83.083
782.0 82.997
783.0 82.909
784.0 82.813999
785.0 82.750999
786.0 82.77
787.0 82.769
788.0 82.845
789.0 82.871
790.0 82.95
791.0 83.016
792.0 83.116999
793.0 83.24
794.0 83.325
795.0 83.409
796.0 83.556
797.0 83.702
798.0 83.847
799.0 84.012
800.0 84.176
801.0 84.339
802.0 84.528
803.0 84.714
804.0 84.897
805.0 85.079
806.0 85.274
807.0 85.482
808.0 85.682
809.0 85.877
810.0 86.117999
811.0 86.325
812.0 86.539
813.0 86.76
814.0 86.972
815.0 87.184
816.0 87.39
817.0 87.599999
818.0 87.801
819.0 88.000999
820.0 88.204
821.0 88.419
822.0 88.607
823.0 88.783
824.0 88.958
825.0 89.142
826.0 89.279
827.0 89.422
828.0 89.587
829.0 89.719
830.0 89.844
831.0 89.968
832.0 90.051
833.0 90.166
834.0 90.222
835.0 90.307
836.0 90.379
837.0 90.429
838.0 90.463
839.0 90.497
840.0 90.522
841.0 90.522
842.0 90.515999
843.0 90.508
844.0 90.463
845.0 90.423
846.0 90.373
847.0 90.334
848.0 90.254
849.0 90.173
850.0 90.078
851.0 89.980999
852.0 89.854999
853.0 89.752
854.0 89.631
855.0 89.483
856.0 89.342
857.0 89.192
858.0 89.046
859.0 88.854999
860.0 88.693
861.0 88.514
862.0 88.334
863.0 88.153
864.0 87.975
865.0 87.809
866.0 87.574
867.0 87.384
868.0 87.19
869.0 87.0
870.0 86.779
871.0 86.574
872.0 86.366
873.0 86.166
874.0 85.974999
875.0 85.756
876.0 85.548999
877.0 85.33
878.0 85.143
879.0 84.941999
880.0 84.759
881.0 84.58
882.0 84.414
883.0 84.265
884.0 84.154
885.0 84.038
886.0 83.902
887.0 83.789
888.0 83.651
889.0 83.516
890.0 83.364
891.0 83.232
892.0 83.118
893.0 82.988
894.0 82.855
895.0 82.758
896.0 82.655999
897.0 82.567
898.0 82.449
899.0 82.377
900.0 82.285
901.0 82.197
902.0 82.086
903.0 82.014
904.0 81.931
905.0 81.846
906.0 81.783
907.0 81.685
908.0 81.625
909.0 81.541
910.0 81.483999
911.0 81.422
912.0 81.375
913.0 81.336
914.0 81.303
915.0 81.298
916.0 81.298999
917.0 81.312
918.0 81.34
919.0 81.358
920.0 81.41
921.0 81.459
922.0 81.524
923.0 81.598
924.0 81.676
925.0 81.754
926.0 81.858
927.0 81.941
928.0 82.028
929.0 82.159
930.0 82.27
931.0 82.406
932.0 82.525
933.0 82.670999
934.0 82.781
935.0 82.917
936.0 83.053
937.0 83.198
938.0 83.327
939.0 83.492
940.0 83.64
941.0 83.818
942.0 83.986
943.0 84.134
944.0 84.288
945.0 84.470999
946.0 84.602999
947.0 84.77
948.0 84.948
949.0 85.104
950.0 85.280999
951.0 85.444
952.0 85.604
953.0 85.776
954.0 85.952
955.0 86.063
956.0 86.276
957.0 86.421
958.0 86.592
959.0 86.748
960.0 86.923
961.0 87.083
962.0 87.248
963.0 87.401
964.0 87.547
965.0 87.688
966.0 87.831999
967.0 87.963
968.0 88.096
969.0 88.207
970.0 88.346
971.0 88.461999
972.0 88.561
973.0 88.685
974.0 88.79
975.0 88.871
976.0 89.004
977.0 89.05
978.0 89.128
979.0 89.242
980.0 89.403
981.0 89.532
982.0 89.598999
983.0 89.634
984.0 89.708
985.0 89.744
986.0 89.783
987.0 89.806
988.0 89.834999
989.0 89.844
990.0 89.888
991.0 89.881999
992.0 89.892
993.0 89.869
994.0 89.864999
995.0 89.831999
996.0 89.829
997.0 89.779
998.0 89.759999
999.0 89.744999
1000.0 89.672
1001.0 89.624
1002.0 89.559
1003.0 89.500999
1004.0 89.428
1005.0 89.373
1006.0 89.312
1007.0 89.223
1008.0 89.143
1009.0 89.049
1010.0 88.955
1011.0 88.849
1012.0 88.771
1013.0 88.64
1014.0 88.549
1015.0 88.465999
1016.0 88.339
1017.0 88.236
1018.0 88.108
1019.0 88.012999
1020.0 87.855
1021.0 87.748
1022.0 87.602
1023.0 87.504
1024.0 87.358999
1025.0 87.236999
1026.0 87.11
1027.0 86.992999
1028.0 86.828
1029.0 86.673999
1030.0 86.516
1031.0 86.414
1032.0 86.264
1033.0 86.153
1034.0 86.016
1035.0 85.902999
1036.0 85.799
1037.0 85.634
1038.0 85.47
1039.0 85.326
1040.0 85.216
1041.0 85.099999
1042.0 84.983
1043.0 84.879
1044.0 84.736999
1045.0 84.631999
1046.0 84.476
1047.0 84.34
1048.0 84.223
1049.0 84.116
1050.0 84.033
1051.0 83.908
1052.0 83.788
1053.0 83.69
1054.0 83.545999
1055.0 83.384
1056.0 83.35
1057.0 83.267
1058.0 83.155999
1059.0 83.125
1060.0 83.031
1061.0 82.925
1062.0 82.846
1063.0 82.715
1064.0 82.648
1065.0 82.575
1066.0 82.554
1067.0 82.494
1068.0 82.447999
1069.0 82.327
1070.0 82.274999
1071.0 82.203
1072.0 82.147
1073.0 82.143999
1074.0 82.104
1075.0 82.095
1076.0 82.064
1077.0 81.962
1078.0 81.915
1079.0 81.864999
1080.0 81.905
1081.0 81.932
1082.0 81.931
1083.0 81.965
1084.0 81.887
1085.0 81.777999
1086.0 81.812
1087.0 81.851
1088.0 81.89
1089.0 81.927
1090.0 81.888
1091.0 81.864
1092.0 81.908
1093.0 81.872999
1094.0 81.858
1095.0 81.938
1096.0 82.060999
1097.0 82.041
1098.0 82.03
1099.0 82.057999
1100.0 82.065999
