190.0 0.002
191.0 0.089
192.0 0.01
193.0 0.049
194.0 0.013
195.0 0.053
196.0 0.028
197.0 0.022
198.0 0.029
199.0 0.031
200.0 0.033
201.0 0.028
202.0 0.032
203.0 0.036
204.0 0.029
205.0 0.001
206.0 0.011
207.0 0.013
208.0 0.017
209.0 0.011
210.0 0.017
211.0 0.034
212.0 0.034
213.0 0.018
214.0 0.012
215.0 0.022
216.0 0.023
217.0 0.029
218.0 0.016
219.0 0.032
220.0 0.027
221.0 0.01
222.0 0.016
223.0 0.02
224.0 0.016
225.0 0.018
226.0 0.008
227.0 0.03
228.0 0.014
229.0 0.015
230.0 0.013
231.0 0.003
232.0 0.014
233.0 0.009
234.0 0.021
235.0 0.022
236.0 0.006999
237.0 0.016
238.0 0.006
239.0 0.013
240.0 0.023
241.0 0.003
242.0 0.019
243.0 0.017
244.0 0.012
245.0 0.002
246.0 0.018
247.0 0.016
248.0 0.017
249.0 0.013
250.0 0.021
251.0 0.023
252.0 0.001
253.0 0.004
254.0 0.002
255.0 0.011
256.0 0.01
257.0 0.0
258.0 0.013
259.0 0.029
260.0 0.03
261.0 0.019
262.0 0.024
263.0 0.005
264.0 0.009
265.0 0.012
266.0 0.034
267.0 0.036
268.0 0.026
269.0 0.027
270.0 0.011
271.0 0.03
272.0 0.017
273.0 0.004
274.0 0.016
275.0 0.049
276.0 0.002
277.0 0.034
278.0 0.034
279.0 0.012
280.0 0.018
281.0 0.033
282.0 0.026
283.0 0.05
284.0 0.026
285.0 0.034
286.0 0.012
287.0 0.034
288.0 0.037
289.0 0.014
290.0 0.035
291.0 0.026
292.0 0.012
293.0 0.03
294.0 0.01
295.0 0.013
296.0 0.025
297.0 0.032
298.0 0.035
299.0 0.041
300.0 0.02
301.0 0.04
302.0 0.006
303.0 0.04
304.0 0.0
305.0 0.021
306.0 0.033
307.0 0.041
308.0 0.035
309.0 0.009
310.0 0.012
311.0 0.034
312.0 0.027
313.0 0.06
314.0 0.034
315.0 0.073
316.0 0.029
317.0 0.015
318.0 0.036
319.0 0.06
320.0 0.052
321.0 0.033
322.0 0.051
323.0 0.064
324.0 0.043
325.0 0.024
326.0 0.006999
327.0 0.076
328.0 0.073
329.0 0.086999
330.0 0.084
331.0 0.091
332.0 0.068999
333.0 0.058
334.0 0.054
335.0 0.066
336.0 0.055
337.0 0.041
338.0 0.061
339.0 0.063
340.0 0.043
341.0 0.05
342.0 0.052
343.0 0.033
344.0 0.046
345.0 0.027
346.0 0.044
347.0 0.059
348.0 0.038
349.0 0.042
350.0 0.029
351.0 0.037
352.0 0.033
353.0 0.033
354.0 0.045
355.0 0.052
356.0 0.043
357.0 0.058
358.0 0.054
359.0 0.085999
360.0 0.116
361.0 0.182
362.0 0.279
363.0 0.434999
364.0 0.639
365.0 0.957
366.0 1.409
367.0 2.042
368.0 2.863
369.0 3.885
370.0 5.16
371.0 6.651999
372.0 8.329
373.0 10.188
374.0 12.202
375.0 14.318
376.0 16.541
377.0 18.897
378.0 21.31
379.0 23.775
380.0 26.129
381.0 28.365
382.0 30.45
383.0 32.488
384.0 34.476
385.0 36.352
386.0 38.27
387.0 40.298
388.0 42.413
389.0 44.612
390.0 46.807
391.0 48.909
392.0 50.845
393.0 52.55
394.0 53.961
395.0 55.061
396.0 55.88
397.0 56.489999
398.0 56.995
399.0 57.491
400.0 58.072999
401.0 58.83
402.0 59.741
403.0 60.865
404.0 62.13
405.0 63.53
406.0 64.964999
407.0 66.381999
408.0 67.706
409.0 68.884999
410.0 69.828999
411.0 70.539
412.0 70.947
413.0 71.133
414.0 71.045
415.0 70.753999
416.0 70.364999
417.0 69.93
418.0 69.559
419.0 69.31
420.0 69.197
421.0 69.386
422.0 69.666
423.0 70.172
424.0 70.839
425.0 71.687
426.0 72.605
427.0 73.597
428.0 74.631
429.0 75.625
430.0 76.519
431.0 77.277
432.0 77.876
433.0 78.318
434.0 78.536
435.0 78.563
436.0 78.388
437.0 78.017
438.0 77.524
439.0 76.917999
440.0 76.261
441.0 75.636
442.0 75.011
443.0 74.507
444.0 74.098
445.0 73.858
446.0 73.786
447.0 73.837
448.0 74.051
449.0 74.419
450.0 74.925
451.0 75.517
452.0 76.19
453.0 76.937999
454.0 77.736999
455.0 78.521
456.0 79.293
457.0 80.015999
458.0 80.659
459.0 81.185
460.0 81.584999
461.0 81.882
462.0 82.013
463.0 82.003
464.0 81.84
465.0 81.533
466.0 81.128
467.0 80.608999
468.0 80.039
469.0 79.425
470.0 78.805
471.0 78.185
472.0 77.584
473.0 77.090999
474.0 76.668
475.0 76.343
476.0 76.149
477.0 76.053
478.0 76.06
479.0 76.215999
480.0 76.456
481.0 76.793
482.0 77.239999
483.0 77.747999
484.0 78.379
485.0 79.027999
486.0 79.675
487.0 80.361999
488.0 81.08
489.0 81.741
490.0 82.37
491.0 82.943999
492.0 83.462999
493.0 83.926
494.0 84.285
495.0 84.506
496.0 84.661
497.0 84.708
498.0 84.649
499.0 84.486
500.0 84.204
501.0 83.863
502.0 83.434
503.0 82.929
504.0 82.406
505.0 81.84
506.0 81.262
507.0 80.711999
508.0 80.164999
509.0 79.682
510.0 79.191999
511.0 78.798
512.0 78.443
513.0 78.186
514.0 77.994
515.0 77.866
516.0 77.845
517.0 77.903
518.0 78.05
519.0 78.223
520.0 78.530999
521.0 78.861
522.0 79.295
523.0 79.730999
524.0 80.23
525.0 80.762999
526.0 81.312
527.0 81.861999
528.0 82.443
529.0 82.994999
530.0 83.524
531.0 84.077
532.0 84.575
533.0 85.027
534.0 85.414
535.0 85.749
536.0 86.017
537.0 86.193
538.0 86.336
539.0 86.382
540.0 86.351999
541.0 86.277
542.0 86.106
543.0 85.878
544.0 85.566
545.0 85.214
546.0 84.816999
547.0 84.367
548.0 83.892
549.0 83.402
550.0 82.886
551.0 82.393
552.0 81.904
553.0 81.408
554.0 80.955999
555.0 80.524
556.0 80.125999
557.0 79.793
558.0 79.474999
559.0 79.227
560.0 79.068
561.0 78.917
562.0 78.813
563.0 78.763
564.0 78.768
565.0 78.839
566.0 78.955
567.0 79.13
568.0 79.340999
569.0 79.599
570.0 79.896
571.0 80.221
572.0 80.593999
573.0 81.005
574.0 81.399999
575.0 81.837
576.0 82.277
577.0 82.729
578.0 83.179
579.0 83.645
580.0 84.101
581.0 84.536999
582.0 84.982
583.0 85.398
584.0 85.78
585.0 86.139
586.0 86.492999
587.0 86.785
588.0 87.051
589.0 87.266
590.0 87.426999
591.0 87.546
592.0 87.605999
593.0 87.595999
594.0 87.555
595.0 87.438
596.0 87.295999
597.0 87.075999
598.0 86.839999
599.0 86.545
600.0 86.223
601.0 85.867999
602.0 85.508
603.0 85.107
604.0 84.687
605.0 84.268
606.0 83.843
607.0 83.428
608.0 82.997
609.0 82.598
610.0 82.203
611.0 81.832
612.0 81.471999
613.0 81.157
614.0 80.86
615.0 80.578
616.0 80.349
617.0 80.15
618.0 79.979
619.0 79.86
620.0 79.752
621.0 79.700999
622.0 79.687
623.0 79.694
624.0 79.729
625.0 79.832
626.0 79.959999
627.0 80.105999
628.0 80.286
629.0 80.489999
630.0 80.742
631.0 81.005
632.0 81.286999
633.0 81.591
634.0 81.938999
635.0 82.288
636.0 82.645
637.0 83.029
638.0 83.402
639.0 83.788
640.0 84.165
641.0 84.539
642.0 84.922
643.0 85.284
644.0 85.666
645.0 86.008
646.0 86.345
647.0 86.65
648.0 86.934
649.0 87.204
650.0 87.464
651.0 87.685999
652.0 87.878
653.0 88.034
654.0 88.170999
655.0 88.268999
656.0 88.33
657.0 88.361
658.0 88.352
659.0 88.322
660.0 88.256999
661.0 88.168
662.0 88.03
663.0 87.871
664.0 87.705
665.0 87.497
666.0 87.247
667.0 86.992999
668.0 86.712999
669.0 86.426999
670.0 86.087
671.0 85.780999
672.0 85.433
673.0 85.095
674.0 84.786
675.0 84.432
676.0 84.057999
677.0 83.729
678.0 83.399999
679.0 83.032
680.0 82.701
681.0 82.382
682.0 82.051
683.0 81.771
684.0 81.464
685.0 81.181
686.0 80.95
687.0 80.721
688.0 80.525
689.0 80.339
690.0 80.174
691.0 80.035
692.0 79.893
693.0 79.8
694.0 79.742999
695.0 79.69
696.0 79.664
697.0 79.645
698.0 79.656
699.0 79.703999
700.0 79.755
701.0 79.842
702.0 79.946
703.0 80.044
704.0 80.19
705.0 80.354
706.0 80.525
707.0 80.72
708.0 80.911
709.0 81.128999
710.0 81.364
711.0 81.626
712.0 81.87
713.0 82.148
714.0 82.42
715.0 82.705
716.0 82.992
717.0 83.267
718.0 83.567
719.0 83.854
720.0 84.145
721.0 84.441999
722.0 84.732
723.0 85.003
724.0 85.296
725.0 85.57
726.0 85.816
727.0 86.084
728.0 86.312999
729.0 86.562
730.0 86.78
731.0 86.952
732.0 87.138
733.0 87.316
734.0 87.479
735.0 87.627
736.0 87.724999
737.0 87.807
738.0 87.895
739.0 87.953
740.0 88.011
741.0 88.024999
742.0 88.022
743.0 88.000999
744.0 87.956
745.0 87.902999
746.0 87.831
747.0 87.721999
748.0 87.602999
749.0 87.485999
750.0 87.304
751.0 87.166
752.0 86.977999
753.0 86.79
754.0 86.578
755.0 86.371
756.0 86.149
757.0 85.911
758.0 85.645
759.0 85.399999
760.0 85.154
761.0 84.854
762.0 84.602
763.0 84.316999
764.0 84.033
765.0 83.738999
766.0 83.462999
767.0 83.174
768.0 82.879
769.0 82.602
770.0 82.337
771.0 82.086
772.0 81.83
773.0 81.581
774.0 81.37
775.0 81.179999
776.0 80.986999
777.0 80.837
778.0 80.675
779.0 80.549
780.0 80.381
781.0 80.194
782.0 80.015999
783.0 79.818999
784.0 79.622
785.0 79.465
786.0 79.352
787.0 79.235
788.0 79.176
789.0 79.123
790.0 79.068
791.0 79.005
792.0 78.986999
793.0 78.979
794.0 78.973
795.0 78.916
796.0 78.971999
797.0 79.001
798.0 79.042
799.0 79.1
800.0 79.181
801.0 79.29
802.0 79.364
803.0 79.440999
804.0 79.577
805.0 79.676
806.0 79.810999
807.0 79.954
808.0 80.093
809.0 80.247999
810.0 80.422
811.0 80.572
812.0 80.761
813.0 80.969
814.0 81.133
815.0 81.335
816.0 81.539
817.0 81.718
818.0 81.947999
819.0 82.123
820.0 82.352
821.0 82.565999
822.0 82.783
823.0 82.999
824.0 83.185
825.0 83.417
826.0 83.613
827.0 83.819999
828.0 84.002
829.0 84.228
830.0 84.423
831.0 84.622
832.0 84.804
833.0 84.997
834.0 85.155999
835.0 85.323
836.0 85.48
837.0 85.646999
838.0 85.803
839.0 85.918
840.0 86.079
841.0 86.206999
842.0 86.314
843.0 86.397
844.0 86.517
845.0 86.602
846.0 86.673999
847.0 86.703
848.0 86.785
849.0 86.821
850.0 86.851
851.0 86.874
852.0 86.854
853.0 86.892
854.0 86.861999
855.0 86.861
856.0 86.807
857.0 86.788
858.0 86.717
859.0 86.655
860.0 86.611
861.0 86.509999
862.0 86.406
863.0 86.316999
864.0 86.233999
865.0 86.099
866.0 85.973
867.0 85.855999
868.0 85.696
869.0 85.58
870.0 85.402
871.0 85.263
872.0 85.075999
873.0 84.932
874.0 84.757
875.0 84.579
876.0 84.387
877.0 84.216
878.0 84.041
879.0 83.825
880.0 83.670999
881.0 83.469
882.0 83.303
883.0 83.193
884.0 83.02
885.0 82.866
886.0 82.726
887.0 82.565
888.0 82.411999
889.0 82.233999
890.0 82.028
891.0 81.898
892.0 81.725
893.0 81.552
894.0 81.403
895.0 81.230999
896.0 81.092
897.0 80.91
898.0 80.762
899.0 80.608
900.0 80.459
901.0 80.309
902.0 80.113
903.0 79.988
904.0 79.847
905.0 79.723999
906.0 79.583
907.0 79.439
908.0 79.305
909.0 79.164
910.0 79.042999
911.0 78.877
912.0 78.761
913.0 78.663
914.0 78.538
915.0 78.464999
916.0 78.376
917.0 78.302
918.0 78.242999
919.0 78.188
920.0 78.154
921.0 78.123
922.0 78.09
923.0 78.110999
924.0 78.086
925.0 78.061
926.0 78.061
927.0 78.078999
928.0 78.107
929.0 78.157
930.0 78.218
931.0 78.281
932.0 78.315
933.0 78.369
934.0 78.443
935.0 78.505
936.0 78.604
937.0 78.685
938.0 78.749
939.0 78.84
940.0 78.949
941.0 79.084
942.0 79.152999
943.0 79.258
944.0 79.38
945.0 79.496
946.0 79.64
947.0 79.761
948.0 79.861999
949.0 79.983
950.0 80.122
951.0 80.257
952.0 80.407
953.0 80.544
954.0 80.681
955.0 80.831
956.0 80.969
957.0 81.101999
958.0 81.27
959.0 81.420999
960.0 81.538
961.0 81.729
962.0 81.861999
963.0 82.018
964.0 82.159
965.0 82.268
966.0 82.434
967.0 82.575
968.0 82.755
969.0 82.867
970.0 83.015
971.0 83.145
972.0 83.3
973.0 83.402
974.0 83.562
975.0 83.681
976.0 83.835
977.0 83.931
978.0 84.044
979.0 84.179
980.0 84.363
981.0 84.554
982.0 84.662
983.0 84.75
984.0 84.843999
985.0 84.945
986.0 85.017
987.0 85.11
988.0 85.194999
989.0 85.262
990.0 85.322
991.0 85.393
992.0 85.437
993.0 85.479
994.0 85.553
995.0 85.577
996.0 85.587999
997.0 85.622
998.0 85.67
999.0 85.68
1000.0 85.715
1001.0 85.739
1002.0 85.729
1003.0 85.739
1004.0 85.741
1005.0 85.718
1006.0 85.704
1007.0 85.675
1008.0 85.637
1009.0 85.63
1010.0 85.572
1011.0 85.524999
1012.0 85.489
1013.0 85.433
1014.0 85.372
1015.0 85.327
1016.0 85.261
1017.0 85.194
1018.0 85.131
1019.0 85.043
1020.0 84.958
1021.0 84.899999
1022.0 84.789999
1023.0 84.704
1024.0 84.596
1025.0 84.505
1026.0 84.386
1027.0 84.318
1028.0 84.19
1029.0 84.069999
1030.0 83.969
1031.0 83.867
1032.0 83.761
1033.0 83.64
1034.0 83.492999
1035.0 83.396
1036.0 83.277999
1037.0 83.153
1038.0 83.026
1039.0 82.909
1040.0 82.762
1041.0 82.628999
1042.0 82.521999
1043.0 82.381
1044.0 82.25
1045.0 82.162
1046.0 82.01
1047.0 81.855999
1048.0 81.727999
1049.0 81.593
1050.0 81.482
1051.0 81.38
1052.0 81.222
1053.0 81.064
1054.0 80.942
1055.0 80.857
1056.0 80.774999
1057.0 80.65
1058.0 80.516
1059.0 80.355
1060.0 80.285
1061.0 80.132
1062.0 80.01
1063.0 79.91
1064.0 79.762999
1065.0 79.693
1066.0 79.603
1067.0 79.503
1068.0 79.344
1069.0 79.212
1070.0 79.149999
1071.0 79.029
1072.0 79.036
1073.0 78.899
1074.0 78.813
1075.0 78.708999
1076.0 78.738
1077.0 78.631
1078.0 78.539
1079.0 78.488
1080.0 78.401
1081.0 78.334999
1082.0 78.28
1083.0 78.289
1084.0 78.21
1085.0 78.102999
1086.0 78.086
1087.0 77.956
1088.0 77.934
1089.0 77.925
1090.0 77.863
1091.0 77.798999
1092.0 77.81
1093.0 77.752
1094.0 77.697
1095.0 77.708999
1096.0 77.683
1097.0 77.649999
1098.0 77.657
1099.0 77.610999
1100.0 77.607
