190.0 0.028
191.0 0.067
192.0 0.062
193.0 0.089
194.0 0.048
195.0 0.048
196.0 0.034
197.0 0.043
198.0 0.05
199.0 0.046
200.0 0.006999
201.0 0.029
202.0 0.015
203.0 0.054
204.0 0.038
205.0 0.035
206.0 0.02
207.0 0.026
208.0 0.025
209.0 0.021
210.0 0.024
211.0 0.043
212.0 0.044
213.0 0.026
214.0 0.017
215.0 0.019
216.0 0.034
217.0 0.019
218.0 0.03
219.0 0.02
220.0 0.02
221.0 0.033
222.0 0.021
223.0 0.025
224.0 0.021
225.0 0.018
226.0 0.026
227.0 0.033
228.0 0.019
229.0 0.012
230.0 0.021
231.0 0.009
232.0 0.012
233.0 0.015
234.0 0.016
235.0 0.036
236.0 0.016
237.0 0.019
238.0 0.021
239.0 0.016
240.0 0.016
241.0 0.021
242.0 0.028
243.0 0.028
244.0 0.006
245.0 0.013
246.0 0.022
247.0 0.021
248.0 0.032
249.0 0.023
250.0 0.014
251.0 0.028
252.0 0.013
253.0 0.021
254.0 0.025
255.0 0.025
256.0 0.026
257.0 0.017
258.0 0.023
259.0 0.053
260.0 0.024
261.0 0.021
262.0 0.038
263.0 0.026
264.0 0.026
265.0 0.021
266.0 0.026
267.0 0.039
268.0 0.019
269.0 0.053
270.0 0.036
271.0 0.044
272.0 0.051
273.0 0.018
274.0 0.045
275.0 0.055
276.0 0.043
277.0 0.027
278.0 0.057
279.0 0.03
280.0 0.028
281.0 0.052
282.0 0.048
283.0 0.068999
284.0 0.049
285.0 0.044
286.0 0.041
287.0 0.035
288.0 0.042
289.0 0.065
290.0 0.032
291.0 0.057
292.0 0.042
293.0 0.024
294.0 0.026
295.0 0.042
296.0 0.021
297.0 0.052
298.0 0.033
299.0 0.083
300.0 0.038
301.0 0.063
302.0 0.043
303.0 0.037
304.0 0.03
305.0 0.049
306.0 0.037
307.0 0.052
308.0 0.022
309.0 0.034
310.0 0.055
311.0 0.045
312.0 0.043
313.0 0.043
314.0 0.049
315.0 0.115
316.0 0.045
317.0 0.045
318.0 0.032
319.0 0.057
320.0 0.064
321.0 0.041
322.0 0.06
323.0 0.119
324.0 0.059
325.0 0.08
326.0 0.061
327.0 0.062
328.0 0.09
329.0 0.074
330.0 0.084
331.0 0.088
332.0 0.077
333.0 0.042
334.0 0.083
335.0 0.06
336.0 0.069999
337.0 0.068
338.0 0.062
339.0 0.074
340.0 0.077
341.0 0.057
342.0 0.06
343.0 0.038
344.0 0.047
345.0 0.059
346.0 0.045
347.0 0.063
348.0 0.046
349.0 0.053
350.0 0.05
351.0 0.046
352.0 0.042
353.0 0.042
354.0 0.058
355.0 0.061
356.0 0.047
357.0 0.084999
358.0 0.095
359.0 0.151
360.0 0.219
361.0 0.352
362.0 0.532999
363.0 0.831
364.0 1.225
365.0 1.792
366.0 2.55
367.0 3.573
368.0 4.834
369.0 6.379
370.0 8.154999
371.0 10.222
372.0 12.425
373.0 14.758
374.0 17.163
375.0 19.618
376.0 22.085
377.0 24.575
378.0 27.112
379.0 29.687
380.0 32.202
381.0 34.595
382.0 36.983
383.0 39.306
384.0 41.465999
385.0 43.334
386.0 45.048
387.0 46.637
388.0 48.185
389.0 49.69
390.0 51.221
391.0 52.798
392.0 54.413
393.0 56.03
394.0 57.645
395.0 59.2
396.0 60.67
397.0 61.949
398.0 63.063
399.0 63.956999
400.0 64.664999
401.0 65.212
402.0 65.568
403.0 65.864
404.0 66.086
405.0 66.34
406.0 66.586999
407.0 66.939
408.0 67.384999
409.0 67.95
410.0 68.635
411.0 69.432
412.0 70.331
413.0 71.256
414.0 72.185999
415.0 73.092
416.0 73.898
417.0 74.587999
418.0 75.161
419.0 75.59
420.0 75.886
421.0 76.068
422.0 76.119
423.0 76.045
424.0 75.890999
425.0 75.697999
426.0 75.458
427.0 75.205999
428.0 75.032
429.0 74.895
430.0 74.86
431.0 74.894
432.0 75.083
433.0 75.345
434.0 75.73
435.0 76.197999
436.0 76.771999
437.0 77.377
438.0 78.011
439.0 78.642
440.0 79.242
441.0 79.832
442.0 80.281
443.0 80.711
444.0 80.991999
445.0 81.164
446.0 81.235999
447.0 81.205
448.0 81.076
449.0 80.848
450.0 80.548
451.0 80.212
452.0 79.832
453.0 79.44
454.0 79.032
455.0 78.637999
456.0 78.297
457.0 77.979
458.0 77.771999
459.0 77.597
460.0 77.58
461.0 77.595
462.0 77.724
463.0 77.936
464.0 78.232
465.0 78.613
466.0 79.086
467.0 79.599
468.0 80.123
469.0 80.685
470.0 81.277999
471.0 81.821
472.0 82.328
473.0 82.785
474.0 83.214999
475.0 83.554
476.0 83.813
477.0 84.036999
478.0 84.14
479.0 84.209999
480.0 84.143
481.0 84.023
482.0 83.83
483.0 83.58
484.0 83.287
485.0 82.938
486.0 82.572
487.0 82.163
488.0 81.786
489.0 81.404
490.0 81.030999
491.0 80.694
492.0 80.404
493.0 80.138
494.0 79.951
495.0 79.822999
496.0 79.756
497.0 79.75
498.0 79.8
499.0 79.938
500.0 80.155
501.0 80.427
502.0 80.764
503.0 81.132
504.0 81.56
505.0 82.005
506.0 82.497
507.0 83.001
508.0 83.521999
509.0 83.996
510.0 84.519
511.0 84.988
512.0 85.413
513.0 85.811
514.0 86.15
515.0 86.444
516.0 86.682999
517.0 86.842
518.0 86.985999
519.0 87.048999
520.0 87.016
521.0 86.926
522.0 86.797
523.0 86.614999
524.0 86.402999
525.0 86.131
526.0 85.819999
527.0 85.479
528.0 85.118
529.0 84.757
530.0 84.372
531.0 83.98
532.0 83.581
533.0 83.217
534.0 82.874
535.0 82.593999
536.0 82.277999
537.0 82.025
538.0 81.816999
539.0 81.663
540.0 81.533999
541.0 81.449
542.0 81.438999
543.0 81.482
544.0 81.566
545.0 81.691
546.0 81.837999
547.0 82.057
548.0 82.315
549.0 82.613
550.0 82.92
551.0 83.292999
552.0 83.679999
553.0 84.068
554.0 84.47
555.0 84.874
556.0 85.294
557.0 85.704
558.0 86.084999
559.0 86.467
560.0 86.826
561.0 87.136
562.0 87.444999
563.0 87.682
564.0 87.907
565.0 88.085
566.0 88.229
567.0 88.307
568.0 88.339
569.0 88.334999
570.0 88.266
571.0 88.202
572.0 88.041
573.0 87.866999
574.0 87.663
575.0 87.392
576.0 87.092
577.0 86.785
578.0 86.441
579.0 86.089
580.0 85.718
581.0 85.328999
582.0 84.952
583.0 84.571
584.0 84.214999
585.0 83.862
586.0 83.523
587.0 83.216
588.0 82.899
589.0 82.624
590.0 82.358
591.0 82.152999
592.0 81.947
593.0 81.78
594.0 81.634
595.0 81.527
596.0 81.450999
597.0 81.418
598.0 81.393
599.0 81.422
600.0 81.476
601.0 81.567
602.0 81.698
603.0 81.84
604.0 82.04
605.0 82.238999
606.0 82.477999
607.0 82.754
608.0 83.053
609.0 83.337999
610.0 83.691
611.0 84.024
612.0 84.389
613.0 84.759
614.0 85.128
615.0 85.506
616.0 85.887999
617.0 86.241
618.0 86.617
619.0 86.977
620.0 87.327
621.0 87.637
622.0 87.948
623.0 88.236999
624.0 88.492999
625.0 88.751
626.0 88.964
627.0 89.149999
628.0 89.314
629.0 89.444
630.0 89.536
631.0 89.592
632.0 89.616
633.0 89.62
634.0 89.574
635.0 89.539
636.0 89.448
637.0 89.314
638.0 89.166
639.0 88.975
640.0 88.79
641.0 88.578
642.0 88.33
643.0 88.068
644.0 87.794
645.0 87.516
646.0 87.224999
647.0 86.899
648.0 86.593
649.0 86.265999
650.0 85.948
651.0 85.623
652.0 85.307999
653.0 84.997999
654.0 84.706
655.0 84.406
656.0 84.106
657.0 83.838
658.0 83.584999
659.0 83.362
660.0 83.113
661.0 82.928
662.0 82.746
663.0 82.548
664.0 82.407
665.0 82.303
666.0 82.179999
667.0 82.105999
668.0 82.04
669.0 82.002
670.0 81.993
671.0 82.011
672.0 82.041
673.0 82.13
674.0 82.177
675.0 82.279
676.0 82.408
677.0 82.537
678.0 82.691
679.0 82.896999
680.0 83.077
681.0 83.282
682.0 83.525
683.0 83.75
684.0 83.995
685.0 84.241999
686.0 84.501
687.0 84.797
688.0 85.068999
689.0 85.382
690.0 85.67
691.0 85.964
692.0 86.252
693.0 86.529
694.0 86.851
695.0 87.146
696.0 87.409
697.0 87.682
698.0 87.952
699.0 88.199
700.0 88.443
701.0 88.653
702.0 88.875
703.0 89.07
704.0 89.242
705.0 89.4
706.0 89.534
707.0 89.67
708.0 89.763
709.0 89.842
710.0 89.886
711.0 89.928
712.0 89.955
713.0 89.963
714.0 89.944
715.0 89.889
716.0 89.829
717.0 89.732
718.0 89.648
719.0 89.53
720.0 89.39
721.0 89.224999
722.0 89.066
723.0 88.873
724.0 88.671
725.0 88.473
726.0 88.242
727.0 88.022
728.0 87.764
729.0 87.517
730.0 87.253
731.0 86.973999
732.0 86.712999
733.0 86.428
734.0 86.141
735.0 85.882
736.0 85.580999
737.0 85.309
738.0 85.03
739.0 84.75
740.0 84.482
741.0 84.2
742.0 83.95
743.0 83.694
744.0 83.431999
745.0 83.206
746.0 82.972
747.0 82.750999
748.0 82.548
749.0 82.355999
750.0 82.152999
751.0 81.983999
752.0 81.808
753.0 81.661
754.0 81.501
755.0 81.408999
756.0 81.282
757.0 81.176
758.0 81.098
759.0 81.030999
760.0 80.969
761.0 80.899
762.0 80.861999
763.0 80.872
764.0 80.882
765.0 80.881
766.0 80.896999
767.0 80.932
768.0 80.996
769.0 81.041
770.0 81.113
771.0 81.203999
772.0 81.288
773.0 81.423999
774.0 81.548
775.0 81.685
776.0 81.832
777.0 81.988
778.0 82.173
779.0 82.357
780.0 82.525
781.0 82.712
782.0 82.871
783.0 83.013
784.0 83.196
785.0 83.352
786.0 83.557
787.0 83.763
788.0 83.988
789.0 84.196
790.0 84.423
791.0 84.639
792.0 84.871
793.0 85.098
794.0 85.334
795.0 85.538
796.0 85.749
797.0 85.965
798.0 86.155
799.0 86.374
800.0 86.558
801.0 86.744
802.0 86.911
803.0 87.095999
804.0 87.239999
805.0 87.373
806.0 87.516
807.0 87.636
808.0 87.755
809.0 87.846999
810.0 87.965
811.0 88.048
812.0 88.13
813.0 88.205999
814.0 88.261
815.0 88.286
816.0 88.326
817.0 88.336
818.0 88.351
819.0 88.334999
820.0 88.333
821.0 88.319999
822.0 88.271
823.0 88.209999
824.0 88.153
825.0 88.07
826.0 87.973
827.0 87.889
828.0 87.78
829.0 87.661
830.0 87.533
831.0 87.41
832.0 87.256
833.0 87.116
834.0 86.946
835.0 86.776
836.0 86.619999
837.0 86.414999
838.0 86.256
839.0 86.074
840.0 85.871
841.0 85.665
842.0 85.465999
843.0 85.261
844.0 85.06
845.0 84.834
846.0 84.626
847.0 84.411999
848.0 84.194
849.0 83.986999
850.0 83.776
851.0 83.556
852.0 83.343999
853.0 83.13
854.0 82.931
855.0 82.715999
856.0 82.505
857.0 82.32
858.0 82.12
859.0 81.923999
860.0 81.723
861.0 81.542
862.0 81.352999
863.0 81.187
864.0 81.028
865.0 80.872999
866.0 80.691
867.0 80.542999
868.0 80.398
869.0 80.262999
870.0 80.133
871.0 80.009
872.0 79.894
873.0 79.783
874.0 79.69
875.0 79.566999
876.0 79.489
877.0 79.387
878.0 79.318999
879.0 79.247999
880.0 79.195
881.0 79.137
882.0 79.092
883.0 79.088
884.0 79.077
885.0 79.096
886.0 79.083
887.0 79.092
888.0 79.101999
889.0 79.112
890.0 79.124
891.0 79.194
892.0 79.195
893.0 79.247
894.0 79.262999
895.0 79.340999
896.0 79.396999
897.0 79.471
898.0 79.525
899.0 79.613
900.0 79.695
901.0 79.761
902.0 79.859
903.0 79.944
904.0 80.059
905.0 80.15
906.0 80.262
907.0 80.373
908.0 80.483999
909.0 80.584
910.0 80.722
911.0 80.833
912.0 80.959
913.0 81.092
914.0 81.223999
915.0 81.372
916.0 81.515
917.0 81.671
918.0 81.824
919.0 81.993
920.0 82.155
921.0 82.323
922.0 82.491
923.0 82.647
924.0 82.825
925.0 82.996
926.0 83.140999
927.0 83.308
928.0 83.453
929.0 83.639
930.0 83.8
931.0 83.973
932.0 84.125
933.0 84.304999
934.0 84.421
935.0 84.587
936.0 84.75
937.0 84.885
938.0 85.02
939.0 85.17
940.0 85.289999
941.0 85.455
942.0 85.56
943.0 85.705
944.0 85.818
945.0 85.934999
946.0 86.04
947.0 86.124
948.0 86.255
949.0 86.337
950.0 86.404
951.0 86.502
952.0 86.581
953.0 86.634999
954.0 86.706999
955.0 86.732
956.0 86.834999
957.0 86.846
958.0 86.912
959.0 86.932
960.0 86.983
961.0 86.999
962.0 87.028
963.0 87.047
964.0 87.06
965.0 87.039999
966.0 87.05
967.0 87.019
968.0 87.012
969.0 87.005
970.0 86.95
971.0 86.9
972.0 86.88
973.0 86.816999
974.0 86.773
975.0 86.702
976.0 86.661999
977.0 86.582
978.0 86.472
979.0 86.435
980.0 86.406
981.0 86.328
982.0 86.253999
983.0 86.166
984.0 86.068999
985.0 85.972
986.0 85.861
987.0 85.749
988.0 85.637
989.0 85.509
990.0 85.426999
991.0 85.287
992.0 85.168
993.0 85.024999
994.0 84.89
995.0 84.757
996.0 84.634
997.0 84.517
998.0 84.369
999.0 84.211
1000.0 84.071
1001.0 83.938
1002.0 83.806
1003.0 83.66
1004.0 83.521
1005.0 83.392
1006.0 83.263
1007.0 83.095
1008.0 82.981
1009.0 82.842
1010.0 82.698
1011.0 82.553
1012.0 82.426999
1013.0 82.287
1014.0 82.16
1015.0 82.028
1016.0 81.907
1017.0 81.768
1018.0 81.640999
1019.0 81.516
1020.0 81.367999
1021.0 81.271
1022.0 81.14
1023.0 81.016
1024.0 80.9
1025.0 80.774
1026.0 80.661
1027.0 80.589999
1028.0 80.452
1029.0 80.354
1030.0 80.242
1031.0 80.159
1032.0 80.069
1033.0 79.967999
1034.0 79.887
1035.0 79.816
1036.0 79.757
1037.0 79.652
1038.0 79.561
1039.0 79.509
1040.0 79.438
1041.0 79.384
1042.0 79.329
1043.0 79.277
1044.0 79.188999
1045.0 79.154
1046.0 79.108
1047.0 79.063
1048.0 79.014
1049.0 78.965
1050.0 78.944999
1051.0 78.923
1052.0 78.834
1053.0 78.851
1054.0 78.818999
1055.0 78.788
1056.0 78.821
1057.0 78.836
1058.0 78.813999
1059.0 78.806
1060.0 78.815
1061.0 78.817
1062.0 78.825999
1063.0 78.836
1064.0 78.866
1065.0 78.844
1066.0 78.893
1067.0 78.902
1068.0 78.929
1069.0 78.968
1070.0 79.042
1071.0 79.039
1072.0 79.042
1073.0 79.149999
1074.0 79.136
1075.0 79.191999
1076.0 79.258
1077.0 79.262999
1078.0 79.329
1079.0 79.393
1080.0 79.468999
1081.0 79.553
1082.0 79.63
1083.0 79.724999
1084.0 79.806
1085.0 79.796
1086.0 79.965
1087.0 79.971999
1088.0 80.054
1089.0 80.16
1090.0 80.218
1091.0 80.284
1092.0 80.369999
1093.0 80.391
1094.0 80.478
1095.0 80.628
1096.0 80.632
1097.0 80.78
1098.0 80.843
1099.0 80.961
1100.0 81.044
