190.0 0.05
191.0 0.112
192.0 0.031
193.0 0.11
194.0 0.049
195.0 0.089
196.0 0.061
197.0 0.041
198.0 0.043
199.0 0.036
200.0 0.048
201.0 0.04
202.0 0.044
203.0 0.042
204.0 0.052
205.0 0.03
206.0 0.03
207.0 0.033
208.0 0.027
209.0 0.036
210.0 0.039
211.0 0.043
212.0 0.022
213.0 0.027
214.0 0.031
215.0 0.025
216.0 0.017
217.0 0.037
218.0 0.032
219.0 0.046
220.0 0.023
221.0 0.028
222.0 0.035
223.0 0.014
224.0 0.032
225.0 0.021
226.0 0.022
227.0 0.036
228.0 0.016
229.0 0.024
230.0 0.031
231.0 0.03
232.0 0.023
233.0 0.024
234.0 0.028
235.0 0.03
236.0 0.023
237.0 0.02
238.0 0.032
239.0 0.017
240.0 0.021
241.0 0.021
242.0 0.013
243.0 0.033
244.0 0.018
245.0 0.019
246.0 0.021
247.0 0.017
248.0 0.025
249.0 0.02
250.0 0.036
251.0 0.043
252.0 0.031
253.0 0.032
254.0 0.024
255.0 0.02
256.0 0.032
257.0 0.036
258.0 0.041
259.0 0.043
260.0 0.042
261.0 0.024
262.0 0.04
263.0 0.024
264.0 0.035
265.0 0.057
266.0 0.029
267.0 0.06
268.0 0.055
269.0 0.066
270.0 0.045
271.0 0.045
272.0 0.042
273.0 0.027
274.0 0.059
275.0 0.066
276.0 0.023
277.0 0.068999
278.0 0.078
279.0 0.028
280.0 0.044
281.0 0.05
282.0 0.042
283.0 0.064
284.0 0.052
285.0 0.054
286.0 0.054
287.0 0.059
288.0 0.033
289.0 0.031
290.0 0.027
291.0 0.072
292.0 0.054
293.0 0.035
294.0 0.053
295.0 0.066
296.0 0.055
297.0 0.058
298.0 0.048
299.0 0.076
300.0 0.049
301.0 0.052
302.0 0.072
303.0 0.046
304.0 0.065
305.0 0.049
306.0 0.101
307.0 0.06
308.0 0.034
309.0 0.063
310.0 0.061
311.0 0.054
312.0 0.061
313.0 0.051
314.0 0.042
315.0 0.086999
316.0 0.074
317.0 0.079
318.0 0.079
319.0 0.077
320.0 0.052
321.0 0.053
322.0 0.075
323.0 0.084999
324.0 0.066
325.0 0.078
326.0 0.043
327.0 0.084
328.0 0.084999
329.0 0.069999
330.0 0.074
331.0 0.092
332.0 0.084
333.0 0.077
334.0 0.051
335.0 0.063
336.0 0.054
337.0 0.063
338.0 0.066
339.0 0.074
340.0 0.038
341.0 0.039
342.0 0.059
343.0 0.064
344.0 0.051
345.0 0.046
346.0 0.06
347.0 0.05
348.0 0.055999
349.0 0.043
350.0 0.04
351.0 0.039
352.0 0.041
353.0 0.053
354.0 0.048
355.0 0.068
356.0 0.058
357.0 0.073
358.0 0.077
359.0 0.106
360.0 0.166
361.0 0.239
362.0 0.377
363.0 0.566
364.0 0.835
365.0 1.235
366.0 1.787
367.0 2.512
368.0 3.481
369.0 4.68
370.0 6.153
371.0 7.838
372.0 9.672
373.0 11.664
374.0 13.746
375.0 15.931
376.0 18.248
377.0 20.741
378.0 23.369
379.0 26.104
380.0 28.791
381.0 31.302
382.0 33.511
383.0 35.459
384.0 37.152
385.0 38.516
386.0 39.826
387.0 41.215
388.0 42.8
389.0 44.641
390.0 46.756
391.0 49.088
392.0 51.52
393.0 53.983
394.0 56.258
395.0 58.252
396.0 59.817
397.0 60.87
398.0 61.441
399.0 61.572
400.0 61.426
401.0 61.138
402.0 60.866
403.0 60.731
404.0 60.842
405.0 61.229
406.0 61.921
407.0 62.895999
408.0 64.168
409.0 65.703
410.0 67.348
411.0 69.113
412.0 70.840999
413.0 72.425
414.0 73.765999
415.0 74.778
416.0 75.414999
417.0 75.629
418.0 75.488999
419.0 75.002
420.0 74.268
421.0 73.448
422.0 72.486999
423.0 71.611
424.0 70.792999
425.0 70.163
426.0 69.741
427.0 69.513
428.0 69.565999
429.0 69.894
430.0 70.443999
431.0 71.204
432.0 72.152
433.0 73.256
434.0 74.485999
435.0 75.749
436.0 77.008
437.0 78.229
438.0 79.313999
439.0 80.239999
440.0 80.920999
441.0 81.364999
442.0 81.577
443.0 81.466
444.0 81.12
445.0 80.58
446.0 79.852999
447.0 78.97
448.0 78.047
449.0 77.104
450.0 76.204
451.0 75.358
452.0 74.628
453.0 74.033
454.0 73.563
455.0 73.241999
456.0 73.119
457.0 73.168
458.0 73.377
459.0 73.762
460.0 74.279
461.0 74.955
462.0 75.739
463.0 76.63
464.0 77.58
465.0 78.564
466.0 79.562999
467.0 80.569999
468.0 81.502
469.0 82.33
470.0 83.077
471.0 83.662
472.0 84.065
473.0 84.346
474.0 84.443
475.0 84.358
476.0 84.11
477.0 83.718999
478.0 83.173
479.0 82.54
480.0 81.842
481.0 81.077
482.0 80.296
483.0 79.498
484.0 78.79
485.0 78.051
486.0 77.385
487.0 76.792
488.0 76.327
489.0 75.902
490.0 75.644
491.0 75.479
492.0 75.432999
493.0 75.494
494.0 75.700999
495.0 75.976999
496.0 76.366999
497.0 76.846
498.0 77.407
499.0 78.057
500.0 78.769
501.0 79.542
502.0 80.339
503.0 81.128999
504.0 81.973
505.0 82.738
506.0 83.528
507.0 84.241
508.0 84.862
509.0 85.458
510.0 85.877
511.0 86.274
512.0 86.524
513.0 86.682
514.0 86.682999
515.0 86.626
516.0 86.402
517.0 86.106
518.0 85.709999
519.0 85.215
520.0 84.693
521.0 84.079
522.0 83.46
523.0 82.769
524.0 82.116999
525.0 81.446
526.0 80.806
527.0 80.193
528.0 79.605999
529.0 79.090999
530.0 78.581999
531.0 78.178
532.0 77.822999
533.0 77.526
534.0 77.322
535.0 77.168
536.0 77.107
537.0 77.116
538.0 77.197999
539.0 77.351
540.0 77.583
541.0 77.875
542.0 78.229
543.0 78.625999
544.0 79.105999
545.0 79.612
546.0 80.154
547.0 80.729
548.0 81.339
549.0 81.962999
550.0 82.584
551.0 83.212
552.0 83.87
553.0 84.458999
554.0 85.035
555.0 85.577
556.0 86.072999
557.0 86.523
558.0 86.929
559.0 87.265
560.0 87.568
561.0 87.77
562.0 87.871
563.0 87.916
564.0 87.887
565.0 87.783
566.0 87.583999
567.0 87.367999
568.0 87.060999
569.0 86.692
570.0 86.276
571.0 85.823
572.0 85.331999
573.0 84.83
574.0 84.273
575.0 83.735
576.0 83.182
577.0 82.615
578.0 82.062
579.0 81.533
580.0 81.039
581.0 80.537
582.0 80.105
583.0 79.703999
584.0 79.349
585.0 79.007
586.0 78.759
587.0 78.523
588.0 78.344
589.0 78.215999
590.0 78.127
591.0 78.08
592.0 78.096
593.0 78.134
594.0 78.244
595.0 78.384
596.0 78.559
597.0 78.763
598.0 79.025
599.0 79.321
600.0 79.640999
601.0 79.983999
602.0 80.384999
603.0 80.794999
604.0 81.230999
605.0 81.672
606.0 82.14
607.0 82.64
608.0 83.126
609.0 83.624
610.0 84.122
611.0 84.614
612.0 85.095
613.0 85.547
614.0 85.987
615.0 86.425
616.0 86.811
617.0 87.188
618.0 87.523
619.0 87.826
620.0 88.071999
621.0 88.304
622.0 88.480999
623.0 88.605
624.0 88.692
625.0 88.721999
626.0 88.727
627.0 88.683
628.0 88.571
629.0 88.432999
630.0 88.265
631.0 88.047
632.0 87.803
633.0 87.512
634.0 87.197999
635.0 86.861
636.0 86.485
637.0 86.124
638.0 85.690999
639.0 85.279
640.0 84.852
641.0 84.434
642.0 83.992999
643.0 83.572999
644.0 83.147
645.0 82.755
646.0 82.335
647.0 81.926
648.0 81.551
649.0 81.182
650.0 80.837
651.0 80.526
652.0 80.239999
653.0 79.952
654.0 79.7
655.0 79.479999
656.0 79.268
657.0 79.098
658.0 78.94
659.0 78.813999
660.0 78.735
661.0 78.679
662.0 78.639
663.0 78.623
664.0 78.649
665.0 78.699
666.0 78.774
667.0 78.857
668.0 78.980999
669.0 79.144
670.0 79.3
671.0 79.529
672.0 79.723
673.0 79.951
674.0 80.250999
675.0 80.525
676.0 80.769
677.0 81.076
678.0 81.432999
679.0 81.744
680.0 82.074
681.0 82.416
682.0 82.750999
683.0 83.11
684.0 83.464
685.0 83.804
686.0 84.182999
687.0 84.538
688.0 84.894
689.0 85.233999
690.0 85.565
691.0 85.898
692.0 86.19
693.0 86.484
694.0 86.783999
695.0 87.038
696.0 87.276
697.0 87.508
698.0 87.697
699.0 87.877
700.0 88.03
701.0 88.151
702.0 88.256999
703.0 88.312
704.0 88.358
705.0 88.377
706.0 88.365
707.0 88.329
708.0 88.261
709.0 88.188
710.0 88.083999
711.0 87.956
712.0 87.79
713.0 87.636
714.0 87.417999
715.0 87.224999
716.0 86.973
717.0 86.733999
718.0 86.47
719.0 86.189
720.0 85.914
721.0 85.596
722.0 85.294
723.0 84.971
724.0 84.664
725.0 84.335
726.0 83.991
727.0 83.672
728.0 83.354
729.0 83.004
730.0 82.703999
731.0 82.371
732.0 82.055
733.0 81.742
734.0 81.465
735.0 81.171
736.0 80.887
737.0 80.603
738.0 80.352999
739.0 80.112
740.0 79.864999
741.0 79.642
742.0 79.432999
743.0 79.257
744.0 79.062
745.0 78.893999
746.0 78.736999
747.0 78.608
748.0 78.483
749.0 78.377
750.0 78.266
751.0 78.203
752.0 78.14
753.0 78.093999
754.0 78.071
755.0 78.063999
756.0 78.053
757.0 78.077
758.0 78.102
759.0 78.149999
760.0 78.217
761.0 78.283
762.0 78.381999
763.0 78.486999
764.0 78.596
765.0 78.700999
766.0 78.875
767.0 79.023
768.0 79.178
769.0 79.330999
770.0 79.54
771.0 79.722
772.0 79.919
773.0 80.128
774.0 80.352999
775.0 80.576
776.0 80.791
777.0 81.054
778.0 81.306
779.0 81.576
780.0 81.825
781.0 82.052
782.0 82.268
783.0 82.488
784.0 82.709999
785.0 82.913
786.0 83.145
787.0 83.382
788.0 83.619
789.0 83.875
790.0 84.116999
791.0 84.363999
792.0 84.606
793.0 84.834
794.0 85.045
795.0 85.212
796.0 85.438999
797.0 85.611999
798.0 85.783
799.0 85.948
800.0 86.084999
801.0 86.241999
802.0 86.361
803.0 86.468
804.0 86.592
805.0 86.641
806.0 86.716
807.0 86.79
808.0 86.816999
809.0 86.865
810.0 86.865
811.0 86.869
812.0 86.865
813.0 86.858999
814.0 86.804
815.0 86.753
816.0 86.714
817.0 86.606
818.0 86.531
819.0 86.419
820.0 86.309
821.0 86.203
822.0 86.056999
823.0 85.911
824.0 85.76
825.0 85.602
826.0 85.413
827.0 85.25
828.0 85.05
829.0 84.863
830.0 84.669
831.0 84.467
832.0 84.251
833.0 84.04
834.0 83.812
835.0 83.599999
836.0 83.383
837.0 83.151
838.0 82.934
839.0 82.686
840.0 82.465
841.0 82.25
842.0 82.009
843.0 81.789999
844.0 81.574
845.0 81.354
846.0 81.133
847.0 80.905
848.0 80.705
849.0 80.486
850.0 80.281
851.0 80.086
852.0 79.881999
853.0 79.700999
854.0 79.518999
855.0 79.339
856.0 79.176999
857.0 79.021
858.0 78.827
859.0 78.681
860.0 78.549
861.0 78.423
862.0 78.258
863.0 78.159
864.0 78.051999
865.0 77.929999
866.0 77.832
867.0 77.734
868.0 77.651
869.0 77.598
870.0 77.488999
871.0 77.441
872.0 77.371
873.0 77.336
874.0 77.31
875.0 77.289
876.0 77.241
877.0 77.215
878.0 77.218
879.0 77.215
880.0 77.239
881.0 77.257
882.0 77.291
883.0 77.349999
884.0 77.413
885.0 77.47
886.0 77.523
887.0 77.63
888.0 77.732999
889.0 77.773
890.0 77.846999
891.0 77.939
892.0 78.046
893.0 78.124
894.0 78.259
895.0 78.36
896.0 78.486999
897.0 78.59
898.0 78.72
899.0 78.846999
900.0 78.99
901.0 79.1
902.0 79.195
903.0 79.337999
904.0 79.461
905.0 79.624
906.0 79.771999
907.0 79.923999
908.0 80.029
909.0 80.17
910.0 80.309
911.0 80.435999
912.0 80.581999
913.0 80.726
914.0 80.871
915.0 81.011
916.0 81.17
917.0 81.332
918.0 81.491
919.0 81.622
920.0 81.788
921.0 81.950999
922.0 82.099999
923.0 82.257
924.0 82.406
925.0 82.560999
926.0 82.679
927.0 82.834
928.0 82.988
929.0 83.128999
930.0 83.291
931.0 83.438999
932.0 83.569
933.0 83.685
934.0 83.815
935.0 83.919999
936.0 84.057999
937.0 84.153
938.0 84.251
939.0 84.360999
940.0 84.447
941.0 84.557999
942.0 84.634
943.0 84.682999
944.0 84.764
945.0 84.836999
946.0 84.889
947.0 84.962999
948.0 85.005
949.0 85.008
950.0 85.053
951.0 85.058
952.0 85.092
953.0 85.107
954.0 85.131999
955.0 85.114
956.0 85.096
957.0 85.072
958.0 85.080999
959.0 85.065
960.0 85.031
961.0 84.999
962.0 84.943
963.0 84.911
964.0 84.864999
965.0 84.783
966.0 84.713
967.0 84.678
968.0 84.58
969.0 84.505
970.0 84.41
971.0 84.355
972.0 84.253999
973.0 84.126
974.0 84.057999
975.0 83.923999
976.0 83.847
977.0 83.741
978.0 83.587999
979.0 83.489999
980.0 83.417
981.0 83.328
982.0 83.19
983.0 83.081
984.0 82.926
985.0 82.799
986.0 82.662
987.0 82.53
988.0 82.413
989.0 82.273
990.0 82.123
991.0 81.971999
992.0 81.828
993.0 81.675
994.0 81.527
995.0 81.384999
996.0 81.227999
997.0 81.084999
998.0 80.967
999.0 80.818
1000.0 80.684
1001.0 80.549
1002.0 80.402
1003.0 80.27
1004.0 80.151
1005.0 79.999
1006.0 79.88
1007.0 79.739
1008.0 79.613999
1009.0 79.471
1010.0 79.346
1011.0 79.235999
1012.0 79.105
1013.0 78.974
1014.0 78.88
1015.0 78.767
1016.0 78.656
1017.0 78.53
1018.0 78.439
1019.0 78.307
1020.0 78.223
1021.0 78.108999
1022.0 77.991
1023.0 77.91
1024.0 77.848
1025.0 77.759999
1026.0 77.664
1027.0 77.598
1028.0 77.513
1029.0 77.420999
1030.0 77.375
1031.0 77.283
1032.0 77.235
1033.0 77.18
1034.0 77.110999
1035.0 77.06
1036.0 77.033
1037.0 76.985
1038.0 76.941
1039.0 76.886
1040.0 76.865
1041.0 76.802
1042.0 76.793
1043.0 76.77
1044.0 76.726
1045.0 76.731
1046.0 76.679
1047.0 76.671
1048.0 76.683
1049.0 76.643
1050.0 76.671
1051.0 76.681999
1052.0 76.663
1053.0 76.649
1054.0 76.658
1055.0 76.663
1056.0 76.709
1057.0 76.709
1058.0 76.759
1059.0 76.732999
1060.0 76.782
1061.0 76.834
1062.0 76.815
1063.0 76.912
1064.0 76.905999
1065.0 76.95
1066.0 76.963
1067.0 77.061
1068.0 77.033
1069.0 77.054
1070.0 77.136
1071.0 77.181999
1072.0 77.29
1073.0 77.315
1074.0 77.358
1075.0 77.417999
1076.0 77.605999
1077.0 77.63
1078.0 77.7
1079.0 77.763
1080.0 77.827
1081.0 77.884
1082.0 77.996
1083.0 78.088
1084.0 78.17
1085.0 78.241
1086.0 78.354
1087.0 78.313
1088.0 78.439
1089.0 78.508
1090.0 78.596999
1091.0 78.637999
1092.0 78.747
1093.0 78.891
1094.0 78.935
1095.0 79.045
1096.0 79.096
1097.0 79.188
1098.0 79.346999
1099.0 79.307
1100.0 79.485
