190.0 0.036
191.0 0.091
192.0 0.045
193.0 0.084
194.0 0.076
195.0 0.059
196.0 0.038
197.0 0.032
198.0 0.031
199.0 0.043
200.0 0.041
201.0 0.018
202.0 0.012
203.0 0.052
204.0 0.036
205.0 0.031
206.0 0.025
207.0 0.04
208.0 0.015
209.0 0.017
210.0 0.021
211.0 0.041
212.0 0.023
213.0 0.026
214.0 0.024
215.0 0.021
216.0 0.02
217.0 0.016
218.0 0.016
219.0 0.031
220.0 0.023
221.0 0.022
222.0 0.027
223.0 0.035
224.0 0.017
225.0 0.02
226.0 0.014
227.0 0.034
228.0 0.019
229.0 0.018
230.0 0.016
231.0 0.017
232.0 0.01
233.0 0.019
234.0 0.015
235.0 0.017
236.0 0.017
237.0 0.015
238.0 0.021
239.0 0.029
240.0 0.019
241.0 0.018
242.0 0.023
243.0 0.03
244.0 0.019
245.0 0.017
246.0 0.01
247.0 0.01
248.0 0.017
249.0 0.024
250.0 0.012
251.0 0.045
252.0 0.021
253.0 0.024
254.0 0.022
255.0 0.01
256.0 -0.001
257.0 0.019
258.0 0.02
259.0 0.042
260.0 0.027
261.0 0.028
262.0 0.034
263.0 0.008
264.0 0.023
265.0 0.035
266.0 0.021
267.0 0.05
268.0 0.021
269.0 0.031
270.0 0.019
271.0 0.03
272.0 0.006999
273.0 0.026
274.0 0.053
275.0 0.047
276.0 0.039
277.0 0.042
278.0 0.031
279.0 0.042
280.0 0.044
281.0 0.019
282.0 0.043
283.0 0.048
284.0 0.016
285.0 0.026
286.0 0.022
287.0 0.026
288.0 0.026
289.0 0.037
290.0 0.043
291.0 0.078
292.0 0.034
293.0 0.044
294.0 0.012
295.0 0.031
296.0 0.031
297.0 0.008
298.0 0.03
299.0 0.05
300.0 0.034
301.0 0.041
302.0 0.031
303.0 0.031
304.0 0.027
305.0 0.038
306.0 0.041
307.0 0.053
308.0 0.029
309.0 0.043
310.0 0.029
311.0 0.053
312.0 0.027
313.0 0.042
314.0 0.034
315.0 0.084999
316.0 0.043
317.0 0.055
318.0 0.036
319.0 0.058
320.0 0.036
321.0 0.06
322.0 0.038
323.0 0.082
324.0 0.046
325.0 0.044
326.0 0.016
327.0 0.08
328.0 0.082
329.0 0.072
330.0 0.069999
331.0 0.104
332.0 0.062
333.0 0.061
334.0 0.059
335.0 0.064
336.0 0.06
337.0 0.043
338.0 0.057
339.0 0.071
340.0 0.055999
341.0 0.05
342.0 0.066
343.0 0.044
344.0 0.041
345.0 0.051
346.0 0.052
347.0 0.062
348.0 0.033
349.0 0.036
350.0 0.038
351.0 0.026
352.0 0.047
353.0 0.052
354.0 0.055
355.0 0.068
356.0 0.08
357.0 0.115
358.0 0.153
359.0 0.225
360.0 0.342
361.0 0.523
362.0 0.77
363.0 1.147
364.0 1.611
365.0 2.276
366.0 3.122
367.0 4.195
368.0 5.506
369.0 7.055
370.0 8.873
371.0 10.933
372.0 13.088
373.0 15.305
374.0 17.512
375.0 19.63
376.0 21.713
377.0 23.817
378.0 26.015
379.0 28.348
380.0 30.757
381.0 33.215
382.0 35.645
383.0 37.972
384.0 39.944
385.0 41.45
386.0 42.625
387.0 43.53
388.0 44.308
389.0 45.064
390.0 45.934
391.0 46.971
392.0 48.214
393.0 49.691
394.0 51.349
395.0 53.16
396.0 54.993
397.0 56.774
398.0 58.377
399.0 59.697
400.0 60.663999
401.0 61.259
402.0 61.494
403.0 61.439
404.0 61.167
405.0 60.87
406.0 60.52
407.0 60.292
408.0 60.194
409.0 60.278
410.0 60.586
411.0 61.123
412.0 61.89
413.0 62.836
414.0 63.962
415.0 65.166
416.0 66.389
417.0 67.592
418.0 68.675
419.0 69.576
420.0 70.281
421.0 70.796
422.0 70.952
423.0 70.871
424.0 70.567
425.0 70.104
426.0 69.482
427.0 68.832
428.0 68.172
429.0 67.532
430.0 67.005
431.0 66.613
432.0 66.402
433.0 66.322
434.0 66.415
435.0 66.681
436.0 67.112
437.0 67.703
438.0 68.427
439.0 69.271
440.0 70.187999
441.0 71.101
442.0 72.053
443.0 72.91
444.0 73.727
445.0 74.377
446.0 74.924
447.0 75.286
448.0 75.444999
449.0 75.479
450.0 75.289
451.0 74.953
452.0 74.511
453.0 73.955
454.0 73.346
455.0 72.727
456.0 72.065
457.0 71.467
458.0 70.897
459.0 70.407
460.0 70.026
461.0 69.746
462.0 69.604
463.0 69.572999
464.0 69.663
465.0 69.886
466.0 70.199999
467.0 70.663
468.0 71.191999
469.0 71.827
470.0 72.509
471.0 73.295999
472.0 74.05
473.0 74.824
474.0 75.596
475.0 76.331999
476.0 77.003999
477.0 77.621
478.0 78.086
479.0 78.459
480.0 78.739
481.0 78.868
482.0 78.871
483.0 78.742
484.0 78.535
485.0 78.181
486.0 77.783999
487.0 77.289
488.0 76.748
489.0 76.191
490.0 75.629
491.0 75.039
492.0 74.505
493.0 73.989
494.0 73.535
495.0 73.126
496.0 72.815
497.0 72.545
498.0 72.358999
499.0 72.256
500.0 72.264
501.0 72.321
502.0 72.479
503.0 72.730999
504.0 73.045
505.0 73.447
506.0 73.935
507.0 74.468999
508.0 75.029
509.0 75.622999
510.0 76.242
511.0 76.878
512.0 77.492999
513.0 78.136
514.0 78.733
515.0 79.308
516.0 79.82
517.0 80.322999
518.0 80.708
519.0 81.03
520.0 81.284
521.0 81.437
522.0 81.511
523.0 81.492
524.0 81.420999
525.0 81.211
526.0 80.973
527.0 80.672
528.0 80.317
529.0 79.911
530.0 79.473
531.0 78.992999
532.0 78.5
533.0 78.025
534.0 77.547
535.0 77.078
536.0 76.604
537.0 76.192
538.0 75.817
539.0 75.482
540.0 75.196
541.0 74.953
542.0 74.771
543.0 74.599
544.0 74.522
545.0 74.502
546.0 74.529
547.0 74.605
548.0 74.764
549.0 74.947
550.0 75.178
551.0 75.471999
552.0 75.786
553.0 76.172
554.0 76.575999
555.0 77.032
556.0 77.48
557.0 77.959999
558.0 78.452999
559.0 78.944
560.0 79.527999
561.0 80.022
562.0 80.486999
563.0 80.950999
564.0 81.355999
565.0 81.762
566.0 82.126
567.0 82.403
568.0 82.684
569.0 82.872999
570.0 83.023
571.0 83.106
572.0 83.135
573.0 83.111999
574.0 83.033999
575.0 82.91
576.0 82.706
577.0 82.494999
578.0 82.215999
579.0 81.898
580.0 81.551
581.0 81.206
582.0 80.822
583.0 80.429
584.0 80.035
585.0 79.657
586.0 79.283999
587.0 78.905999
588.0 78.537
589.0 78.196
590.0 77.852
591.0 77.551
592.0 77.266
593.0 76.992999
594.0 76.739999
595.0 76.532
596.0 76.352
597.0 76.191
598.0 76.084
599.0 75.994
600.0 75.944
601.0 75.911
602.0 75.941999
603.0 76.01
604.0 76.087999
605.0 76.221
606.0 76.366999
607.0 76.562
608.0 76.783999
609.0 77.03
610.0 77.313
611.0 77.632
612.0 77.955
613.0 78.309
614.0 78.675
615.0 79.062
616.0 79.456999
617.0 79.848
618.0 80.257
619.0 80.669
620.0 81.093
621.0 81.489999
622.0 81.891
623.0 82.282
624.0 82.655999
625.0 82.989
626.0 83.34
627.0 83.646
628.0 83.913
629.0 84.151
630.0 84.374
631.0 84.548999
632.0 84.705
633.0 84.824
634.0 84.894
635.0 84.938999
636.0 84.938
637.0 84.91
638.0 84.819999
639.0 84.738
640.0 84.587999
641.0 84.416
642.0 84.22
643.0 83.979
644.0 83.742
645.0 83.482999
646.0 83.163
647.0 82.883
648.0 82.553
649.0 82.218
650.0 81.871
651.0 81.509
652.0 81.157
653.0 80.815
654.0 80.469
655.0 80.121
656.0 79.79
657.0 79.455
658.0 79.148
659.0 78.869999
660.0 78.554999
661.0 78.319
662.0 78.051999
663.0 77.797
664.0 77.571
665.0 77.388
666.0 77.226
667.0 77.051
668.0 76.931
669.0 76.834
670.0 76.735
671.0 76.700999
672.0 76.64
673.0 76.646
674.0 76.651
675.0 76.676999
676.0 76.723
677.0 76.809
678.0 76.903
679.0 77.022
680.0 77.173999
681.0 77.319999
682.0 77.518
683.0 77.699
684.0 77.856
685.0 78.071
686.0 78.309
687.0 78.581
688.0 78.857999
689.0 79.121
690.0 79.418
691.0 79.729
692.0 80.015
693.0 80.333
694.0 80.639
695.0 80.962999
696.0 81.274
697.0 81.572999
698.0 81.876
699.0 82.194999
700.0 82.486
701.0 82.771
702.0 83.039
703.0 83.284
704.0 83.535
705.0 83.78
706.0 83.985
707.0 84.202999
708.0 84.381
709.0 84.548
710.0 84.675
711.0 84.807999
712.0 84.895
713.0 84.980999
714.0 85.041
715.0 85.060999
716.0 85.098
717.0 85.08
718.0 85.068
719.0 84.997999
720.0 84.914
721.0 84.815
722.0 84.721
723.0 84.584999
724.0 84.43
725.0 84.280999
726.0 84.083
727.0 83.891
728.0 83.684
729.0 83.470999
730.0 83.232
731.0 82.989999
732.0 82.735
733.0 82.484
734.0 82.22
735.0 81.947999
736.0 81.691
737.0 81.407
738.0 81.138
739.0 80.877
740.0 80.595
741.0 80.325
742.0 80.054
743.0 79.801999
744.0 79.549
745.0 79.305
746.0 79.062
747.0 78.821
748.0 78.612
749.0 78.393
750.0 78.181
751.0 78.0
752.0 77.801
753.0 77.646
754.0 77.480999
755.0 77.322
756.0 77.181999
757.0 77.063
758.0 76.97
759.0 76.877
760.0 76.776
761.0 76.703
762.0 76.634
763.0 76.617999
764.0 76.578999
765.0 76.55
766.0 76.55
767.0 76.539
768.0 76.573
769.0 76.608
770.0 76.663
771.0 76.715999
772.0 76.783999
773.0 76.893999
774.0 76.982
775.0 77.117
776.0 77.252
777.0 77.414
778.0 77.575999
779.0 77.777
780.0 77.946
781.0 78.075
782.0 78.223
783.0 78.351
784.0 78.47
785.0 78.595
786.0 78.798
787.0 79.015
788.0 79.215
789.0 79.429
790.0 79.676999
791.0 79.879
792.0 80.112
793.0 80.354
794.0 80.576
795.0 80.786
796.0 80.986
797.0 81.227999
798.0 81.462
799.0 81.655999
800.0 81.869
801.0 82.077999
802.0 82.277
803.0 82.492
804.0 82.66
805.0 82.846
806.0 83.019
807.0 83.179
808.0 83.360999
809.0 83.470999
810.0 83.614
811.0 83.735
812.0 83.852999
813.0 83.964
814.0 84.057
815.0 84.116
816.0 84.191
817.0 84.256
818.0 84.288
819.0 84.316
820.0 84.334
821.0 84.346
822.0 84.347
823.0 84.327
824.0 84.271
825.0 84.252
826.0 84.2
827.0 84.114999
828.0 84.059
829.0 83.98
830.0 83.875
831.0 83.762
832.0 83.646
833.0 83.525
834.0 83.392
835.0 83.248
836.0 83.108
837.0 82.928
838.0 82.776
839.0 82.601
840.0 82.429
841.0 82.242999
842.0 82.054
843.0 81.864
844.0 81.674
845.0 81.469
846.0 81.264
847.0 81.071
848.0 80.867
849.0 80.648
850.0 80.450999
851.0 80.247
852.0 80.034
853.0 79.83
854.0 79.642
855.0 79.423999
856.0 79.227
857.0 79.039999
858.0 78.854
859.0 78.63
860.0 78.452999
861.0 78.282
862.0 78.116
863.0 77.938
864.0 77.765
865.0 77.610999
866.0 77.462
867.0 77.295999
868.0 77.164
869.0 77.027
870.0 76.872
871.0 76.736
872.0 76.639
873.0 76.515999
874.0 76.416
875.0 76.307
876.0 76.215
877.0 76.111999
878.0 76.049
879.0 75.991
880.0 75.94
881.0 75.873
882.0 75.841
883.0 75.804
884.0 75.818
885.0 75.849999
886.0 75.87
887.0 75.876
888.0 75.902
889.0 75.893
890.0 75.91
891.0 75.948
892.0 75.956
893.0 76.012999
894.0 76.047
895.0 76.093999
896.0 76.133
897.0 76.188
898.0 76.259999
899.0 76.324
900.0 76.377
901.0 76.432999
902.0 76.519
903.0 76.571
904.0 76.643
905.0 76.726
906.0 76.795
907.0 76.861
908.0 76.932999
909.0 77.003
910.0 77.073
911.0 77.151
912.0 77.227
913.0 77.321
914.0 77.403
915.0 77.491
916.0 77.592
917.0 77.718
918.0 77.836
919.0 77.952
920.0 78.078999
921.0 78.21
922.0 78.34
923.0 78.486
924.0 78.595
925.0 78.721
926.0 78.891
927.0 79.039
928.0 79.172
929.0 79.342
930.0 79.471
931.0 79.642
932.0 79.781
933.0 79.923
934.0 80.092
935.0 80.218999
936.0 80.357999
937.0 80.491999
938.0 80.634
939.0 80.768
940.0 80.891
941.0 81.002
942.0 81.135
943.0 81.268
944.0 81.364
945.0 81.471999
946.0 81.572999
947.0 81.687
948.0 81.754
949.0 81.824
950.0 81.911999
951.0 82.011
952.0 82.051
953.0 82.137
954.0 82.189
955.0 82.264
956.0 82.332
957.0 82.382
958.0 82.421
959.0 82.447999
960.0 82.486
961.0 82.494
962.0 82.548
963.0 82.542
964.0 82.515
965.0 82.544
966.0 82.53
967.0 82.523
968.0 82.482999
969.0 82.467
970.0 82.445
971.0 82.371
972.0 82.391
973.0 82.319
974.0 82.255
975.0 82.179
976.0 82.134
977.0 82.065999
978.0 82.001
979.0 81.922
980.0 81.848
981.0 81.77
982.0 81.702
983.0 81.71
984.0 81.614
985.0 81.506
986.0 81.391
987.0 81.293
988.0 81.193
989.0 81.072
990.0 80.947
991.0 80.849999
992.0 80.687
993.0 80.566
994.0 80.456999
995.0 80.321
996.0 80.179999
997.0 80.066999
998.0 79.919
999.0 79.808
1000.0 79.663
1001.0 79.557
1002.0 79.414
1003.0 79.28
1004.0 79.122
1005.0 79.009
1006.0 78.873
1007.0 78.718
1008.0 78.61
1009.0 78.455
1010.0 78.34
1011.0 78.219
1012.0 78.061
1013.0 77.952
1014.0 77.798999
1015.0 77.702
1016.0 77.571
1017.0 77.438
1018.0 77.31
1019.0 77.161
1020.0 77.033
1021.0 76.925
1022.0 76.807
1023.0 76.7
1024.0 76.559999
1025.0 76.482
1026.0 76.341
1027.0 76.244999
1028.0 76.16
1029.0 76.071
1030.0 76.005
1031.0 75.883
1032.0 75.805
1033.0 75.748
1034.0 75.622
1035.0 75.569
1036.0 75.498
1037.0 75.385
1038.0 75.318
1039.0 75.258
1040.0 75.208
1041.0 75.122
1042.0 75.090999
1043.0 75.011
1044.0 74.924
1045.0 74.9
1046.0 74.825
1047.0 74.814
1048.0 74.758
1049.0 74.719
1050.0 74.68
1051.0 74.696
1052.0 74.629
1053.0 74.629
1054.0 74.622999
1055.0 74.595999
1056.0 74.624
1057.0 74.595
1058.0 74.548
1059.0 74.556
1060.0 74.581
1061.0 74.528
1062.0 74.551
1063.0 74.541
1064.0 74.571
1065.0 74.527
1066.0 74.544999
1067.0 74.560999
1068.0 74.602
1069.0 74.61
1070.0 74.62
1071.0 74.67
1072.0 74.661
1073.0 74.694999
1074.0 74.8
1075.0 74.815
1076.0 74.817
1077.0 74.890999
1078.0 74.961
1079.0 75.02
1080.0 74.983999
1081.0 75.111999
1082.0 75.131
1083.0 75.265
1084.0 75.247
1085.0 75.313
1086.0 75.386
1087.0 75.432999
1088.0 75.471
1089.0 75.542
1090.0 75.578999
1091.0 75.682
1092.0 75.759
1093.0 75.778
1094.0 75.91
1095.0 76.026
1096.0 76.035
1097.0 75.996
1098.0 76.166
1099.0 76.193999
1100.0 76.306
