190.0 0.122
191.0 0.109
192.0 0.024
193.0 0.112
194.0 0.047
195.0 0.092
196.0 0.048
197.0 0.037
198.0 0.061
199.0 0.055999
200.0 0.045
201.0 0.043
202.0 0.04
203.0 0.04
204.0 0.029
205.0 0.037
206.0 0.044
207.0 0.033
208.0 0.029
209.0 0.032
210.0 0.036
211.0 0.04
212.0 0.033
213.0 0.018
214.0 0.025
215.0 0.015
216.0 0.03
217.0 0.027
218.0 0.028
219.0 0.034
220.0 0.038
221.0 0.024
222.0 0.022
223.0 0.037
224.0 0.029
225.0 0.024
226.0 0.027
227.0 0.045
228.0 0.033
229.0 0.026
230.0 0.034
231.0 0.029
232.0 0.026
233.0 0.03
234.0 0.027
235.0 0.032
236.0 0.021
237.0 0.033
238.0 0.03
239.0 0.034
240.0 0.024
241.0 0.025
242.0 0.029
243.0 0.03
244.0 0.027
245.0 0.015
246.0 0.036
247.0 0.028
248.0 0.027
249.0 0.028
250.0 0.034
251.0 0.037
252.0 0.016
253.0 0.038
254.0 0.026
255.0 0.037
256.0 0.039
257.0 0.033
258.0 0.025
259.0 0.068
260.0 0.034
261.0 0.034
262.0 0.037
263.0 0.044
264.0 0.038
265.0 0.015
266.0 0.051
267.0 0.052
268.0 0.015
269.0 0.055999
270.0 0.024
271.0 0.049
272.0 0.041
273.0 0.032
274.0 0.05
275.0 0.082
276.0 0.051
277.0 0.055999
278.0 0.04
279.0 0.049
280.0 0.061
281.0 0.049
282.0 0.045
283.0 0.082
284.0 0.076
285.0 0.047
286.0 0.058
287.0 0.046
288.0 0.06
289.0 0.055999
290.0 0.064
291.0 0.039
292.0 0.035
293.0 0.029
294.0 0.049
295.0 0.053
296.0 0.044
297.0 0.053
298.0 0.039
299.0 0.097
300.0 0.05
301.0 0.042
302.0 0.046
303.0 0.054
304.0 0.043
305.0 0.039
306.0 0.052
307.0 0.083
308.0 0.052
309.0 0.058
310.0 0.05
311.0 0.05
312.0 0.037
313.0 0.055
314.0 0.052
315.0 0.102
316.0 0.026
317.0 0.072
318.0 0.071
319.0 0.053
320.0 0.084999
321.0 0.075
322.0 0.085999
323.0 0.101
324.0 0.080999
325.0 0.057
326.0 0.076
327.0 0.059
328.0 0.079
329.0 0.058
330.0 0.069999
331.0 0.080999
332.0 0.079
333.0 0.059
334.0 0.053
335.0 0.065
336.0 0.061
337.0 0.059
338.0 0.085999
339.0 0.091
340.0 0.08
341.0 0.086999
342.0 0.073
343.0 0.08
344.0 0.1
345.0 0.112
346.0 0.135
347.0 0.176
348.0 0.168
349.0 0.226
350.0 0.259
351.0 0.296
352.0 0.37
353.0 0.465
354.0 0.572
355.0 0.728
356.0 0.897
357.0 1.13
358.0 1.424
359.0 1.786
360.0 2.222
361.0 2.779
362.0 3.426
363.0 4.223
364.0 5.167
365.0 6.250999
366.0 7.498
367.0 8.892999
368.0 10.446
369.0 12.093
370.0 13.832
371.0 15.615
372.0 17.402
373.0 19.157
374.0 20.804
375.0 22.374
376.0 23.776
377.0 25.055
378.0 26.207
379.0 27.287
380.0 28.252
381.0 29.228
382.0 30.078
383.0 30.993
384.0 31.904
385.0 32.723
386.0 33.538
387.0 34.351
388.0 35.16
389.0 35.976
390.0 36.806
391.0 37.639
392.0 38.484
393.0 39.318
394.0 40.175
395.0 41.021
396.0 41.884
397.0 42.73
398.0 43.551
399.0 44.346999
400.0 45.13
401.0 45.891
402.0 46.604
403.0 47.264
404.0 47.906
405.0 48.488
406.0 49.015
407.0 49.476
408.0 49.901
409.0 50.276
410.0 50.588
411.0 50.856
412.0 51.082
413.0 51.246
414.0 51.382
415.0 51.469
416.0 51.525
417.0 51.54
418.0 51.532999
419.0 51.51
420.0 51.451
421.0 51.405
422.0 51.315
423.0 51.253
424.0 51.145
425.0 51.048
426.0 50.94
427.0 50.854
428.0 50.754
429.0 50.678
430.0 50.577
431.0 50.507
432.0 50.468
433.0 50.418
434.0 50.375
435.0 50.374
436.0 50.352
437.0 50.363
438.0 50.404
439.0 50.442
440.0 50.504
441.0 50.586
442.0 50.688
443.0 50.81
444.0 50.914
445.0 51.061
446.0 51.225
447.0 51.407
448.0 51.585
449.0 51.788
450.0 52.0
451.0 52.224
452.0 52.458
453.0 52.703
454.0 52.966
455.0 53.217
456.0 53.491
457.0 53.766
458.0 54.076
459.0 54.357
460.0 54.633
461.0 54.95
462.0 55.237
463.0 55.565
464.0 55.842
465.0 56.155999
466.0 56.448
467.0 56.742
468.0 57.025
469.0 57.321
470.0 57.618
471.0 57.908
472.0 58.169
473.0 58.435
474.0 58.696
475.0 58.938
476.0 59.181
477.0 59.392
478.0 59.611
479.0 59.813
480.0 60.008
481.0 60.197999
482.0 60.363
483.0 60.517
484.0 60.65
485.0 60.784
486.0 60.907999
487.0 61.011
488.0 61.123
489.0 61.189
490.0 61.251
491.0 61.301
492.0 61.367
493.0 61.384
494.0 61.416
495.0 61.432
496.0 61.429999
497.0 61.427
498.0 61.407999
499.0 61.386
500.0 61.346
501.0 61.318
502.0 61.259
503.0 61.216
504.0 61.17
505.0 61.085
506.0 61.024
507.0 60.952
508.0 60.88
509.0 60.81
510.0 60.722
511.0 60.643
512.0 60.569
513.0 60.504
514.0 60.401
515.0 60.333
516.0 60.249
517.0 60.173
518.0 60.075999
519.0 60.01
520.0 59.936
521.0 59.852
522.0 59.789
523.0 59.733
524.0 59.66
525.0 59.607
526.0 59.538999
527.0 59.497
528.0 59.453
529.0 59.413
530.0 59.386
531.0 59.339
532.0 59.311
533.0 59.284
534.0 59.274
535.0 59.257
536.0 59.247
537.0 59.244
538.0 59.236
539.0 59.252
540.0 59.264
541.0 59.294999
542.0 59.306
543.0 59.337
544.0 59.369
545.0 59.425
546.0 59.44
547.0 59.497
548.0 59.553
549.0 59.623
550.0 59.668
551.0 59.741
552.0 59.799
553.0 59.899
554.0 59.972
555.0 60.065
556.0 60.162
557.0 60.246999
558.0 60.352
559.0 60.441999
560.0 60.566
561.0 60.673999
562.0 60.789
563.0 60.922
564.0 61.05
565.0 61.177
566.0 61.301
567.0 61.434
568.0 61.568
569.0 61.699
570.0 61.849
571.0 61.997
572.0 62.135
573.0 62.275
574.0 62.427
575.0 62.56
576.0 62.717
577.0 62.893
578.0 63.029
579.0 63.181
580.0 63.349999
581.0 63.499
582.0 63.664
583.0 63.813
584.0 63.988
585.0 64.144
586.0 64.322
587.0 64.483999
588.0 64.666
589.0 64.819999
590.0 64.992999
591.0 65.16
592.0 65.329
593.0 65.497
594.0 65.672
595.0 65.832
596.0 65.991999
597.0 66.155
598.0 66.310999
599.0 66.459999
600.0 66.604
601.0 66.755
602.0 66.907
603.0 67.042
604.0 67.172
605.0 67.313
606.0 67.449
607.0 67.569999
608.0 67.691
609.0 67.822999
610.0 67.944999
611.0 68.057999
612.0 68.166
613.0 68.269
614.0 68.374
615.0 68.473
616.0 68.567
617.0 68.659
618.0 68.738
619.0 68.832
620.0 68.905
621.0 68.993
622.0 69.053
623.0 69.113
624.0 69.193
625.0 69.247
626.0 69.307
627.0 69.349999
628.0 69.417
629.0 69.449
630.0 69.477999
631.0 69.533
632.0 69.563
633.0 69.599999
634.0 69.611999
635.0 69.661
636.0 69.672
637.0 69.672
638.0 69.694999
639.0 69.71
640.0 69.714
641.0 69.717
642.0 69.725
643.0 69.724
644.0 69.703999
645.0 69.694999
646.0 69.694
647.0 69.671
648.0 69.65
649.0 69.640999
650.0 69.613
651.0 69.589
652.0 69.560999
653.0 69.532
654.0 69.528
655.0 69.489999
656.0 69.446
657.0 69.415
658.0 69.371
659.0 69.354
660.0 69.307
661.0 69.262999
662.0 69.208
663.0 69.164999
664.0 69.111999
665.0 69.072
666.0 69.008
667.0 68.982
668.0 68.935999
669.0 68.869
670.0 68.825
671.0 68.779
672.0 68.732
673.0 68.669
674.0 68.63
675.0 68.559
676.0 68.512
677.0 68.464
678.0 68.408999
679.0 68.357999
680.0 68.307
681.0 68.247999
682.0 68.198
683.0 68.15
684.0 68.086
685.0 68.015
686.0 67.974999
687.0 67.929
688.0 67.878
689.0 67.832
690.0 67.762
691.0 67.723999
692.0 67.682
693.0 67.617
694.0 67.577
695.0 67.529
696.0 67.496
697.0 67.446
698.0 67.39
699.0 67.36
700.0 67.318
701.0 67.269
702.0 67.227999
703.0 67.197
704.0 67.152999
705.0 67.116
706.0 67.087
707.0 67.042
708.0 67.014
709.0 66.989
710.0 66.947
711.0 66.914
712.0 66.902
713.0 66.866
714.0 66.845
715.0 66.809
716.0 66.809
717.0 66.761
718.0 66.745
719.0 66.721
720.0 66.699
721.0 66.685
722.0 66.666
723.0 66.66
724.0 66.646
725.0 66.628
726.0 66.608999
727.0 66.611
728.0 66.601
729.0 66.604
730.0 66.583
731.0 66.59
732.0 66.574
733.0 66.590999
734.0 66.581
735.0 66.592
736.0 66.583
737.0 66.581
738.0 66.593999
739.0 66.59
740.0 66.599
741.0 66.605999
742.0 66.629
743.0 66.637
744.0 66.637999
745.0 66.664
746.0 66.676
747.0 66.703999
748.0 66.703
749.0 66.735
750.0 66.742
751.0 66.774999
752.0 66.798999
753.0 66.825999
754.0 66.851
755.0 66.868
756.0 66.907
757.0 66.95
758.0 66.971
759.0 67.003
760.0 67.021
761.0 67.069
762.0 67.096
763.0 67.129
764.0 67.184999
765.0 67.206999
766.0 67.262
767.0 67.286
768.0 67.322999
769.0 67.388
770.0 67.418
771.0 67.478
772.0 67.522
773.0 67.562999
774.0 67.61
775.0 67.664999
776.0 67.711
777.0 67.782
778.0 67.828999
779.0 67.888
780.0 67.950999
781.0 68.006
782.0 68.059
783.0 68.1
784.0 68.132
785.0 68.205
786.0 68.241
787.0 68.32
788.0 68.369
789.0 68.415
790.0 68.5
791.0 68.551
792.0 68.62
793.0 68.702
794.0 68.761
795.0 68.825
796.0 68.894
797.0 68.97
798.0 69.03
799.0 69.105
800.0 69.164
801.0 69.23
802.0 69.301999
803.0 69.372999
804.0 69.427
805.0 69.508
806.0 69.562
807.0 69.652
808.0 69.706999
809.0 69.793
810.0 69.857
811.0 69.917
812.0 69.997
813.0 70.077
814.0 70.132
815.0 70.209
816.0 70.283
817.0 70.360999
818.0 70.429
819.0 70.504
820.0 70.569
821.0 70.645
822.0 70.729
823.0 70.797
824.0 70.855999
825.0 70.926
826.0 71.0
827.0 71.083
828.0 71.143999
829.0 71.232
830.0 71.292
831.0 71.358999
832.0 71.44
833.0 71.508
834.0 71.584999
835.0 71.653
836.0 71.706
837.0 71.803
838.0 71.863
839.0 71.923999
840.0 71.992
841.0 72.063
842.0 72.131999
843.0 72.204
844.0 72.244
845.0 72.343
846.0 72.409
847.0 72.476
848.0 72.548
849.0 72.602
850.0 72.674
851.0 72.728
852.0 72.81
853.0 72.863999
854.0 72.926
855.0 72.988
856.0 73.059
857.0 73.111999
858.0 73.173
859.0 73.259
860.0 73.303
861.0 73.345
862.0 73.416
863.0 73.477999
864.0 73.538
865.0 73.582
866.0 73.658
867.0 73.689
868.0 73.753999
869.0 73.823
870.0 73.866
871.0 73.945
872.0 73.988
873.0 74.043
874.0 74.078999
875.0 74.15
876.0 74.184
877.0 74.239
878.0 74.285
879.0 74.331999
880.0 74.39
881.0 74.45
882.0 74.463
883.0 74.531
884.0 74.587999
885.0 74.658999
886.0 74.694
887.0 74.739999
888.0 74.780999
889.0 74.831999
890.0 74.864
891.0 74.924
892.0 74.967
893.0 75.004
894.0 75.048
895.0 75.078999
896.0 75.102999
897.0 75.154
898.0 75.166
899.0 75.205999
900.0 75.233999
901.0 75.295
902.0 75.286
903.0 75.339999
904.0 75.363
905.0 75.37
906.0 75.376
907.0 75.432999
908.0 75.425
909.0 75.448
910.0 75.465
911.0 75.471
912.0 75.482
913.0 75.506
914.0 75.524
915.0 75.544
916.0 75.53
917.0 75.563
918.0 75.582
919.0 75.610999
920.0 75.627
921.0 75.646999
922.0 75.669
923.0 75.656
924.0 75.682
925.0 75.692
926.0 75.700999
927.0 75.724
928.0 75.717
929.0 75.743
930.0 75.758
931.0 75.768999
932.0 75.771
933.0 75.783999
934.0 75.79
935.0 75.807999
936.0 75.79
937.0 75.822999
938.0 75.826
939.0 75.827
940.0 75.817
941.0 75.836
942.0 75.839
943.0 75.864
944.0 75.851
945.0 75.846999
946.0 75.845
947.0 75.852
948.0 75.845
949.0 75.846999
950.0 75.814
951.0 75.849
952.0 75.841
953.0 75.806
954.0 75.829
955.0 75.829
956.0 75.83
957.0 75.815999
958.0 75.797
959.0 75.791
960.0 75.778
961.0 75.805
962.0 75.804
963.0 75.782
964.0 75.797
965.0 75.803
966.0 75.768999
967.0 75.787
968.0 75.75
969.0 75.755
970.0 75.744
971.0 75.732
972.0 75.691
973.0 75.714
974.0 75.721
975.0 75.709999
976.0 75.673
977.0 75.666
978.0 75.653
979.0 75.64
980.0 75.628
981.0 75.629
982.0 75.626
983.0 75.616
984.0 75.599
985.0 75.589
986.0 75.575
987.0 75.571
988.0 75.55
989.0 75.531
990.0 75.526
991.0 75.514
992.0 75.508
993.0 75.48
994.0 75.488999
995.0 75.438
996.0 75.444
997.0 75.422
998.0 75.422
999.0 75.39
1000.0 75.373
1001.0 75.363
1002.0 75.327999
1003.0 75.318
1004.0 75.307
1005.0 75.28
1006.0 75.263
1007.0 75.239
1008.0 75.229999
1009.0 75.219
1010.0 75.191
1011.0 75.179
1012.0 75.163
1013.0 75.126
1014.0 75.126
1015.0 75.102999
1016.0 75.087
1017.0 75.075
1018.0 75.053
1019.0 75.043
1020.0 75.035
1021.0 75.000999
1022.0 74.988999
1023.0 74.97
1024.0 74.924
1025.0 74.917999
1026.0 74.912
1027.0 74.887
1028.0 74.853
1029.0 74.861
1030.0 74.819999
1031.0 74.804
1032.0 74.776
1033.0 74.773
1034.0 74.751
1035.0 74.728
1036.0 74.719
1037.0 74.709
1038.0 74.688
1039.0 74.678
1040.0 74.646
1041.0 74.649
1042.0 74.609
1043.0 74.619
1044.0 74.593
1045.0 74.562
1046.0 74.536
1047.0 74.536
1048.0 74.494
1049.0 74.485
1050.0 74.448
1051.0 74.435
1052.0 74.419
1053.0 74.42
1054.0 74.355
1055.0 74.394
1056.0 74.325
1057.0 74.35
1058.0 74.333
1059.0 74.343
1060.0 74.313
1061.0 74.304999
1062.0 74.249
1063.0 74.256
1064.0 74.231
1065.0 74.233999
1066.0 74.217999
1067.0 74.182999
1068.0 74.168
1069.0 74.170999
1070.0 74.146999
1071.0 74.101
1072.0 74.107
1073.0 74.066
1074.0 74.075
1075.0 74.06
1076.0 74.031
1077.0 74.031
1078.0 74.000999
1079.0 74.028
1080.0 73.95
1081.0 73.989
1082.0 74.029
1083.0 73.948
1084.0 73.96
1085.0 74.006
1086.0 73.988
1087.0 73.929
1088.0 73.865
1089.0 73.9
1090.0 73.902999
1091.0 73.901
1092.0 73.812
1093.0 73.836
1094.0 73.834
1095.0 73.824
1096.0 73.806
1097.0 73.794
1098.0 73.802
1099.0 73.741999
1100.0 73.767
