190.0 0.065
191.0 0.152
192.0 0.032
193.0 0.1
194.0 0.041
195.0 0.082
196.0 0.052
197.0 0.038
198.0 0.039
199.0 0.045
200.0 0.039
201.0 0.036
202.0 0.052
203.0 0.043
204.0 0.041
205.0 0.018
206.0 0.038
207.0 0.021
208.0 0.021
209.0 0.035
210.0 0.048
211.0 0.04
212.0 0.008
213.0 0.027
214.0 0.03
215.0 0.033
216.0 0.026
217.0 0.019
218.0 0.025
219.0 0.042
220.0 0.01
221.0 0.026
222.0 0.037
223.0 0.026
224.0 0.025
225.0 0.032
226.0 0.029
227.0 0.025
228.0 0.025
229.0 0.009
230.0 0.011
231.0 0.014
232.0 0.016
233.0 0.029
234.0 0.012
235.0 0.038
236.0 0.02
237.0 0.02
238.0 0.026
239.0 0.013
240.0 0.011
241.0 0.017
242.0 0.013
243.0 0.032
244.0 0.021
245.0 0.016
246.0 0.014
247.0 0.014
248.0 0.029
249.0 0.021
250.0 0.026
251.0 0.036
252.0 0.032
253.0 0.014
254.0 0.019
255.0 0.03
256.0 0.017
257.0 0.013
258.0 0.026
259.0 0.049
260.0 0.034
261.0 0.024
262.0 0.022
263.0 0.031
264.0 0.036
265.0 0.042
266.0 0.048
267.0 0.049
268.0 0.012
269.0 0.048
270.0 0.047
271.0 0.036
272.0 0.02
273.0 0.034
274.0 0.039
275.0 0.05
276.0 0.026
277.0 0.016
278.0 0.052
279.0 0.032
280.0 0.024
281.0 0.03
282.0 0.05
283.0 0.064
284.0 0.024
285.0 0.051
286.0 0.041
287.0 0.052
288.0 0.009
289.0 0.044
290.0 0.037
291.0 0.063
292.0 0.047
293.0 0.044
294.0 0.033
295.0 0.049
296.0 0.035
297.0 0.05
298.0 0.043
299.0 0.054
300.0 0.051
301.0 0.055
302.0 0.06
303.0 0.066
304.0 0.051
305.0 0.027
306.0 0.054
307.0 0.09
308.0 0.06
309.0 0.044
310.0 0.019
311.0 0.069999
312.0 0.051
313.0 0.055
314.0 0.072
315.0 0.069999
316.0 0.059
317.0 0.043
318.0 0.04
319.0 0.063
320.0 0.077
321.0 0.074
322.0 0.053
323.0 0.097
324.0 0.093
325.0 0.054
326.0 0.049
327.0 0.076
328.0 0.078
329.0 0.065
330.0 0.071
331.0 0.082
332.0 0.066
333.0 0.058
334.0 0.068999
335.0 0.054
336.0 0.057
337.0 0.066
338.0 0.064
339.0 0.084999
340.0 0.059
341.0 0.073
342.0 0.075
343.0 0.093
344.0 0.097
345.0 0.095
346.0 0.119
347.0 0.138
348.0 0.156
349.0 0.18
350.0 0.223
351.0 0.255
352.0 0.312
353.0 0.381
354.0 0.481
355.0 0.598
356.0 0.73
357.0 0.932999
358.0 1.164
359.0 1.461
360.0 1.814
361.0 2.272
362.0 2.816
363.0 3.492
364.0 4.259
365.0 5.179
366.0 6.213
367.0 7.371
368.0 8.651
369.0 9.995999
370.0 11.385
371.0 12.797
372.0 14.166
373.0 15.531
374.0 16.783
375.0 17.982
376.0 19.091
377.0 20.175
378.0 21.201
379.0 22.189
380.0 23.13
381.0 24.075
382.0 25.015
383.0 26.014
384.0 26.973
385.0 27.92
386.0 28.861
387.0 29.777
388.0 30.705
389.0 31.598
390.0 32.477
391.0 33.328
392.0 34.15
393.0 34.944
394.0 35.695
395.0 36.4
396.0 37.071
397.0 37.679
398.0 38.245
399.0 38.766
400.0 39.232
401.0 39.621
402.0 39.995
403.0 40.308
404.0 40.574
405.0 40.806
406.0 41.0
407.0 41.14
408.0 41.253
409.0 41.339
410.0 41.411
411.0 41.462
412.0 41.484
413.0 41.503
414.0 41.51
415.0 41.51
416.0 41.521
417.0 41.518
418.0 41.519
419.0 41.525
420.0 41.526
421.0 41.536
422.0 41.557
423.0 41.591
424.0 41.641
425.0 41.714
426.0 41.777
427.0 41.845
428.0 41.922
429.0 42.03
430.0 42.134
431.0 42.268
432.0 42.401
433.0 42.539
434.0 42.7
435.0 42.88
436.0 43.036
437.0 43.231
438.0 43.425999
439.0 43.636
440.0 43.871
441.0 44.096
442.0 44.339
443.0 44.6
444.0 44.847
445.0 45.101
446.0 45.372
447.0 45.642
448.0 45.913
449.0 46.188
450.0 46.446
451.0 46.735
452.0 47.014
453.0 47.277
454.0 47.543
455.0 47.822
456.0 48.082
457.0 48.326
458.0 48.596
459.0 48.837
460.0 49.079
461.0 49.302
462.0 49.526
463.0 49.739
464.0 49.925
465.0 50.124
466.0 50.292
467.0 50.468999
468.0 50.623
469.0 50.782
470.0 50.916
471.0 51.049
472.0 51.154999
473.0 51.256
474.0 51.361
475.0 51.432
476.0 51.471999
477.0 51.558
478.0 51.617999
479.0 51.642999
480.0 51.691
481.0 51.705
482.0 51.722
483.0 51.737
484.0 51.745
485.0 51.746
486.0 51.733
487.0 51.722
488.0 51.706
489.0 51.704
490.0 51.654999
491.0 51.625
492.0 51.603
493.0 51.56
494.0 51.524
495.0 51.492
496.0 51.45
497.0 51.391
498.0 51.37
499.0 51.325
500.0 51.28
501.0 51.231
502.0 51.192
503.0 51.164
504.0 51.117
505.0 51.097
506.0 51.047
507.0 51.014
508.0 50.977
509.0 50.975
510.0 50.938
511.0 50.917
512.0 50.907
513.0 50.883999
514.0 50.882
515.0 50.869
516.0 50.86
517.0 50.86
518.0 50.881
519.0 50.883
520.0 50.893999
521.0 50.912
522.0 50.932
523.0 50.964
524.0 50.991
525.0 51.042
526.0 51.072
527.0 51.126
528.0 51.166
529.0 51.22
530.0 51.286
531.0 51.349999
532.0 51.407
533.0 51.48
534.0 51.554999
535.0 51.636
536.0 51.714
537.0 51.813
538.0 51.902
539.0 51.999
540.0 52.097
541.0 52.194
542.0 52.294
543.0 52.402
544.0 52.512
545.0 52.634
546.0 52.76
547.0 52.886
548.0 53.014
549.0 53.136
550.0 53.263
551.0 53.4
552.0 53.527
553.0 53.66
554.0 53.8
555.0 53.959999
556.0 54.093
557.0 54.238
558.0 54.386
559.0 54.523999
560.0 54.671
561.0 54.831
562.0 54.969
563.0 55.134
564.0 55.277
565.0 55.434
566.0 55.577
567.0 55.733
568.0 55.891
569.0 56.033999
570.0 56.185
571.0 56.328999
572.0 56.486999
573.0 56.643
574.0 56.786
575.0 56.937
576.0 57.09
577.0 57.227
578.0 57.392
579.0 57.535
580.0 57.675
581.0 57.809
582.0 57.934
583.0 58.060999
584.0 58.189
585.0 58.294
586.0 58.403
587.0 58.522
588.0 58.628
589.0 58.733
590.0 58.824
591.0 58.919999
592.0 59.012
593.0 59.108
594.0 59.202
595.0 59.280999
596.0 59.378
597.0 59.46
598.0 59.538
599.0 59.614999
600.0 59.69
601.0 59.780999
602.0 59.838
603.0 59.907
604.0 59.965999
605.0 60.04
606.0 60.095
607.0 60.163999
608.0 60.214
609.0 60.266
610.0 60.318
611.0 60.353
612.0 60.392999
613.0 60.444
614.0 60.478
615.0 60.512999
616.0 60.541999
617.0 60.571
618.0 60.594
619.0 60.61
620.0 60.643
621.0 60.643
622.0 60.672
623.0 60.677
624.0 60.683
625.0 60.685
626.0 60.707
627.0 60.697999
628.0 60.704
629.0 60.702
630.0 60.684
631.0 60.679
632.0 60.685
633.0 60.663999
634.0 60.647
635.0 60.656
636.0 60.634999
637.0 60.622
638.0 60.604
639.0 60.577
640.0 60.563999
641.0 60.534
642.0 60.516
643.0 60.49
644.0 60.471
645.0 60.432
646.0 60.422
647.0 60.377
648.0 60.362
649.0 60.342
650.0 60.296
651.0 60.274
652.0 60.24
653.0 60.214
654.0 60.163
655.0 60.131
656.0 60.111
657.0 60.056
658.0 60.029999
659.0 60.004
660.0 59.968999
661.0 59.94
662.0 59.91
663.0 59.867
664.0 59.84
665.0 59.813
666.0 59.776
667.0 59.752
668.0 59.717
669.0 59.687
670.0 59.646
671.0 59.633
672.0 59.606
673.0 59.579
674.0 59.548
675.0 59.514999
676.0 59.487
677.0 59.480999
678.0 59.449
679.0 59.409
680.0 59.388
681.0 59.355
682.0 59.347
683.0 59.331
684.0 59.338
685.0 59.323
686.0 59.297999
687.0 59.282
688.0 59.268
689.0 59.245
690.0 59.236999
691.0 59.217
692.0 59.204
693.0 59.196
694.0 59.181
695.0 59.167
696.0 59.165
697.0 59.146
698.0 59.145
699.0 59.131
700.0 59.139
701.0 59.124
702.0 59.12
703.0 59.133
704.0 59.121
705.0 59.121
706.0 59.117
707.0 59.123
708.0 59.14
709.0 59.134
710.0 59.142
711.0 59.148999
712.0 59.156
713.0 59.167
714.0 59.178
715.0 59.196
716.0 59.204
717.0 59.218
718.0 59.225
719.0 59.243
720.0 59.261
721.0 59.280999
722.0 59.292999
723.0 59.322
724.0 59.349
725.0 59.353
726.0 59.394
727.0 59.395
728.0 59.433
729.0 59.476
730.0 59.492999
731.0 59.524
732.0 59.553999
733.0 59.577
734.0 59.614
735.0 59.653
736.0 59.685
737.0 59.72
738.0 59.755
739.0 59.794
740.0 59.835
741.0 59.858999
742.0 59.906
743.0 59.94
744.0 59.989
745.0 60.041
746.0 60.074
747.0 60.123
748.0 60.168
749.0 60.224
750.0 60.249
751.0 60.309
752.0 60.352
753.0 60.399
754.0 60.462
755.0 60.504
756.0 60.535
757.0 60.590999
758.0 60.655
759.0 60.699
760.0 60.763
761.0 60.818
762.0 60.874
763.0 60.911
764.0 60.994
765.0 61.045
766.0 61.096
767.0 61.165
768.0 61.228
769.0 61.292
770.0 61.346999
771.0 61.415
772.0 61.468
773.0 61.523
774.0 61.574
775.0 61.616
776.0 61.678
777.0 61.722999
778.0 61.767
779.0 61.827
780.0 61.883
781.0 61.951
782.0 62.004
783.0 62.068
784.0 62.151999
785.0 62.236
786.0 62.281
787.0 62.346
788.0 62.405
789.0 62.47
790.0 62.516
791.0 62.594
792.0 62.66
793.0 62.712
794.0 62.78
795.0 62.858999
796.0 62.946
797.0 62.993
798.0 63.066999
799.0 63.125
800.0 63.178
801.0 63.246
802.0 63.297
803.0 63.361
804.0 63.42
805.0 63.493
806.0 63.557
807.0 63.63
808.0 63.676
809.0 63.727
810.0 63.784
811.0 63.859
812.0 63.913
813.0 63.969
814.0 64.036
815.0 64.084
816.0 64.149
817.0 64.239
818.0 64.275
819.0 64.331
820.0 64.401
821.0 64.451
822.0 64.511
823.0 64.559
824.0 64.62
825.0 64.685999
826.0 64.746
827.0 64.8
828.0 64.846999
829.0 64.905
830.0 64.962
831.0 65.012
832.0 65.069999
833.0 65.112
834.0 65.183
835.0 65.242999
836.0 65.267
837.0 65.346999
838.0 65.386
839.0 65.428
840.0 65.495
841.0 65.533
842.0 65.585
843.0 65.628
844.0 65.682
845.0 65.727
846.0 65.776
847.0 65.83
848.0 65.875
849.0 65.898
850.0 65.947999
851.0 66.019
852.0 66.047
853.0 66.1
854.0 66.137
855.0 66.183
856.0 66.235
857.0 66.249
858.0 66.304
859.0 66.346
860.0 66.379
861.0 66.429
862.0 66.439
863.0 66.494
864.0 66.532
865.0 66.578999
866.0 66.593999
867.0 66.633
868.0 66.663
869.0 66.705
870.0 66.741
871.0 66.755
872.0 66.801
873.0 66.834
874.0 66.867
875.0 66.902
876.0 66.923999
877.0 66.932999
878.0 66.959
879.0 66.996
880.0 67.003999
881.0 67.04
882.0 67.071
883.0 67.074999
884.0 67.078999
885.0 67.108999
886.0 67.105999
887.0 67.125
888.0 67.151
889.0 67.17
890.0 67.203
891.0 67.22
892.0 67.245
893.0 67.247999
894.0 67.266
895.0 67.271999
896.0 67.31
897.0 67.313999
898.0 67.325
899.0 67.357
900.0 67.352999
901.0 67.383
902.0 67.394
903.0 67.387
904.0 67.407
905.0 67.441
906.0 67.455
907.0 67.488
908.0 67.506
909.0 67.524
910.0 67.54
911.0 67.564
912.0 67.575
913.0 67.599
914.0 67.608999
915.0 67.621
916.0 67.636
917.0 67.648
918.0 67.651
919.0 67.647
920.0 67.664999
921.0 67.657
922.0 67.644
923.0 67.652
924.0 67.649
925.0 67.646
926.0 67.640999
927.0 67.662
928.0 67.661
929.0 67.664999
930.0 67.674
931.0 67.648
932.0 67.65
933.0 67.651
934.0 67.645
935.0 67.637
936.0 67.643
937.0 67.645
938.0 67.632
939.0 67.632
940.0 67.608999
941.0 67.62
942.0 67.583
943.0 67.593999
944.0 67.584999
945.0 67.572
946.0 67.572
947.0 67.554
948.0 67.559
949.0 67.547
950.0 67.526
951.0 67.526
952.0 67.527
953.0 67.523
954.0 67.496
955.0 67.495
956.0 67.462999
957.0 67.462
958.0 67.488
959.0 67.465
960.0 67.441
961.0 67.456999
962.0 67.418
963.0 67.416
964.0 67.411
965.0 67.401
966.0 67.393
967.0 67.367999
968.0 67.352
969.0 67.34
970.0 67.325999
971.0 67.32
972.0 67.301
973.0 67.316
974.0 67.285
975.0 67.271
976.0 67.235999
977.0 67.221
978.0 67.212
979.0 67.206999
980.0 67.179999
981.0 67.154
982.0 67.16
983.0 67.15
984.0 67.104
985.0 67.113
986.0 67.08
987.0 67.062999
988.0 67.032
989.0 67.018
990.0 66.995
991.0 66.991999
992.0 66.974
993.0 66.958
994.0 66.949
995.0 66.927
996.0 66.929
997.0 66.893999
998.0 66.888
999.0 66.89
1000.0 66.852999
1001.0 66.856
1002.0 66.842
1003.0 66.849
1004.0 66.824
1005.0 66.822
1006.0 66.798
1007.0 66.804
1008.0 66.771999
1009.0 66.774
1010.0 66.75
1011.0 66.726
1012.0 66.705
1013.0 66.703999
1014.0 66.693
1015.0 66.679
1016.0 66.67
1017.0 66.643
1018.0 66.617999
1019.0 66.617999
1020.0 66.602999
1021.0 66.59
1022.0 66.581999
1023.0 66.562
1024.0 66.544
1025.0 66.532
1026.0 66.526
1027.0 66.502
1028.0 66.480999
1029.0 66.468999
1030.0 66.462
1031.0 66.447
1032.0 66.459999
1033.0 66.434
1034.0 66.43
1035.0 66.42
1036.0 66.405999
1037.0 66.417
1038.0 66.399
1039.0 66.376
1040.0 66.375
1041.0 66.384
1042.0 66.32
1043.0 66.34
1044.0 66.315
1045.0 66.303
1046.0 66.302
1047.0 66.277
1048.0 66.259
1049.0 66.289
1050.0 66.273
1051.0 66.242
1052.0 66.233
1053.0 66.212999
1054.0 66.22
1055.0 66.229
1056.0 66.202
1057.0 66.208
1058.0 66.217
1059.0 66.193
1060.0 66.179
1061.0 66.171
1062.0 66.184
1063.0 66.143
1064.0 66.139
1065.0 66.136
1066.0 66.09
1067.0 66.113999
1068.0 66.139
1069.0 66.086
1070.0 66.085
1071.0 66.086
1072.0 66.096999
1073.0 66.085
1074.0 66.093999
1075.0 66.056
1076.0 66.054
1077.0 66.030999
1078.0 66.083
1079.0 66.053
1080.0 66.05
1081.0 66.057
1082.0 66.085
1083.0 66.084
1084.0 66.051
1085.0 66.023
1086.0 65.992999
1087.0 65.976
1088.0 65.971
1089.0 66.007
1090.0 66.030999
1091.0 66.017
1092.0 65.954
1093.0 66.02
1094.0 65.974
1095.0 65.964
1096.0 65.976
1097.0 66.009
1098.0 66.03
1099.0 65.988
1100.0 66.012
