190.0 0.095
191.0 0.121
192.0 0.055999
193.0 0.098
194.0 0.091
195.0 0.092
196.0 0.061
197.0 0.049
198.0 0.055999
199.0 0.034
200.0 0.05
201.0 0.047
202.0 0.025
203.0 0.04
204.0 0.045
205.0 0.031
206.0 0.028
207.0 0.023
208.0 0.019
209.0 0.026
210.0 0.033
211.0 0.054
212.0 0.032
213.0 0.029
214.0 0.025
215.0 0.03
216.0 0.02
217.0 0.02
218.0 0.023
219.0 0.052
220.0 0.036
221.0 0.027
222.0 0.038
223.0 0.027
224.0 0.033
225.0 0.034
226.0 0.035
227.0 0.042
228.0 0.017
229.0 0.021
230.0 0.027
231.0 0.025
232.0 0.031
233.0 0.023
234.0 0.019
235.0 0.038
236.0 0.026
237.0 0.03
238.0 0.025
239.0 0.029
240.0 0.027
241.0 0.024
242.0 0.024
243.0 0.035
244.0 0.028
245.0 0.027
246.0 0.018
247.0 0.02
248.0 0.027
249.0 0.014
250.0 0.044
251.0 0.034
252.0 0.018
253.0 0.033
254.0 0.027
255.0 0.036
256.0 0.03
257.0 0.028
258.0 0.023
259.0 0.048
260.0 0.048
261.0 0.029
262.0 0.038
263.0 0.036
264.0 0.023
265.0 0.048
266.0 0.02
267.0 0.049
268.0 0.049
269.0 0.031
270.0 0.036
271.0 0.057
272.0 0.051
273.0 0.06
274.0 0.058
275.0 0.098
276.0 0.051
277.0 0.05
278.0 0.057
279.0 0.019
280.0 0.052
281.0 0.054
282.0 0.039
283.0 0.105
284.0 0.055999
285.0 0.052
286.0 0.083
287.0 0.053
288.0 0.035
289.0 0.037
290.0 0.064
291.0 0.068999
292.0 0.066
293.0 0.049
294.0 0.049
295.0 0.058
296.0 0.053
297.0 0.062
298.0 0.054
299.0 0.074
300.0 0.031
301.0 0.059
302.0 0.058
303.0 0.055
304.0 0.036
305.0 0.059
306.0 0.055
307.0 0.094
308.0 0.055
309.0 0.042
310.0 0.061
311.0 0.038
312.0 0.054
313.0 0.064
314.0 0.066
315.0 0.108
316.0 0.057
317.0 0.1
318.0 0.053
319.0 0.086999
320.0 0.09
321.0 0.112
322.0 0.1
323.0 0.147
324.0 0.095
325.0 0.09
326.0 0.094
327.0 0.105
328.0 0.084999
329.0 0.099
330.0 0.109
331.0 0.119
332.0 0.135
333.0 0.141
334.0 0.14
335.0 0.155
336.0 0.142
337.0 0.172
338.0 0.192
339.0 0.222
340.0 0.215
341.0 0.256
342.0 0.273
343.0 0.328
344.0 0.371
345.0 0.432999
346.0 0.516
347.0 0.601
348.0 0.716
349.0 0.844
350.0 1.003
351.0 1.199
352.0 1.47
353.0 1.793
354.0 2.156
355.0 2.641
356.0 3.175
357.0 3.835
358.0 4.622
359.0 5.550999
360.0 6.63
361.0 7.887
362.0 9.317
363.0 10.962
364.0 12.77
365.0 14.777
366.0 16.974
367.0 19.334
368.0 21.879
369.0 24.515
370.0 27.253
371.0 29.978
372.0 32.722
373.0 35.333
374.0 37.771
375.0 40.043
376.0 42.076
377.0 43.918
378.0 45.542
379.0 47.014
380.0 48.388
381.0 49.501
382.0 50.561
383.0 51.568
384.0 52.528
385.0 53.3
386.0 54.014
387.0 54.677
388.0 55.312
389.0 55.907
390.0 56.462999
391.0 57.054
392.0 57.607
393.0 58.174
394.0 58.717
395.0 59.280999
396.0 59.837
397.0 60.433
398.0 61.046
399.0 61.672
400.0 62.291
401.0 62.937
402.0 63.605
403.0 64.282
404.0 64.949
405.0 65.625
406.0 66.309
407.0 67.01
408.0 67.69
409.0 68.376
410.0 69.048
411.0 69.736
412.0 70.396
413.0 71.045
414.0 71.670999
415.0 72.28
416.0 72.851999
417.0 73.424
418.0 73.941
419.0 74.453
420.0 74.922
421.0 75.358999
422.0 75.761
423.0 76.149999
424.0 76.449999
425.0 76.729
426.0 77.003
427.0 77.208
428.0 77.374
429.0 77.529
430.0 77.624
431.0 77.692
432.0 77.715999
433.0 77.722
434.0 77.700999
435.0 77.632
436.0 77.532
437.0 77.45
438.0 77.342
439.0 77.203
440.0 77.039
441.0 76.888
442.0 76.697
443.0 76.5
444.0 76.327
445.0 76.132
446.0 75.929999
447.0 75.748
448.0 75.544
449.0 75.33
450.0 75.127
451.0 74.929999
452.0 74.723
453.0 74.523
454.0 74.322
455.0 74.139
456.0 73.961
457.0 73.779
458.0 73.627
459.0 73.453
460.0 73.314
461.0 73.175
462.0 73.056
463.0 72.934
464.0 72.807
465.0 72.730999
466.0 72.642
467.0 72.584
468.0 72.535
469.0 72.484
470.0 72.423
471.0 72.434
472.0 72.416
473.0 72.408
474.0 72.45
475.0 72.455
476.0 72.499
477.0 72.548
478.0 72.604
479.0 72.687
480.0 72.791
481.0 72.862
482.0 72.980999
483.0 73.129
484.0 73.229
485.0 73.38
486.0 73.511
487.0 73.673
488.0 73.858999
489.0 74.024999
490.0 74.205
491.0 74.396
492.0 74.599999
493.0 74.806
494.0 75.012999
495.0 75.244
496.0 75.488
497.0 75.72
498.0 75.955
499.0 76.181
500.0 76.429
501.0 76.695
502.0 76.920999
503.0 77.172
504.0 77.447999
505.0 77.684
506.0 77.952999
507.0 78.212
508.0 78.467
509.0 78.721
510.0 78.979999
511.0 79.232
512.0 79.495
513.0 79.741
514.0 79.995
515.0 80.230999
516.0 80.473
517.0 80.717
518.0 80.943
519.0 81.179999
520.0 81.41
521.0 81.62
522.0 81.806
523.0 82.028
524.0 82.224
525.0 82.407
526.0 82.598
527.0 82.748
528.0 82.935999
529.0 83.099999
530.0 83.258
531.0 83.393
532.0 83.532
533.0 83.664
534.0 83.783
535.0 83.902
536.0 84.021
537.0 84.111999
538.0 84.184
539.0 84.269
540.0 84.343999
541.0 84.41
542.0 84.461
543.0 84.499
544.0 84.529
545.0 84.578
546.0 84.578
547.0 84.596999
548.0 84.592999
549.0 84.580999
550.0 84.574
551.0 84.555
552.0 84.52
553.0 84.486999
554.0 84.449
555.0 84.399999
556.0 84.364999
557.0 84.295
558.0 84.197
559.0 84.149
560.0 84.057999
561.0 84.007
562.0 83.904
563.0 83.813
564.0 83.714
565.0 83.608999
566.0 83.507
567.0 83.398
568.0 83.269
569.0 83.159
570.0 83.038
571.0 82.907
572.0 82.786
573.0 82.667
574.0 82.521999
575.0 82.392
576.0 82.27
577.0 82.122
578.0 81.994
579.0 81.860999
580.0 81.708
581.0 81.576
582.0 81.420999
583.0 81.296
584.0 81.15
585.0 81.024
586.0 80.887
587.0 80.761
588.0 80.623
589.0 80.489
590.0 80.359
591.0 80.239
592.0 80.117999
593.0 80.003
594.0 79.875
595.0 79.746
596.0 79.623
597.0 79.51
598.0 79.395
599.0 79.276
600.0 79.163
601.0 79.051
602.0 78.935
603.0 78.827
604.0 78.730999
605.0 78.612
606.0 78.52
607.0 78.415
608.0 78.319
609.0 78.215999
610.0 78.128
611.0 78.037
612.0 77.954
613.0 77.878
614.0 77.788
615.0 77.700999
616.0 77.614
617.0 77.566999
618.0 77.483
619.0 77.415
620.0 77.358999
621.0 77.295
622.0 77.248
623.0 77.17
624.0 77.137999
625.0 77.069
626.0 77.021
627.0 76.992
628.0 76.948
629.0 76.91
630.0 76.895
631.0 76.846999
632.0 76.806
633.0 76.783999
634.0 76.758
635.0 76.742
636.0 76.731
637.0 76.707
638.0 76.709
639.0 76.711
640.0 76.688999
641.0 76.704
642.0 76.695
643.0 76.69
644.0 76.708
645.0 76.708
646.0 76.724999
647.0 76.751
648.0 76.759999
649.0 76.79
650.0 76.805
651.0 76.833
652.0 76.851
653.0 76.872
654.0 76.913
655.0 76.944999
656.0 76.980999
657.0 77.022
658.0 77.05
659.0 77.114999
660.0 77.159
661.0 77.202
662.0 77.252
663.0 77.307999
664.0 77.356
665.0 77.408
666.0 77.455
667.0 77.509
668.0 77.586999
669.0 77.637999
670.0 77.703
671.0 77.766
672.0 77.854
673.0 77.884
674.0 77.959999
675.0 78.044
676.0 78.107
677.0 78.186
678.0 78.262
679.0 78.328
680.0 78.389
681.0 78.471999
682.0 78.537
683.0 78.612
684.0 78.695
685.0 78.757
686.0 78.861
687.0 78.932999
688.0 79.014
689.0 79.108
690.0 79.182
691.0 79.273
692.0 79.361999
693.0 79.452
694.0 79.527
695.0 79.628
696.0 79.727999
697.0 79.795
698.0 79.901
699.0 79.989
700.0 80.096999
701.0 80.176
702.0 80.259999
703.0 80.342
704.0 80.443
705.0 80.553
706.0 80.624
707.0 80.727
708.0 80.813999
709.0 80.896
710.0 81.0
711.0 81.086
712.0 81.16
713.0 81.256
714.0 81.361999
715.0 81.432999
716.0 81.530999
717.0 81.603
718.0 81.684
719.0 81.784
720.0 81.861999
721.0 81.955999
722.0 82.032
723.0 82.12
724.0 82.208
725.0 82.284
726.0 82.358
727.0 82.449
728.0 82.518
729.0 82.596999
730.0 82.655999
731.0 82.735
732.0 82.804
733.0 82.88
734.0 82.949
735.0 83.002
736.0 83.095
737.0 83.135
738.0 83.216
739.0 83.294
740.0 83.334
741.0 83.387999
742.0 83.45
743.0 83.508
744.0 83.581999
745.0 83.63
746.0 83.675999
747.0 83.736
748.0 83.774
749.0 83.848
750.0 83.862
751.0 83.911999
752.0 83.970999
753.0 84.013
754.0 84.05
755.0 84.102
756.0 84.142
757.0 84.167
758.0 84.211
759.0 84.235
760.0 84.269
761.0 84.296
762.0 84.311
763.0 84.355999
764.0 84.357
765.0 84.378
766.0 84.405
767.0 84.438999
768.0 84.441
769.0 84.447
770.0 84.497999
771.0 84.486999
772.0 84.497
773.0 84.517
774.0 84.523
775.0 84.524
776.0 84.539
777.0 84.545999
778.0 84.548
779.0 84.555
780.0 84.557999
781.0 84.548
782.0 84.553
783.0 84.535
784.0 84.524999
785.0 84.524999
786.0 84.507
787.0 84.48
788.0 84.485
789.0 84.453999
790.0 84.444
791.0 84.435
792.0 84.429
793.0 84.399
794.0 84.386
795.0 84.363
796.0 84.331
797.0 84.325
798.0 84.304999
799.0 84.277
800.0 84.247
801.0 84.230999
802.0 84.194
803.0 84.162
804.0 84.126
805.0 84.082
806.0 84.047
807.0 84.012
808.0 83.977
809.0 83.945
810.0 83.91
811.0 83.88
812.0 83.835
813.0 83.779
814.0 83.757
815.0 83.708
816.0 83.667
817.0 83.603
818.0 83.581999
819.0 83.508
820.0 83.474
821.0 83.438
822.0 83.38
823.0 83.333
824.0 83.291
825.0 83.218
826.0 83.176
827.0 83.125
828.0 83.081
829.0 83.039
830.0 82.961
831.0 82.931
832.0 82.857
833.0 82.809
834.0 82.750999
835.0 82.697
836.0 82.643
837.0 82.59
838.0 82.529
839.0 82.477999
840.0 82.41
841.0 82.336
842.0 82.296
843.0 82.238999
844.0 82.17
845.0 82.096
846.0 82.042
847.0 81.976
848.0 81.929
849.0 81.86
850.0 81.799
851.0 81.739999
852.0 81.669
853.0 81.611999
854.0 81.555
855.0 81.493
856.0 81.423
857.0 81.364999
858.0 81.286
859.0 81.233
860.0 81.176999
861.0 81.103
862.0 81.053
863.0 80.989
864.0 80.914
865.0 80.849
866.0 80.789999
867.0 80.717
868.0 80.676
869.0 80.601
870.0 80.529
871.0 80.494
872.0 80.417
873.0 80.372
874.0 80.315
875.0 80.21
876.0 80.16
877.0 80.089999
878.0 80.012
879.0 79.974999
880.0 79.907
881.0 79.827
882.0 79.774999
883.0 79.688999
884.0 79.664999
885.0 79.584999
886.0 79.537
887.0 79.480999
888.0 79.413
889.0 79.34
890.0 79.305
891.0 79.232
892.0 79.181
893.0 79.105
894.0 79.051
895.0 78.992999
896.0 78.946
897.0 78.88
898.0 78.81
899.0 78.77
900.0 78.695
901.0 78.671
902.0 78.583
903.0 78.52
904.0 78.479
905.0 78.423
906.0 78.364999
907.0 78.298999
908.0 78.266
909.0 78.193
910.0 78.137999
911.0 78.101
912.0 78.025
913.0 77.978
914.0 77.927
915.0 77.881999
916.0 77.844
917.0 77.782
918.0 77.734
919.0 77.708999
920.0 77.637
921.0 77.616
922.0 77.553
923.0 77.508
924.0 77.467
925.0 77.419
926.0 77.357
927.0 77.317
928.0 77.271999
929.0 77.238
930.0 77.2
931.0 77.158
932.0 77.105
933.0 77.066999
934.0 77.02
935.0 76.987
936.0 76.949
937.0 76.898
938.0 76.889
939.0 76.812
940.0 76.803
941.0 76.736
942.0 76.688
943.0 76.665
944.0 76.64
945.0 76.583
946.0 76.534
947.0 76.499
948.0 76.451
949.0 76.425
950.0 76.390999
951.0 76.346999
952.0 76.317
953.0 76.287
954.0 76.258
955.0 76.209
956.0 76.168
957.0 76.143
958.0 76.131
959.0 76.114999
960.0 76.089
961.0 76.071999
962.0 76.019
963.0 75.999
964.0 75.982
965.0 75.947
966.0 75.928
967.0 75.881
968.0 75.869
969.0 75.854
970.0 75.815
971.0 75.789
972.0 75.787
973.0 75.744
974.0 75.723
975.0 75.717
976.0 75.697
977.0 75.648
978.0 75.631
979.0 75.62
980.0 75.627
981.0 75.558
982.0 75.559
983.0 75.553
984.0 75.539999
985.0 75.516
986.0 75.507
987.0 75.48
988.0 75.495
989.0 75.444
990.0 75.435
991.0 75.451
992.0 75.413
993.0 75.367999
994.0 75.374
995.0 75.363
996.0 75.331
997.0 75.319
998.0 75.322999
999.0 75.306
1000.0 75.287
1001.0 75.287
1002.0 75.258
1003.0 75.279
1004.0 75.295999
1005.0 75.279
1006.0 75.273
1007.0 75.277
1008.0 75.26
1009.0 75.244999
1010.0 75.236
1011.0 75.249
1012.0 75.241
1013.0 75.215
1014.0 75.199
1015.0 75.214
1016.0 75.209999
1017.0 75.227999
1018.0 75.233
1019.0 75.233999
1020.0 75.221999
1021.0 75.197999
1022.0 75.208
1023.0 75.196
1024.0 75.200999
1025.0 75.17
1026.0 75.176
1027.0 75.178
1028.0 75.18
1029.0 75.221
1030.0 75.214
1031.0 75.229
1032.0 75.227
1033.0 75.251
1034.0 75.243
1035.0 75.211
1036.0 75.215
1037.0 75.221
1038.0 75.224
1039.0 75.266
1040.0 75.294
1041.0 75.307999
1042.0 75.307999
1043.0 75.315
1044.0 75.295
1045.0 75.333
1046.0 75.292999
1047.0 75.279
1048.0 75.302
1049.0 75.295
1050.0 75.349999
1051.0 75.392
1052.0 75.409
1053.0 75.401
1054.0 75.405999
1055.0 75.402999
1056.0 75.399
1057.0 75.404
1058.0 75.399
1059.0 75.449999
1060.0 75.468
1061.0 75.515
1062.0 75.536
1063.0 75.505
1064.0 75.515
1065.0 75.495
1066.0 75.503
1067.0 75.539
1068.0 75.587
1069.0 75.634999
1070.0 75.651
1071.0 75.649
1072.0 75.683
1073.0 75.611999
1074.0 75.609
1075.0 75.629
1076.0 75.625
1077.0 75.75
1078.0 75.810999
1079.0 75.787
1080.0 75.809
1081.0 75.812
1082.0 75.812
1083.0 75.783999
1084.0 75.807999
1085.0 75.872
1086.0 75.941999
1087.0 76.024999
1088.0 76.034
1089.0 75.951
1090.0 75.968999
1091.0 75.905
1092.0 75.965999
1093.0 75.948
1094.0 76.119
1095.0 76.09
1096.0 76.141
1097.0 76.105
1098.0 76.19
1099.0 76.051
1100.0 76.171
