190.0 0.097
191.0 0.129
192.0 0.042
193.0 0.111
194.0 0.038
195.0 0.071
196.0 0.047
197.0 0.041
198.0 0.033
199.0 0.053
200.0 0.017
201.0 0.035
202.0 0.042
203.0 0.061
204.0 0.03
205.0 0.032
206.0 0.033
207.0 0.036
208.0 0.031
209.0 0.026
210.0 0.011
211.0 0.036
212.0 0.027
213.0 0.032
214.0 0.034
215.0 0.034
216.0 0.023
217.0 0.016
218.0 0.023
219.0 0.043
220.0 0.019
221.0 0.011
222.0 0.015
223.0 0.027
224.0 0.012
225.0 0.036
226.0 0.02
227.0 0.044
228.0 0.015
229.0 0.018
230.0 0.013
231.0 0.017
232.0 0.023
233.0 0.02
234.0 0.029
235.0 0.021
236.0 0.018
237.0 0.006
238.0 -0.001
239.0 0.019
240.0 0.014
241.0 0.014
242.0 0.009
243.0 0.029
244.0 0.021
245.0 0.017
246.0 0.016
247.0 0.02
248.0 0.024
249.0 0.016
250.0 0.022
251.0 0.033
252.0 0.009
253.0 0.016
254.0 0.014
255.0 0.024
256.0 0.031
257.0 0.033
258.0 0.022
259.0 0.033
260.0 0.023
261.0 0.034
262.0 0.021
263.0 0.019
264.0 0.021
265.0 0.039
266.0 0.031
267.0 0.053
268.0 0.012
269.0 0.033
270.0 0.027
271.0 0.018
272.0 0.037
273.0 0.018
274.0 0.057
275.0 0.051
276.0 0.044
277.0 0.039
278.0 0.012
279.0 0.057
280.0 0.038
281.0 0.028
282.0 0.063
283.0 0.063
284.0 0.014
285.0 0.029
286.0 0.059
287.0 0.016
288.0 0.01
289.0 0.016
290.0 0.027
291.0 0.066
292.0 0.036
293.0 0.034
294.0 0.051
295.0 0.012
296.0 0.019
297.0 0.059
298.0 0.055999
299.0 0.078
300.0 0.038
301.0 0.04
302.0 0.021
303.0 0.042
304.0 0.021
305.0 0.03
306.0 0.037
307.0 0.061
308.0 0.039
309.0 0.055999
310.0 0.044
311.0 0.043
312.0 0.034
313.0 0.078
314.0 0.066
315.0 0.094
316.0 0.045
317.0 0.05
318.0 0.043
319.0 0.055
320.0 0.084
321.0 0.067
322.0 0.092
323.0 0.101
324.0 0.062
325.0 0.076
326.0 0.057
327.0 0.059
328.0 0.098
329.0 0.076
330.0 0.067
331.0 0.111
332.0 0.093
333.0 0.092
334.0 0.106
335.0 0.075
336.0 0.111
337.0 0.117
338.0 0.118
339.0 0.134
340.0 0.147
341.0 0.144
342.0 0.165
343.0 0.181
344.0 0.202
345.0 0.232
346.0 0.262
347.0 0.309
348.0 0.34
349.0 0.42
350.0 0.486
351.0 0.587
352.0 0.718
353.0 0.849
354.0 1.041
355.0 1.284
356.0 1.56
357.0 1.915
358.0 2.35
359.0 2.882
360.0 3.506
361.0 4.252
362.0 5.145
363.0 6.197
364.0 7.394
365.0 8.763
366.0 10.268
367.0 11.955
368.0 13.756
369.0 15.665
370.0 17.688
371.0 19.797
372.0 21.931
373.0 24.091
374.0 26.191
375.0 28.191
376.0 30.092
377.0 31.863
378.0 33.516
379.0 35.032999
380.0 36.482
381.0 37.71
382.0 38.868
383.0 40.04
384.0 41.006
385.0 41.825
386.0 42.541
387.0 43.18
388.0 43.736999
389.0 44.236
390.0 44.689
391.0 45.096
392.0 45.472
393.0 45.856
394.0 46.207
395.0 46.549
396.0 46.88
397.0 47.233
398.0 47.587
399.0 47.953
400.0 48.33
401.0 48.72
402.0 49.11
403.0 49.535
404.0 49.972
405.0 50.405999
406.0 50.877
407.0 51.322
408.0 51.812
409.0 52.288
410.0 52.798
411.0 53.309
412.0 53.821
413.0 54.339
414.0 54.87
415.0 55.387
416.0 55.904
417.0 56.403
418.0 56.907
419.0 57.402
420.0 57.877999
421.0 58.339
422.0 58.796
423.0 59.221999
424.0 59.666
425.0 60.074
426.0 60.439
427.0 60.779
428.0 61.117999
429.0 61.427
430.0 61.709
431.0 61.934
432.0 62.154
433.0 62.334
434.0 62.52
435.0 62.659
436.0 62.771999
437.0 62.857
438.0 62.937
439.0 62.976
440.0 63.012
441.0 63.022
442.0 63.016
443.0 62.994
444.0 62.955
445.0 62.913
446.0 62.853
447.0 62.782
448.0 62.705
449.0 62.614999
450.0 62.503
451.0 62.409
452.0 62.313
453.0 62.177
454.0 62.067
455.0 61.966
456.0 61.839
457.0 61.704
458.0 61.588
459.0 61.47
460.0 61.358
461.0 61.259
462.0 61.135
463.0 61.035
464.0 60.923
465.0 60.838
466.0 60.745
467.0 60.675
468.0 60.585
469.0 60.519
470.0 60.441999
471.0 60.405
472.0 60.35
473.0 60.324
474.0 60.289
475.0 60.279
476.0 60.236999
477.0 60.253
478.0 60.268
479.0 60.265
480.0 60.294
481.0 60.323
482.0 60.35
483.0 60.415
484.0 60.452
485.0 60.534
486.0 60.602
487.0 60.694
488.0 60.781
489.0 60.889
490.0 60.992
491.0 61.112
492.0 61.234999
493.0 61.356
494.0 61.49
495.0 61.645
496.0 61.788
497.0 61.922999
498.0 62.102999
499.0 62.275
500.0 62.436
501.0 62.629
502.0 62.816
503.0 62.994
504.0 63.177
505.0 63.392
506.0 63.572
507.0 63.786
508.0 63.978
509.0 64.207
510.0 64.41
511.0 64.598
512.0 64.84
513.0 65.041
514.0 65.253
515.0 65.462
516.0 65.676999
517.0 65.88
518.0 66.116
519.0 66.318
520.0 66.549
521.0 66.747999
522.0 66.964
523.0 67.183
524.0 67.376
525.0 67.58
526.0 67.789999
527.0 67.989999
528.0 68.205
529.0 68.383
530.0 68.574
531.0 68.767
532.0 68.943
533.0 69.121
534.0 69.294
535.0 69.450999
536.0 69.611
537.0 69.769
538.0 69.928
539.0 70.065999
540.0 70.197
541.0 70.316999
542.0 70.459999
543.0 70.577
544.0 70.709
545.0 70.806
546.0 70.911999
547.0 71.024
548.0 71.116999
549.0 71.179999
550.0 71.255
551.0 71.325999
552.0 71.387999
553.0 71.45
554.0 71.505
555.0 71.554
556.0 71.598
557.0 71.634
558.0 71.667999
559.0 71.687
560.0 71.714
561.0 71.736
562.0 71.73
563.0 71.767
564.0 71.756
565.0 71.76
566.0 71.741
567.0 71.72
568.0 71.702
569.0 71.682
570.0 71.667
571.0 71.623
572.0 71.580999
573.0 71.553
574.0 71.504
575.0 71.457
576.0 71.413
577.0 71.348
578.0 71.297
579.0 71.242
580.0 71.184
581.0 71.119
582.0 71.045
583.0 70.976
584.0 70.903
585.0 70.83
586.0 70.753
587.0 70.675
588.0 70.601
589.0 70.517
590.0 70.426
591.0 70.343999
592.0 70.255
593.0 70.174
594.0 70.093999
595.0 70.003
596.0 69.931
597.0 69.843999
598.0 69.753
599.0 69.679
600.0 69.588
601.0 69.53
602.0 69.446
603.0 69.366
604.0 69.279
605.0 69.205
606.0 69.131
607.0 69.065
608.0 68.991
609.0 68.922
610.0 68.847
611.0 68.768
612.0 68.706
613.0 68.639
614.0 68.58
615.0 68.52
616.0 68.458
617.0 68.404
618.0 68.333
619.0 68.282
620.0 68.232
621.0 68.169
622.0 68.13
623.0 68.086
624.0 68.028
625.0 67.986999
626.0 67.953
627.0 67.916
628.0 67.874
629.0 67.835
630.0 67.794
631.0 67.767
632.0 67.742999
633.0 67.718
634.0 67.688999
635.0 67.676999
636.0 67.657
637.0 67.631
638.0 67.613999
639.0 67.61
640.0 67.589999
641.0 67.577
642.0 67.572
643.0 67.569999
644.0 67.56
645.0 67.566
646.0 67.576
647.0 67.564
648.0 67.576
649.0 67.587
650.0 67.596
651.0 67.596999
652.0 67.62
653.0 67.63
654.0 67.643
655.0 67.676
656.0 67.703
657.0 67.715
658.0 67.733
659.0 67.764
660.0 67.798
661.0 67.828999
662.0 67.867999
663.0 67.902
664.0 67.932
665.0 67.971999
666.0 68.012
667.0 68.039
668.0 68.08
669.0 68.113
670.0 68.161
671.0 68.22
672.0 68.256
673.0 68.312
674.0 68.364
675.0 68.415
676.0 68.455
677.0 68.518
678.0 68.586
679.0 68.631
680.0 68.694
681.0 68.752
682.0 68.824
683.0 68.887
684.0 68.985
685.0 69.030999
686.0 69.103
687.0 69.173
688.0 69.232
689.0 69.307
690.0 69.378
691.0 69.445
692.0 69.525
693.0 69.591
694.0 69.661
695.0 69.736
696.0 69.821
697.0 69.886
698.0 69.962
699.0 70.039
700.0 70.128
701.0 70.203
702.0 70.273
703.0 70.366
704.0 70.442
705.0 70.512
706.0 70.595
707.0 70.684
708.0 70.765
709.0 70.848999
710.0 70.926999
711.0 71.025
712.0 71.092
713.0 71.188
714.0 71.27
715.0 71.351
716.0 71.429
717.0 71.52
718.0 71.592
719.0 71.679999
720.0 71.762
721.0 71.852
722.0 71.931
723.0 72.021
724.0 72.104
725.0 72.182999
726.0 72.271
727.0 72.34
728.0 72.426
729.0 72.521
730.0 72.599999
731.0 72.675
732.0 72.765999
733.0 72.83
734.0 72.912
735.0 72.994
736.0 73.066
737.0 73.158999
738.0 73.229999
739.0 73.297
740.0 73.387999
741.0 73.45
742.0 73.52
743.0 73.599
744.0 73.685
745.0 73.741999
746.0 73.828999
747.0 73.892
748.0 73.962
749.0 74.036
750.0 74.102
751.0 74.165
752.0 74.241
753.0 74.3
754.0 74.372
755.0 74.423
756.0 74.495
757.0 74.554
758.0 74.614
759.0 74.673
760.0 74.747
761.0 74.786
762.0 74.855
763.0 74.914999
764.0 74.968
765.0 75.024999
766.0 75.065
767.0 75.13
768.0 75.192
769.0 75.25
770.0 75.29
771.0 75.326
772.0 75.373
773.0 75.399
774.0 75.449999
775.0 75.488
776.0 75.526
777.0 75.556
778.0 75.590999
779.0 75.634
780.0 75.66
781.0 75.697
782.0 75.735
783.0 75.773
784.0 75.815
785.0 75.855999
786.0 75.87
787.0 75.912
788.0 75.928
789.0 75.965999
790.0 75.968999
791.0 76.004
792.0 76.034
793.0 76.05
794.0 76.058
795.0 76.075
796.0 76.117
797.0 76.114999
798.0 76.156
799.0 76.165
800.0 76.184
801.0 76.176
802.0 76.173
803.0 76.2
804.0 76.203
805.0 76.211
806.0 76.227999
807.0 76.234
808.0 76.23
809.0 76.239
810.0 76.232999
811.0 76.232
812.0 76.243
813.0 76.239999
814.0 76.234
815.0 76.232999
816.0 76.231
817.0 76.23
818.0 76.23
819.0 76.212999
820.0 76.207
821.0 76.208
822.0 76.185999
823.0 76.185999
824.0 76.171
825.0 76.173999
826.0 76.141
827.0 76.139
828.0 76.125
829.0 76.102
830.0 76.083
831.0 76.071
832.0 76.051999
833.0 76.048
834.0 76.021
835.0 76.015
836.0 75.968
837.0 75.971
838.0 75.948
839.0 75.931
840.0 75.893999
841.0 75.873
842.0 75.846999
843.0 75.83
844.0 75.779
845.0 75.764
846.0 75.754
847.0 75.714
848.0 75.712
849.0 75.669
850.0 75.624
851.0 75.617999
852.0 75.575999
853.0 75.554
854.0 75.522
855.0 75.488
856.0 75.463
857.0 75.431
858.0 75.397
859.0 75.365
860.0 75.333
861.0 75.312
862.0 75.259
863.0 75.242
864.0 75.207
865.0 75.176
866.0 75.133
867.0 75.104
868.0 75.066999
869.0 75.036
870.0 74.997
871.0 74.955
872.0 74.922
873.0 74.889
874.0 74.846999
875.0 74.826
876.0 74.768
877.0 74.739999
878.0 74.705
879.0 74.673999
880.0 74.642
881.0 74.585
882.0 74.565
883.0 74.527
884.0 74.482
885.0 74.452
886.0 74.399
887.0 74.361999
888.0 74.311
889.0 74.272
890.0 74.239
891.0 74.206
892.0 74.173999
893.0 74.107
894.0 74.093
895.0 74.056999
896.0 74.033
897.0 73.976
898.0 73.929999
899.0 73.908
900.0 73.865
901.0 73.834999
902.0 73.797
903.0 73.718999
904.0 73.702
905.0 73.685
906.0 73.658
907.0 73.621
908.0 73.584999
909.0 73.548999
910.0 73.501
911.0 73.48
912.0 73.44
913.0 73.407
914.0 73.375
915.0 73.331
916.0 73.314
917.0 73.268
918.0 73.236
919.0 73.197999
920.0 73.164
921.0 73.124
922.0 73.084999
923.0 73.060999
924.0 73.03
925.0 72.948
926.0 72.926999
927.0 72.893
928.0 72.889
929.0 72.855999
930.0 72.826
931.0 72.773
932.0 72.765
933.0 72.721
934.0 72.702
935.0 72.654
936.0 72.626
937.0 72.582
938.0 72.56
939.0 72.539
940.0 72.514
941.0 72.471
942.0 72.452
943.0 72.424
944.0 72.384
945.0 72.348999
946.0 72.343999
947.0 72.301
948.0 72.282
949.0 72.249
950.0 72.213
951.0 72.182
952.0 72.172
953.0 72.146
954.0 72.119999
955.0 72.096999
956.0 72.045
957.0 72.031
958.0 72.018
959.0 71.977
960.0 71.965999
961.0 71.938
962.0 71.91
963.0 71.893
964.0 71.875
965.0 71.843999
966.0 71.819
967.0 71.797
968.0 71.794
969.0 71.747
970.0 71.745
971.0 71.713
972.0 71.694999
973.0 71.679999
974.0 71.667
975.0 71.636
976.0 71.618
977.0 71.596
978.0 71.598
979.0 71.587999
980.0 71.536999
981.0 71.517
982.0 71.521999
983.0 71.497999
984.0 71.482
985.0 71.461
986.0 71.449
987.0 71.432
988.0 71.422
989.0 71.399999
990.0 71.377
991.0 71.36
992.0 71.343999
993.0 71.339
994.0 71.316999
995.0 71.308
996.0 71.312
997.0 71.295
998.0 71.272
999.0 71.281
1000.0 71.25
1001.0 71.242999
1002.0 71.249
1003.0 71.242999
1004.0 71.236999
1005.0 71.221999
1006.0 71.217
1007.0 71.221
1008.0 71.205
1009.0 71.209
1010.0 71.2
1011.0 71.181
1012.0 71.188
1013.0 71.175
1014.0 71.184
1015.0 71.162
1016.0 71.184
1017.0 71.164
1018.0 71.147
1019.0 71.161
1020.0 71.149
1021.0 71.15
1022.0 71.148
1023.0 71.143
1024.0 71.14
1025.0 71.134
1026.0 71.158999
1027.0 71.133
1028.0 71.122
1029.0 71.121
1030.0 71.139
1031.0 71.127
1032.0 71.152
1033.0 71.121
1034.0 71.151
1035.0 71.143999
1036.0 71.147
1037.0 71.155
1038.0 71.175999
1039.0 71.155
1040.0 71.147
1041.0 71.170999
1042.0 71.158
1043.0 71.182999
1044.0 71.155999
1045.0 71.155
1046.0 71.189
1047.0 71.167
1048.0 71.19
1049.0 71.186
1050.0 71.197
1051.0 71.196
1052.0 71.206999
1053.0 71.191999
1054.0 71.206999
1055.0 71.248
1056.0 71.259
1057.0 71.268
1058.0 71.253
1059.0 71.288
1060.0 71.301999
1061.0 71.288
1062.0 71.328
1063.0 71.315
1064.0 71.339
1065.0 71.346
1066.0 71.325999
1067.0 71.324
1068.0 71.37
1069.0 71.394
1070.0 71.36
1071.0 71.401
1072.0 71.405
1073.0 71.433
1074.0 71.479
1075.0 71.453999
1076.0 71.473
1077.0 71.458
1078.0 71.479
1079.0 71.528
1080.0 71.541
1081.0 71.584
1082.0 71.595
1083.0 71.634
1084.0 71.587
1085.0 71.607
1086.0 71.63
1087.0 71.636
1088.0 71.627
1089.0 71.682999
1090.0 71.685
1091.0 71.749
1092.0 71.725
1093.0 71.806
1094.0 71.718999
1095.0 71.765999
1096.0 71.763
1097.0 71.8
1098.0 71.847
1099.0 71.843999
1100.0 71.831
