190.0 0.121
191.0 0.068999
192.0 0.029
193.0 0.061
194.0 0.053
195.0 0.078
196.0 0.038
197.0 0.025
198.0 0.039
199.0 0.01
200.0 0.055
201.0 0.006999
202.0 0.021
203.0 0.025
204.0 0.026
205.0 0.027
206.0 0.017
207.0 0.018
208.0 0.016
209.0 0.001
210.0 0.012
211.0 0.04
212.0 0.016
213.0 0.024
214.0 0.034
215.0 0.026
216.0 0.024
217.0 0.019
218.0 0.012
219.0 0.037
220.0 0.017
221.0 0.013
222.0 0.038
223.0 0.018
224.0 0.026
225.0 0.029
226.0 0.016
227.0 0.033
228.0 0.017
229.0 0.018
230.0 0.023
231.0 0.016
232.0 0.023
233.0 0.015
234.0 0.018
235.0 0.037
236.0 0.004
237.0 0.013
238.0 0.009
239.0 0.019
240.0 0.011
241.0 0.011
242.0 0.018
243.0 0.016
244.0 0.013
245.0 0.014
246.0 0.013
247.0 0.021
248.0 0.028
249.0 0.021
250.0 0.018
251.0 0.026
252.0 0.016
253.0 0.015
254.0 0.021
255.0 0.035
256.0 0.026
257.0 0.016
258.0 0.029
259.0 0.034
260.0 0.03
261.0 0.028
262.0 0.028
263.0 0.029
264.0 0.027
265.0 0.028
266.0 0.025
267.0 0.045
268.0 0.044
269.0 0.019
270.0 0.021
271.0 0.037
272.0 0.017
273.0 0.033
274.0 0.042
275.0 0.047
276.0 0.044
277.0 0.021
278.0 0.005
279.0 0.031
280.0 0.032
281.0 0.016
282.0 0.036
283.0 0.096
284.0 0.017
285.0 0.023
286.0 0.041
287.0 0.049
288.0 0.028
289.0 0.037
290.0 0.065
291.0 0.053
292.0 0.047
293.0 0.025
294.0 0.028
295.0 0.043
296.0 0.022
297.0 0.045
298.0 0.03
299.0 0.064
300.0 0.039
301.0 0.032
302.0 0.019
303.0 0.039
304.0 0.012
305.0 0.036
306.0 0.037
307.0 0.063
308.0 0.021
309.0 0.016
310.0 0.053
311.0 0.034
312.0 0.046
313.0 0.059
314.0 0.042
315.0 0.091
316.0 0.064
317.0 0.065
318.0 0.03
319.0 0.064
320.0 0.06
321.0 0.069999
322.0 0.069999
323.0 0.076
324.0 0.08
325.0 0.063
326.0 0.062
327.0 0.064
328.0 0.055
329.0 0.072
330.0 0.061
331.0 0.085999
332.0 0.066
333.0 0.082
334.0 0.086999
335.0 0.074
336.0 0.078
337.0 0.101
338.0 0.09
339.0 0.117
340.0 0.092
341.0 0.123
342.0 0.131
343.0 0.141
344.0 0.149
345.0 0.183
346.0 0.205
347.0 0.241
348.0 0.264
349.0 0.316
350.0 0.377
351.0 0.441
352.0 0.536999
353.0 0.658
354.0 0.822
355.0 1.021
356.0 1.235
357.0 1.543
358.0 1.906
359.0 2.358
360.0 2.912
361.0 3.592
362.0 4.393
363.0 5.329
364.0 6.436
365.0 7.682
366.0 9.078999
367.0 10.617
368.0 12.251
369.0 13.984
370.0 15.789
371.0 17.645
372.0 19.534
373.0 21.42
374.0 23.315
375.0 25.176
376.0 26.978
377.0 28.725
378.0 30.447
379.0 32.123
380.0 33.716
381.0 35.295
382.0 36.814
383.0 38.355
384.0 39.792
385.0 41.034
386.0 42.173
387.0 43.184
388.0 44.111
389.0 44.917
390.0 45.635
391.0 46.254
392.0 46.791
393.0 47.269
394.0 47.654999
395.0 47.989
396.0 48.264
397.0 48.505
398.0 48.715
399.0 48.906
400.0 49.076
401.0 49.208
402.0 49.363
403.0 49.492999
404.0 49.645
405.0 49.806
406.0 49.968
407.0 50.12
408.0 50.304
409.0 50.505
410.0 50.714
411.0 50.954
412.0 51.188
413.0 51.453
414.0 51.755
415.0 52.044999
416.0 52.359
417.0 52.7
418.0 53.044999
419.0 53.396999
420.0 53.75
421.0 54.155
422.0 54.557
423.0 54.942
424.0 55.342
425.0 55.755999
426.0 56.167999
427.0 56.594
428.0 56.988
429.0 57.412
430.0 57.803
431.0 58.2
432.0 58.58
433.0 58.967
434.0 59.338
435.0 59.694
436.0 60.016
437.0 60.354
438.0 60.673999
439.0 60.968
440.0 61.267
441.0 61.533
442.0 61.787
443.0 62.025
444.0 62.234
445.0 62.46
446.0 62.639
447.0 62.795
448.0 62.938
449.0 63.073
450.0 63.174
451.0 63.261999
452.0 63.344
453.0 63.408
454.0 63.437
455.0 63.488
456.0 63.499
457.0 63.487
458.0 63.466
459.0 63.456
460.0 63.413
461.0 63.36
462.0 63.296
463.0 63.243
464.0 63.156
465.0 63.084
466.0 62.994
467.0 62.905999
468.0 62.81
469.0 62.714
470.0 62.619
471.0 62.529999
472.0 62.432
473.0 62.326
474.0 62.251
475.0 62.148
476.0 62.026
477.0 61.952
478.0 61.883999
479.0 61.79
480.0 61.736
481.0 61.649
482.0 61.573
483.0 61.527
484.0 61.468999
485.0 61.427
486.0 61.372
487.0 61.337
488.0 61.319999
489.0 61.304
490.0 61.261
491.0 61.265
492.0 61.265
493.0 61.257
494.0 61.281
495.0 61.295
496.0 61.322
497.0 61.346
498.0 61.392
499.0 61.438
500.0 61.492
501.0 61.553
502.0 61.625
503.0 61.692
504.0 61.781
505.0 61.878
506.0 61.951
507.0 62.065
508.0 62.163
509.0 62.295
510.0 62.411
511.0 62.533
512.0 62.661
513.0 62.799
514.0 62.922999
515.0 63.08
516.0 63.214
517.0 63.371
518.0 63.539
519.0 63.697
520.0 63.873
521.0 64.027999
522.0 64.212
523.0 64.381999
524.0 64.561
525.0 64.742
526.0 64.924
527.0 65.124
528.0 65.307
529.0 65.494
530.0 65.691
531.0 65.877
532.0 66.074
533.0 66.269
534.0 66.462
535.0 66.664
536.0 66.844
537.0 67.033
538.0 67.230999
539.0 67.419
540.0 67.625999
541.0 67.791
542.0 67.988
543.0 68.162
544.0 68.345
545.0 68.529
546.0 68.713
547.0 68.893
548.0 69.059
549.0 69.218999
550.0 69.389
551.0 69.545
552.0 69.682999
553.0 69.846
554.0 69.993
555.0 70.136
556.0 70.287
557.0 70.403
558.0 70.538
559.0 70.661
560.0 70.8
561.0 70.933
562.0 71.032
563.0 71.181
564.0 71.26
565.0 71.371
566.0 71.456
567.0 71.539
568.0 71.631
569.0 71.693
570.0 71.76
571.0 71.826
572.0 71.88
573.0 71.955
574.0 71.986999
575.0 72.048
576.0 72.069
577.0 72.092
578.0 72.13
579.0 72.145
580.0 72.18
581.0 72.194999
582.0 72.196
583.0 72.209
584.0 72.212
585.0 72.221999
586.0 72.226
587.0 72.228
588.0 72.238
589.0 72.22
590.0 72.209999
591.0 72.197
592.0 72.185999
593.0 72.177
594.0 72.148
595.0 72.121
596.0 72.094
597.0 72.063999
598.0 72.018
599.0 71.989999
600.0 71.926
601.0 71.902999
602.0 71.862
603.0 71.803
604.0 71.739
605.0 71.682
606.0 71.631999
607.0 71.569999
608.0 71.521
609.0 71.455
610.0 71.391
611.0 71.324
612.0 71.252
613.0 71.194999
614.0 71.126
615.0 71.06
616.0 70.989999
617.0 70.925
618.0 70.847
619.0 70.775
620.0 70.729
621.0 70.638
622.0 70.575
623.0 70.504
624.0 70.431
625.0 70.364999
626.0 70.312
627.0 70.241
628.0 70.167999
629.0 70.103
630.0 70.045
631.0 69.974999
632.0 69.919
633.0 69.864
634.0 69.797
635.0 69.756
636.0 69.679999
637.0 69.637
638.0 69.591
639.0 69.53
640.0 69.477999
641.0 69.435
642.0 69.375
643.0 69.33
644.0 69.285
645.0 69.242
646.0 69.213
647.0 69.147
648.0 69.131
649.0 69.093999
650.0 69.056
651.0 69.025
652.0 68.994999
653.0 68.961
654.0 68.931
655.0 68.908
656.0 68.889
657.0 68.864999
658.0 68.837999
659.0 68.836
660.0 68.813999
661.0 68.815
662.0 68.785
663.0 68.777
664.0 68.774999
665.0 68.769
666.0 68.754
667.0 68.750999
668.0 68.779
669.0 68.738999
670.0 68.741
671.0 68.742
672.0 68.752
673.0 68.768
674.0 68.774
675.0 68.781
676.0 68.784
677.0 68.813
678.0 68.840999
679.0 68.852
680.0 68.876
681.0 68.874
682.0 68.92
683.0 68.946
684.0 68.996
685.0 69.006999
686.0 69.047
687.0 69.092
688.0 69.121
689.0 69.162
690.0 69.202
691.0 69.239999
692.0 69.277999
693.0 69.327
694.0 69.363
695.0 69.396
696.0 69.466
697.0 69.509
698.0 69.557999
699.0 69.611999
700.0 69.662
701.0 69.703
702.0 69.767
703.0 69.816999
704.0 69.886
705.0 69.935
706.0 69.989999
707.0 70.043
708.0 70.116999
709.0 70.173
710.0 70.242
711.0 70.315
712.0 70.366
713.0 70.435999
714.0 70.496
715.0 70.560999
716.0 70.628
717.0 70.705
718.0 70.767
719.0 70.834
720.0 70.91
721.0 70.977999
722.0 71.048
723.0 71.125
724.0 71.196
725.0 71.275
726.0 71.345
727.0 71.411
728.0 71.489
729.0 71.583
730.0 71.655
731.0 71.725
732.0 71.803
733.0 71.867999
734.0 71.95
735.0 72.032
736.0 72.101
737.0 72.191
738.0 72.273
739.0 72.348
740.0 72.423
741.0 72.492999
742.0 72.575999
743.0 72.661
744.0 72.735
745.0 72.807999
746.0 72.892
747.0 72.962
748.0 73.041
749.0 73.128
750.0 73.201
751.0 73.29
752.0 73.367
753.0 73.441
754.0 73.524999
755.0 73.595999
756.0 73.66
757.0 73.748
758.0 73.824
759.0 73.901
760.0 73.992999
761.0 74.063
762.0 74.121
763.0 74.209999
764.0 74.292
765.0 74.372
766.0 74.428
767.0 74.516
768.0 74.587999
769.0 74.661
770.0 74.739999
771.0 74.797
772.0 74.866
773.0 74.934
774.0 75.005
775.0 75.062
776.0 75.149
777.0 75.217
778.0 75.288
779.0 75.367999
780.0 75.434
781.0 75.502
782.0 75.554
783.0 75.619
784.0 75.661999
785.0 75.736
786.0 75.764
787.0 75.834
788.0 75.905999
789.0 75.98
790.0 76.019
791.0 76.090999
792.0 76.167
793.0 76.202
794.0 76.279
795.0 76.326
796.0 76.387
797.0 76.447
798.0 76.508
799.0 76.572
800.0 76.614
801.0 76.67
802.0 76.69
803.0 76.768
804.0 76.797
805.0 76.875
806.0 76.897
807.0 76.952
808.0 76.995
809.0 77.039
810.0 77.066
811.0 77.112
812.0 77.153
813.0 77.188
814.0 77.236999
815.0 77.262
816.0 77.309
817.0 77.351
818.0 77.376
819.0 77.401
820.0 77.437
821.0 77.456999
822.0 77.486
823.0 77.526
824.0 77.559
825.0 77.575999
826.0 77.593999
827.0 77.63
828.0 77.643
829.0 77.664999
830.0 77.697
831.0 77.703999
832.0 77.730999
833.0 77.749
834.0 77.747999
835.0 77.807
836.0 77.794
837.0 77.821
838.0 77.824
839.0 77.837
840.0 77.849
841.0 77.864
842.0 77.863
843.0 77.878
844.0 77.877
845.0 77.901
846.0 77.905
847.0 77.907
848.0 77.928
849.0 77.926
850.0 77.899
851.0 77.929999
852.0 77.929999
853.0 77.931
854.0 77.916
855.0 77.920999
856.0 77.931
857.0 77.905
858.0 77.916
859.0 77.899
860.0 77.892
861.0 77.916
862.0 77.883
863.0 77.887
864.0 77.874
865.0 77.868
866.0 77.864999
867.0 77.86
868.0 77.834999
869.0 77.842
870.0 77.802
871.0 77.783
872.0 77.783
873.0 77.785
874.0 77.745
875.0 77.762
876.0 77.719
877.0 77.718
878.0 77.703
879.0 77.673
880.0 77.666
881.0 77.649
882.0 77.642
883.0 77.627
884.0 77.593
885.0 77.610999
886.0 77.608999
887.0 77.597
888.0 77.569999
889.0 77.549
890.0 77.525
891.0 77.514
892.0 77.486
893.0 77.455
894.0 77.466
895.0 77.432999
896.0 77.416
897.0 77.401
898.0 77.349
899.0 77.336
900.0 77.288
901.0 77.278
902.0 77.236999
903.0 77.178
904.0 77.185
905.0 77.152
906.0 77.119
907.0 77.084
908.0 77.039999
909.0 77.002
910.0 76.953
911.0 76.926
912.0 76.878
913.0 76.849
914.0 76.802
915.0 76.756
916.0 76.741
917.0 76.699
918.0 76.664
919.0 76.632
920.0 76.608
921.0 76.57
922.0 76.541
923.0 76.522
924.0 76.478
925.0 76.437
926.0 76.390999
927.0 76.374
928.0 76.358
929.0 76.342
930.0 76.322
931.0 76.259999
932.0 76.249
933.0 76.224
934.0 76.199
935.0 76.156
936.0 76.146
937.0 76.095
938.0 76.068
939.0 76.06
940.0 76.018
941.0 75.991
942.0 75.963
943.0 75.914
944.0 75.911
945.0 75.863
946.0 75.846
947.0 75.795999
948.0 75.782
949.0 75.753
950.0 75.704
951.0 75.688
952.0 75.670999
953.0 75.661999
954.0 75.609
955.0 75.573
956.0 75.539999
957.0 75.51
958.0 75.518
959.0 75.476
960.0 75.449999
961.0 75.435
962.0 75.404
963.0 75.366999
964.0 75.348
965.0 75.324
966.0 75.31
967.0 75.261
968.0 75.239999
969.0 75.231
970.0 75.188999
971.0 75.164
972.0 75.141
973.0 75.142
974.0 75.099999
975.0 75.086
976.0 75.048
977.0 75.029
978.0 75.005
979.0 74.985
980.0 74.987
981.0 74.94
982.0 74.953999
983.0 74.955
984.0 74.908
985.0 74.901
986.0 74.869
987.0 74.858
988.0 74.839
989.0 74.809
990.0 74.786
991.0 74.780999
992.0 74.766
993.0 74.696
994.0 74.685
995.0 74.667
996.0 74.665
997.0 74.632
998.0 74.614999
999.0 74.597
1000.0 74.566
1001.0 74.566
1002.0 74.569
1003.0 74.542
1004.0 74.529
1005.0 74.522
1006.0 74.504
1007.0 74.489
1008.0 74.471
1009.0 74.467
1010.0 74.453999
1011.0 74.434
1012.0 74.429
1013.0 74.401
1014.0 74.397
1015.0 74.38
1016.0 74.38
1017.0 74.367999
1018.0 74.357
1019.0 74.336
1020.0 74.333
1021.0 74.302
1022.0 74.303
1023.0 74.288
1024.0 74.268
1025.0 74.243
1026.0 74.268999
1027.0 74.233
1028.0 74.229
1029.0 74.228
1030.0 74.215
1031.0 74.211
1032.0 74.219
1033.0 74.19
1034.0 74.182999
1035.0 74.173
1036.0 74.173999
1037.0 74.17
1038.0 74.176
1039.0 74.155
1040.0 74.17
1041.0 74.155
1042.0 74.143
1043.0 74.155
1044.0 74.127
1045.0 74.13
1046.0 74.119999
1047.0 74.119999
1048.0 74.113
1049.0 74.116
1050.0 74.113
1051.0 74.09
1052.0 74.113
1053.0 74.074
1054.0 74.094
1055.0 74.102999
1056.0 74.075999
1057.0 74.106
1058.0 74.109
1059.0 74.095999
1060.0 74.116
1061.0 74.105
1062.0 74.129
1063.0 74.107999
1064.0 74.134999
1065.0 74.104
1066.0 74.099
1067.0 74.083
1068.0 74.099
1069.0 74.126
1070.0 74.065
1071.0 74.104
1072.0 74.111
1073.0 74.123
1074.0 74.143
1075.0 74.101
1076.0 74.141
1077.0 74.126
1078.0 74.133
1079.0 74.144
1080.0 74.155
1081.0 74.156
1082.0 74.224999
1083.0 74.241999
1084.0 74.184
1085.0 74.185
1086.0 74.223
1087.0 74.241999
1088.0 74.194999
1089.0 74.199
1090.0 74.206999
1091.0 74.226
1092.0 74.258
1093.0 74.325
1094.0 74.233999
1095.0 74.211
1096.0 74.221
1097.0 74.266
1098.0 74.319
1099.0 74.255
1100.0 74.37
