190.0 0.113
191.0 0.127
192.0 0.064
193.0 0.102
194.0 0.073
195.0 0.071
196.0 0.031
197.0 0.031
198.0 0.041
199.0 0.029
200.0 0.039
201.0 0.04
202.0 0.036
203.0 0.055999
204.0 0.028
205.0 0.029
206.0 0.024
207.0 0.031
208.0 0.033
209.0 0.049
210.0 0.031
211.0 0.053
212.0 0.031
213.0 0.042
214.0 0.037
215.0 0.031
216.0 0.022
217.0 0.014
218.0 0.037
219.0 0.035
220.0 0.027
221.0 0.005
222.0 0.032
223.0 0.014
224.0 0.025
225.0 0.021
226.0 0.019
227.0 0.04
228.0 0.021
229.0 0.026
230.0 0.03
231.0 0.017
232.0 0.025
233.0 0.029
234.0 0.015
235.0 0.031
236.0 0.027
237.0 0.016
238.0 0.026
239.0 0.025
240.0 0.021
241.0 0.017
242.0 0.023
243.0 0.034
244.0 0.022
245.0 0.011
246.0 0.02
247.0 0.024
248.0 0.018
249.0 0.022
250.0 0.023
251.0 0.041
252.0 0.033
253.0 0.028
254.0 0.017
255.0 0.025
256.0 0.016
257.0 0.039
258.0 0.037
259.0 0.047
260.0 0.029
261.0 0.029
262.0 0.021
263.0 0.03
264.0 0.011
265.0 0.031
266.0 0.024
267.0 0.057
268.0 0.036
269.0 0.047
270.0 0.043
271.0 0.033
272.0 0.062
273.0 0.038
274.0 0.052
275.0 0.059
276.0 0.033
277.0 0.057
278.0 0.037
279.0 0.03
280.0 0.06
281.0 0.079
282.0 0.034
283.0 0.068999
284.0 0.053
285.0 0.035
286.0 0.055
287.0 0.062
288.0 0.045
289.0 0.055
290.0 0.049
291.0 0.092
292.0 0.044
293.0 0.035
294.0 0.044
295.0 0.054
296.0 0.031
297.0 0.027
298.0 0.038
299.0 0.062
300.0 0.031
301.0 0.045
302.0 0.061
303.0 0.046
304.0 0.032
305.0 0.054
306.0 0.055999
307.0 0.074
308.0 0.063
309.0 0.064
310.0 0.048
311.0 0.047
312.0 0.074
313.0 0.062
314.0 0.051
315.0 0.089
316.0 0.075
317.0 0.079
318.0 0.058
319.0 0.084
320.0 0.084999
321.0 0.084
322.0 0.106
323.0 0.142
324.0 0.074
325.0 0.102
326.0 0.116
327.0 0.117
328.0 0.106
329.0 0.11
330.0 0.109
331.0 0.163
332.0 0.105
333.0 0.13
334.0 0.137
335.0 0.143
336.0 0.145
337.0 0.159
338.0 0.201
339.0 0.208
340.0 0.218
341.0 0.25
342.0 0.285
343.0 0.318
344.0 0.356
345.0 0.413
346.0 0.468
347.0 0.544
348.0 0.634
349.0 0.751
350.0 0.893
351.0 1.065
352.0 1.293
353.0 1.561
354.0 1.891
355.0 2.312
356.0 2.81
357.0 3.418
358.0 4.172
359.0 5.068
360.0 6.129
361.0 7.367
362.0 8.834999
363.0 10.512
364.0 12.381
365.0 14.471
366.0 16.819
367.0 19.388
368.0 22.139
369.0 25.112
370.0 28.154
371.0 31.312
372.0 34.518
373.0 37.669999
374.0 40.806
375.0 43.754
376.0 46.581
377.0 49.164
378.0 51.574
379.0 53.802
380.0 55.703
381.0 57.489999
382.0 58.987
383.0 60.395
384.0 61.606
385.0 62.539
386.0 63.387
387.0 64.056
388.0 64.617
389.0 65.078999
390.0 65.462
391.0 65.803
392.0 66.096999
393.0 66.376
394.0 66.627
395.0 66.89
396.0 67.161
397.0 67.477
398.0 67.78
399.0 68.12
400.0 68.491
401.0 68.881
402.0 69.304
403.0 69.771
404.0 70.276
405.0 70.807
406.0 71.352
407.0 71.941999
408.0 72.568
409.0 73.201
410.0 73.862
411.0 74.52
412.0 75.212999
413.0 75.937
414.0 76.624
415.0 77.357
416.0 78.086
417.0 78.81
418.0 79.532
419.0 80.223
420.0 80.904
421.0 81.581999
422.0 82.223
423.0 82.843
424.0 83.444
425.0 84.019
426.0 84.554
427.0 85.036
428.0 85.517
429.0 85.917
430.0 86.280999
431.0 86.607999
432.0 86.904
433.0 87.116
434.0 87.303
435.0 87.413
436.0 87.548999
437.0 87.566
438.0 87.604
439.0 87.611999
440.0 87.527999
441.0 87.465
442.0 87.343
443.0 87.185999
444.0 87.027
445.0 86.787
446.0 86.56
447.0 86.307999
448.0 86.063999
449.0 85.773
450.0 85.477
451.0 85.143999
452.0 84.86
453.0 84.507
454.0 84.194
455.0 83.822
456.0 83.498
457.0 83.153
458.0 82.831999
459.0 82.499
460.0 82.17
461.0 81.855999
462.0 81.542999
463.0 81.227999
464.0 80.947999
465.0 80.642
466.0 80.369999
467.0 80.117999
468.0 79.86
469.0 79.615
470.0 79.43
471.0 79.241
472.0 79.042
473.0 78.861999
474.0 78.708
475.0 78.559
476.0 78.446
477.0 78.33
478.0 78.262
479.0 78.173
480.0 78.113
481.0 78.095
482.0 78.044
483.0 78.042
484.0 78.039999
485.0 78.066999
486.0 78.086999
487.0 78.144
488.0 78.202
489.0 78.291
490.0 78.373
491.0 78.464999
492.0 78.573
493.0 78.681
494.0 78.829
495.0 79.009
496.0 79.154
497.0 79.313
498.0 79.488
499.0 79.71
500.0 79.881999
501.0 80.091
502.0 80.327
503.0 80.542999
504.0 80.766
505.0 81.032
506.0 81.25
507.0 81.518
508.0 81.765
509.0 82.029
510.0 82.301999
511.0 82.559
512.0 82.839
513.0 83.128999
514.0 83.393
515.0 83.679
516.0 83.961
517.0 84.241
518.0 84.506
519.0 84.809
520.0 85.077
521.0 85.358999
522.0 85.634999
523.0 85.917
524.0 86.176
525.0 86.452
526.0 86.706999
527.0 86.975
528.0 87.209999
529.0 87.455
530.0 87.711
531.0 87.953
532.0 88.173
533.0 88.398
534.0 88.609
535.0 88.810999
536.0 89.007
537.0 89.18
538.0 89.390999
539.0 89.554999
540.0 89.718
541.0 89.868
542.0 89.992
543.0 90.137999
544.0 90.259
545.0 90.392
546.0 90.474
547.0 90.575
548.0 90.637
549.0 90.711
550.0 90.789
551.0 90.803
552.0 90.892
553.0 90.9
554.0 90.922
555.0 90.920999
556.0 90.923
557.0 90.916
558.0 90.89
559.0 90.858999
560.0 90.797
561.0 90.762
562.0 90.714
563.0 90.637
564.0 90.584
565.0 90.475
566.0 90.4
567.0 90.318
568.0 90.211
569.0 90.101
570.0 89.964
571.0 89.839
572.0 89.727
573.0 89.581
574.0 89.431
575.0 89.282
576.0 89.134999
577.0 88.983
578.0 88.814
579.0 88.646
580.0 88.476
581.0 88.299
582.0 88.138
583.0 87.967
584.0 87.787
585.0 87.624
586.0 87.443
587.0 87.275
588.0 87.087999
589.0 86.917
590.0 86.748
591.0 86.568
592.0 86.402999
593.0 86.224999
594.0 86.038
595.0 85.867999
596.0 85.685999
597.0 85.508
598.0 85.328999
599.0 85.162
600.0 84.986999
601.0 84.815
602.0 84.627
603.0 84.455
604.0 84.279
605.0 84.111
606.0 83.935999
607.0 83.767
608.0 83.592
609.0 83.429
610.0 83.261
611.0 83.111999
612.0 82.946
613.0 82.785
614.0 82.631
615.0 82.482
616.0 82.345
617.0 82.198
618.0 82.06
619.0 81.911999
620.0 81.789999
621.0 81.659
622.0 81.518
623.0 81.419
624.0 81.289999
625.0 81.17
626.0 81.059
627.0 80.947999
628.0 80.832
629.0 80.744
630.0 80.637
631.0 80.557999
632.0 80.462
633.0 80.378
634.0 80.293
635.0 80.197
636.0 80.123
637.0 80.049
638.0 79.983
639.0 79.935999
640.0 79.873
641.0 79.810999
642.0 79.745
643.0 79.715999
644.0 79.679
645.0 79.624
646.0 79.58
647.0 79.554999
648.0 79.533
649.0 79.495
650.0 79.471
651.0 79.456
652.0 79.435999
653.0 79.417
654.0 79.4
655.0 79.416
656.0 79.416
657.0 79.408
658.0 79.41
659.0 79.426
660.0 79.423999
661.0 79.437
662.0 79.465
663.0 79.474999
664.0 79.49
665.0 79.511
666.0 79.541
667.0 79.581
668.0 79.596
669.0 79.649
670.0 79.682
671.0 79.722
672.0 79.781
673.0 79.813
674.0 79.874
675.0 79.918
676.0 79.965
677.0 80.015
678.0 80.078
679.0 80.149
680.0 80.197
681.0 80.262999
682.0 80.332
683.0 80.4
684.0 80.469
685.0 80.554
686.0 80.624
687.0 80.705
688.0 80.783
689.0 80.849
690.0 80.947
691.0 81.026
692.0 81.108
693.0 81.197
694.0 81.286
695.0 81.382
696.0 81.467
697.0 81.563
698.0 81.657
699.0 81.754
700.0 81.845
701.0 81.947
702.0 82.042
703.0 82.135
704.0 82.227999
705.0 82.342
706.0 82.446
707.0 82.543
708.0 82.636
709.0 82.738
710.0 82.837
711.0 82.946
712.0 83.044
713.0 83.14
714.0 83.229
715.0 83.351
716.0 83.437
717.0 83.533999
718.0 83.658999
719.0 83.747
720.0 83.848
721.0 83.947
722.0 84.053
723.0 84.155
724.0 84.25
725.0 84.348
726.0 84.441999
727.0 84.567
728.0 84.64
729.0 84.742999
730.0 84.846999
731.0 84.924
732.0 85.027
733.0 85.131
734.0 85.208
735.0 85.302
736.0 85.402
737.0 85.488
738.0 85.577
739.0 85.675
740.0 85.753
741.0 85.838
742.0 85.94
743.0 86.016
744.0 86.089
745.0 86.188
746.0 86.267
747.0 86.328999
748.0 86.413
749.0 86.5
750.0 86.575999
751.0 86.63
752.0 86.712999
753.0 86.773
754.0 86.854
755.0 86.936
756.0 86.996
757.0 87.062
758.0 87.12
759.0 87.178
760.0 87.256
761.0 87.304
762.0 87.367999
763.0 87.404
764.0 87.473
765.0 87.535
766.0 87.585
767.0 87.611999
768.0 87.646
769.0 87.72
770.0 87.738
771.0 87.792
772.0 87.822999
773.0 87.864
774.0 87.908
775.0 87.944
776.0 87.983
777.0 88.023
778.0 88.05
779.0 88.069
780.0 88.122999
781.0 88.146
782.0 88.164
783.0 88.154
784.0 88.179
785.0 88.200999
786.0 88.200999
787.0 88.192
788.0 88.207
789.0 88.251
790.0 88.262
791.0 88.262
792.0 88.293
793.0 88.286
794.0 88.291
795.0 88.292
796.0 88.289
797.0 88.295
798.0 88.293
799.0 88.27
800.0 88.252
801.0 88.273
802.0 88.26
803.0 88.261
804.0 88.242
805.0 88.205
806.0 88.227
807.0 88.212
808.0 88.19
809.0 88.170999
810.0 88.139
811.0 88.127
812.0 88.105999
813.0 88.053
814.0 88.039999
815.0 88.023
816.0 87.977
817.0 87.939
818.0 87.935
819.0 87.887
820.0 87.854
821.0 87.831
822.0 87.785
823.0 87.748
824.0 87.709
825.0 87.673
826.0 87.604
827.0 87.562
828.0 87.527999
829.0 87.479
830.0 87.431
831.0 87.390999
832.0 87.346
833.0 87.292
834.0 87.247
835.0 87.175
836.0 87.14
837.0 87.102
838.0 87.02
839.0 86.968999
840.0 86.917999
841.0 86.861999
842.0 86.8
843.0 86.736
844.0 86.677
845.0 86.619999
846.0 86.560999
847.0 86.512999
848.0 86.434
849.0 86.367
850.0 86.299
851.0 86.241999
852.0 86.196
853.0 86.143
854.0 86.058
855.0 85.987
856.0 85.936
857.0 85.831999
858.0 85.786
859.0 85.715
860.0 85.646999
861.0 85.584
862.0 85.488
863.0 85.434
864.0 85.373
865.0 85.268999
866.0 85.224999
867.0 85.16
868.0 85.084
869.0 85.019
870.0 84.926
871.0 84.869
872.0 84.786
873.0 84.726
874.0 84.643999
875.0 84.563
876.0 84.494
877.0 84.411
878.0 84.347
879.0 84.262
880.0 84.196
881.0 84.122
882.0 84.086
883.0 83.986
884.0 83.923
885.0 83.881
886.0 83.812
887.0 83.74
888.0 83.674
889.0 83.622
890.0 83.535
891.0 83.473
892.0 83.414
893.0 83.334
894.0 83.268
895.0 83.177
896.0 83.134
897.0 83.042
898.0 82.982
899.0 82.891
900.0 82.816
901.0 82.758
902.0 82.687999
903.0 82.616
904.0 82.53
905.0 82.464
906.0 82.414
907.0 82.308
908.0 82.23
909.0 82.152999
910.0 82.069999
911.0 81.973
912.0 81.923
913.0 81.825
914.0 81.765
915.0 81.71
916.0 81.626
917.0 81.552
918.0 81.498
919.0 81.435999
920.0 81.358
921.0 81.305
922.0 81.245
923.0 81.169
924.0 81.133
925.0 81.062
926.0 81.011
927.0 80.928
928.0 80.871
929.0 80.825
930.0 80.765
931.0 80.703
932.0 80.647
933.0 80.583
934.0 80.539
935.0 80.462999
936.0 80.394
937.0 80.375
938.0 80.312
939.0 80.239
940.0 80.197
941.0 80.143
942.0 80.093999
943.0 80.036
944.0 79.983999
945.0 79.939
946.0 79.877
947.0 79.844
948.0 79.77
949.0 79.723
950.0 79.657
951.0 79.59
952.0 79.553
953.0 79.495
954.0 79.459
955.0 79.412
956.0 79.354
957.0 79.31
958.0 79.274999
959.0 79.212999
960.0 79.218
961.0 79.178
962.0 79.127
963.0 79.099
964.0 79.064
965.0 79.026
966.0 78.967
967.0 78.93
968.0 78.896999
969.0 78.845
970.0 78.825
971.0 78.777
972.0 78.752
973.0 78.718
974.0 78.67
975.0 78.642
976.0 78.61
977.0 78.564
978.0 78.534
979.0 78.497
980.0 78.473
981.0 78.442
982.0 78.437
983.0 78.415
984.0 78.396
985.0 78.341
986.0 78.334
987.0 78.295999
988.0 78.279
989.0 78.241
990.0 78.203999
991.0 78.175
992.0 78.18
993.0 78.149
994.0 78.13
995.0 78.093
996.0 78.054
997.0 78.042999
998.0 77.991
999.0 77.971999
1000.0 77.955
1001.0 77.952999
1002.0 77.905999
1003.0 77.897
1004.0 77.896
1005.0 77.877
1006.0 77.848
1007.0 77.84
1008.0 77.842
1009.0 77.817
1010.0 77.789
1011.0 77.771
1012.0 77.755
1013.0 77.726
1014.0 77.732
1015.0 77.712
1016.0 77.697
1017.0 77.699
1018.0 77.671
1019.0 77.679
1020.0 77.652
1021.0 77.664
1022.0 77.637
1023.0 77.62
1024.0 77.568
1025.0 77.558
1026.0 77.551
1027.0 77.55
1028.0 77.527
1029.0 77.532
1030.0 77.53
1031.0 77.517
1032.0 77.52
1033.0 77.519
1034.0 77.539999
1035.0 77.545
1036.0 77.525
1037.0 77.522
1038.0 77.542999
1039.0 77.527999
1040.0 77.514
1041.0 77.527999
1042.0 77.502
1043.0 77.509
1044.0 77.541
1045.0 77.512
1046.0 77.502
1047.0 77.53
1048.0 77.515
1049.0 77.523
1050.0 77.545
1051.0 77.517
1052.0 77.546
1053.0 77.529
1054.0 77.537
1055.0 77.52
1056.0 77.535
1057.0 77.556
1058.0 77.598999
1059.0 77.569
1060.0 77.586
1061.0 77.566999
1062.0 77.584
1063.0 77.628
1064.0 77.605
1065.0 77.608
1066.0 77.657
1067.0 77.643
1068.0 77.6
1069.0 77.657
1070.0 77.655
1071.0 77.661
1072.0 77.661999
1073.0 77.645
1074.0 77.671
1075.0 77.673
1076.0 77.688
1077.0 77.671
1078.0 77.747999
1079.0 77.723
1080.0 77.720999
1081.0 77.764
1082.0 77.83
1083.0 77.795
1084.0 77.834
1085.0 77.892
1086.0 77.861999
1087.0 77.944
1088.0 77.923
1089.0 77.903
1090.0 77.924
1091.0 77.961
1092.0 77.955
1093.0 77.932
1094.0 78.056
1095.0 78.02
1096.0 78.066
1097.0 78.049
1098.0 78.054999
1099.0 78.144
1100.0 78.066
