190.0 0.029
191.0 0.108
192.0 0.029
193.0 0.063
194.0 0.057
195.0 0.048
196.0 0.036
197.0 0.011
198.0 0.033
199.0 0.017
200.0 0.02
201.0 0.021
202.0 0.034
203.0 0.027
204.0 0.014
205.0 0.019
206.0 0.022
207.0 0.022
208.0 0.0
209.0 0.026
210.0 0.023
211.0 0.034
212.0 0.029
213.0 0.021
214.0 0.023
215.0 0.026
216.0 0.026
217.0 0.011
218.0 0.005
219.0 0.03
220.0 0.02
221.0 0.006999
222.0 0.021
223.0 -0.004
224.0 0.016
225.0 0.009
226.0 0.003
227.0 0.021
228.0 0.009
229.0 0.014
230.0 0.011
231.0 0.015
232.0 0.006999
233.0 0.008
234.0 0.02
235.0 0.021
236.0 0.001
237.0 0.006999
238.0 0.005
239.0 0.0
240.0 0.004
241.0 0.008
242.0 0.005
243.0 0.034
244.0 0.003
245.0 0.005
246.0 0.001
247.0 0.015
248.0 0.01
249.0 0.015
250.0 0.01
251.0 0.026
252.0 0.011
253.0 0.016
254.0 0.011
255.0 -0.005
256.0 0.013
257.0 0.002
258.0 0.017
259.0 0.03
260.0 0.009
261.0 0.012
262.0 0.012
263.0 0.016
264.0 0.012
265.0 0.014
266.0 0.017
267.0 0.01
268.0 0.036
269.0 0.024
270.0 0.011
271.0 0.006999
272.0 0.0
273.0 0.008
274.0 0.024
275.0 0.051
276.0 0.008
277.0 0.004
278.0 0.017
279.0 0.015
280.0 0.008
281.0 0.027
282.0 0.029
283.0 0.053
284.0 0.024
285.0 0.027
286.0 0.033
287.0 0.015
288.0 0.02
289.0 0.014
290.0 0.006999
291.0 0.053
292.0 0.022
293.0 0.014
294.0 -0.005
295.0 0.032
296.0 0.038
297.0 -0.006999
298.0 0.017
299.0 0.039
300.0 0.027
301.0 -0.002
302.0 0.002
303.0 0.05
304.0 0.008
305.0 0.026
306.0 0.023
307.0 0.064
308.0 0.006
309.0 0.013
310.0 0.042
311.0 0.003
312.0 0.033
313.0 0.015
314.0 0.014
315.0 0.052
316.0 0.03
317.0 0.04
318.0 0.016
319.0 0.011
320.0 0.045
321.0 0.04
322.0 0.06
323.0 0.059
324.0 0.045
325.0 0.024
326.0 0.014
327.0 0.05
328.0 0.067
329.0 0.049
330.0 0.052
331.0 0.065
332.0 0.057
333.0 0.055999
334.0 0.031
335.0 0.063
336.0 0.057
337.0 0.059
338.0 0.051
339.0 0.084999
340.0 0.074
341.0 0.067
342.0 0.068
343.0 0.082
344.0 0.093
345.0 0.108
346.0 0.133
347.0 0.151
348.0 0.173
349.0 0.201
350.0 0.236
351.0 0.299
352.0 0.37
353.0 0.448
354.0 0.561
355.0 0.71
356.0 0.876
357.0 1.099
358.0 1.377
359.0 1.724
360.0 2.151
361.0 2.69
362.0 3.329
363.0 4.097
364.0 5.01
365.0 6.064
366.0 7.28
367.0 8.620999
368.0 10.082
369.0 11.677
370.0 13.299
371.0 14.965
372.0 16.597
373.0 18.18
374.0 19.661
375.0 21.005
376.0 22.234
377.0 23.381
378.0 24.397
379.0 25.393
380.0 26.324
381.0 27.23
382.0 28.132
383.0 29.031
384.0 29.973
385.0 30.858
386.0 31.743
387.0 32.631
388.0 33.516
389.0 34.416999
390.0 35.325
391.0 36.227
392.0 37.127
393.0 38.039
394.0 38.92
395.0 39.792
396.0 40.621
397.0 41.445
398.0 42.226
399.0 42.979
400.0 43.673
401.0 44.313
402.0 44.916
403.0 45.454
404.0 45.938
405.0 46.353
406.0 46.727999
407.0 47.015
408.0 47.262
409.0 47.454
410.0 47.621
411.0 47.73
412.0 47.8
413.0 47.841
414.0 47.851
415.0 47.834
416.0 47.787
417.0 47.731
418.0 47.675
419.0 47.597
420.0 47.497
421.0 47.398
422.0 47.309
423.0 47.22
424.0 47.148
425.0 47.097
426.0 47.012
427.0 46.972
428.0 46.932
429.0 46.895
430.0 46.877
431.0 46.867999
432.0 46.891
433.0 46.902
434.0 46.961
435.0 47.01
436.0 47.087
437.0 47.179
438.0 47.272
439.0 47.394
440.0 47.546
441.0 47.697
442.0 47.873
443.0 48.064
444.0 48.253
445.0 48.478
446.0 48.705
447.0 48.949
448.0 49.206
449.0 49.467
450.0 49.72
451.0 50.009
452.0 50.295
453.0 50.586
454.0 50.873
455.0 51.185
456.0 51.491
457.0 51.776999
458.0 52.1
459.0 52.413
460.0 52.71
461.0 53.016
462.0 53.318
463.0 53.608999
464.0 53.886999
465.0 54.172
466.0 54.433
467.0 54.7
468.0 54.94
469.0 55.175
470.0 55.409
471.0 55.637
472.0 55.82
473.0 56.035999
474.0 56.209
475.0 56.377999
476.0 56.513
477.0 56.665
478.0 56.788
479.0 56.896
480.0 57.002
481.0 57.09
482.0 57.168
483.0 57.23
484.0 57.278
485.0 57.321
486.0 57.351
487.0 57.365999
488.0 57.392
489.0 57.4
490.0 57.372
491.0 57.365999
492.0 57.340999
493.0 57.285
494.0 57.263
495.0 57.214
496.0 57.158
497.0 57.08
498.0 57.021
499.0 56.967
500.0 56.894
501.0 56.806
502.0 56.735
503.0 56.659
504.0 56.576
505.0 56.499
506.0 56.392
507.0 56.315
508.0 56.227
509.0 56.167
510.0 56.061
511.0 55.983
512.0 55.93
513.0 55.838
514.0 55.766
515.0 55.679999
516.0 55.6
517.0 55.54
518.0 55.489
519.0 55.433
520.0 55.388
521.0 55.33
522.0 55.298
523.0 55.254
524.0 55.21
525.0 55.201
526.0 55.161
527.0 55.15
528.0 55.131
529.0 55.123
530.0 55.117
531.0 55.123
532.0 55.133
533.0 55.156
534.0 55.165
535.0 55.194
536.0 55.211
537.0 55.244
538.0 55.282
539.0 55.321
540.0 55.383
541.0 55.423999
542.0 55.481
543.0 55.544
544.0 55.619
545.0 55.699
546.0 55.787
547.0 55.876
548.0 55.972999
549.0 56.06
550.0 56.163
551.0 56.263
552.0 56.366
553.0 56.472
554.0 56.588
555.0 56.718
556.0 56.847
557.0 56.966
558.0 57.096999
559.0 57.217
560.0 57.365999
561.0 57.509
562.0 57.642
563.0 57.794
564.0 57.932
565.0 58.089
566.0 58.235
567.0 58.388
568.0 58.535
569.0 58.691
570.0 58.841
571.0 59.012
572.0 59.169
573.0 59.331
574.0 59.489
575.0 59.66
576.0 59.828
577.0 59.99
578.0 60.152
579.0 60.316
580.0 60.475
581.0 60.643
582.0 60.785999
583.0 60.939
584.0 61.086
585.0 61.229
586.0 61.368999
587.0 61.495
588.0 61.633
589.0 61.759
590.0 61.863
591.0 61.991
592.0 62.109
593.0 62.229
594.0 62.344
595.0 62.458
596.0 62.581
597.0 62.688
598.0 62.782
599.0 62.905
600.0 63.005
601.0 63.115
602.0 63.215
603.0 63.321
604.0 63.405
605.0 63.505999
606.0 63.605
607.0 63.69
608.0 63.776999
609.0 63.859
610.0 63.941
611.0 64.005
612.0 64.081999
613.0 64.153
614.0 64.215999
615.0 64.287
616.0 64.336
617.0 64.386
618.0 64.443
619.0 64.480999
620.0 64.537
621.0 64.553
622.0 64.602999
623.0 64.632
624.0 64.657
625.0 64.683
626.0 64.726
627.0 64.73
628.0 64.752
629.0 64.759
630.0 64.765
631.0 64.766
632.0 64.783
633.0 64.777
634.0 64.771999
635.0 64.779
636.0 64.757
637.0 64.753
638.0 64.752
639.0 64.727999
640.0 64.714
641.0 64.685
642.0 64.667
643.0 64.643
644.0 64.614999
645.0 64.583
646.0 64.565
647.0 64.508
648.0 64.492
649.0 64.452
650.0 64.426
651.0 64.375
652.0 64.337
653.0 64.298
654.0 64.262
655.0 64.202
656.0 64.181
657.0 64.114
658.0 64.072
659.0 64.022
660.0 63.974
661.0 63.914
662.0 63.87
663.0 63.819
664.0 63.778
665.0 63.718
666.0 63.67
667.0 63.615
668.0 63.584
669.0 63.519
670.0 63.473
671.0 63.427
672.0 63.375
673.0 63.314
674.0 63.26
675.0 63.217
676.0 63.171
677.0 63.114
678.0 63.071
679.0 63.004
680.0 62.962
681.0 62.902
682.0 62.873
683.0 62.819
684.0 62.824
685.0 62.765
686.0 62.733
687.0 62.692
688.0 62.644
689.0 62.592
690.0 62.565
691.0 62.504
692.0 62.466
693.0 62.433
694.0 62.385
695.0 62.344999
696.0 62.325
697.0 62.276
698.0 62.246
699.0 62.207
700.0 62.182
701.0 62.138
702.0 62.108
703.0 62.092
704.0 62.053
705.0 62.023
706.0 61.999
707.0 61.978999
708.0 61.952
709.0 61.922999
710.0 61.913
711.0 61.888
712.0 61.858
713.0 61.854
714.0 61.834
715.0 61.819
716.0 61.806
717.0 61.802
718.0 61.777
719.0 61.771
720.0 61.759
721.0 61.753
722.0 61.745
723.0 61.751
724.0 61.736
725.0 61.736
726.0 61.741
727.0 61.717
728.0 61.73
729.0 61.739
730.0 61.747
731.0 61.748
732.0 61.756
733.0 61.761
734.0 61.769
735.0 61.793
736.0 61.788
737.0 61.806
738.0 61.822
739.0 61.825
740.0 61.856
741.0 61.863
742.0 61.89
743.0 61.905
744.0 61.924
745.0 61.955
746.0 61.973
747.0 62.002
748.0 62.029
749.0 62.057
750.0 62.081
751.0 62.107
752.0 62.144
753.0 62.169
754.0 62.208
755.0 62.235
756.0 62.268
757.0 62.297
758.0 62.346
759.0 62.393
760.0 62.44
761.0 62.466
762.0 62.511
763.0 62.549
764.0 62.602999
765.0 62.649999
766.0 62.694
767.0 62.761999
768.0 62.810999
769.0 62.869
770.0 62.916
771.0 62.967
772.0 63.013
773.0 63.05
774.0 63.101
775.0 63.13
776.0 63.175
777.0 63.21
778.0 63.242
779.0 63.279
780.0 63.332
781.0 63.393
782.0 63.468999
783.0 63.528
784.0 63.602
785.0 63.675
786.0 63.727
787.0 63.791
788.0 63.845
789.0 63.909
790.0 63.941
791.0 64.012999
792.0 64.063999
793.0 64.112
794.0 64.187
795.0 64.263
796.0 64.33
797.0 64.378999
798.0 64.453999
799.0 64.51
800.0 64.577
801.0 64.633
802.0 64.668
803.0 64.742
804.0 64.798
805.0 64.864999
806.0 64.935
807.0 64.986
808.0 65.056
809.0 65.110999
810.0 65.161999
811.0 65.229
812.0 65.303
813.0 65.353
814.0 65.427
815.0 65.479
816.0 65.547
817.0 65.63
818.0 65.672
819.0 65.733
820.0 65.801
821.0 65.852999
822.0 65.925
823.0 65.979
824.0 66.038
825.0 66.095
826.0 66.163
827.0 66.232
828.0 66.292
829.0 66.345
830.0 66.423
831.0 66.456999
832.0 66.52
833.0 66.578
834.0 66.635
835.0 66.705
836.0 66.739
837.0 66.809
838.0 66.855
839.0 66.908
840.0 66.966
841.0 67.024
842.0 67.089
843.0 67.134
844.0 67.193
845.0 67.239999
846.0 67.289
847.0 67.345999
848.0 67.408
849.0 67.442
850.0 67.474
851.0 67.568
852.0 67.589999
853.0 67.651
854.0 67.691999
855.0 67.75
856.0 67.784
857.0 67.845
858.0 67.884
859.0 67.918
860.0 67.974
861.0 68.015
862.0 68.057
863.0 68.096
864.0 68.138
865.0 68.185
866.0 68.211999
867.0 68.271
868.0 68.298999
869.0 68.343
870.0 68.364999
871.0 68.394
872.0 68.442
873.0 68.483
874.0 68.524
875.0 68.556
876.0 68.579
877.0 68.625
878.0 68.657
879.0 68.684
880.0 68.721
881.0 68.746
882.0 68.78
883.0 68.798999
884.0 68.811
885.0 68.818
886.0 68.822
887.0 68.852999
888.0 68.882
889.0 68.882
890.0 68.911
891.0 68.925
892.0 68.943
893.0 68.952
894.0 68.976
895.0 68.982
896.0 69.033999
897.0 69.026
898.0 69.042999
899.0 69.060999
900.0 69.074
901.0 69.092
902.0 69.115
903.0 69.111999
904.0 69.140999
905.0 69.164999
906.0 69.19
907.0 69.232
908.0 69.244
909.0 69.276
910.0 69.292
911.0 69.316
912.0 69.333999
913.0 69.357
914.0 69.361999
915.0 69.367999
916.0 69.392
917.0 69.384
918.0 69.396
919.0 69.399999
920.0 69.411999
921.0 69.408
922.0 69.388
923.0 69.389
924.0 69.382
925.0 69.354
926.0 69.374
927.0 69.37
928.0 69.388
929.0 69.376
930.0 69.375
931.0 69.337
932.0 69.355999
933.0 69.355
934.0 69.352
935.0 69.340999
936.0 69.34
937.0 69.325
938.0 69.324
939.0 69.319
940.0 69.321999
941.0 69.304
942.0 69.286
943.0 69.269
944.0 69.284
945.0 69.26
946.0 69.262999
947.0 69.250999
948.0 69.252
949.0 69.215999
950.0 69.208
951.0 69.194999
952.0 69.208
953.0 69.182
954.0 69.164999
955.0 69.162
956.0 69.134
957.0 69.113
958.0 69.123
959.0 69.093
960.0 69.072
961.0 69.068
962.0 69.06
963.0 69.026
964.0 69.026
965.0 69.02
966.0 68.986
967.0 68.983
968.0 68.947999
969.0 68.928
970.0 68.918
971.0 68.894
972.0 68.881
973.0 68.872
974.0 68.847
975.0 68.837
976.0 68.792
977.0 68.786999
978.0 68.761
979.0 68.737
980.0 68.727
981.0 68.688
982.0 68.685
983.0 68.646
984.0 68.601999
985.0 68.589999
986.0 68.559
987.0 68.535
988.0 68.508
989.0 68.479
990.0 68.464
991.0 68.447
992.0 68.41
993.0 68.396999
994.0 68.367
995.0 68.359
996.0 68.337
997.0 68.319
998.0 68.296
999.0 68.281
1000.0 68.247999
1001.0 68.242
1002.0 68.218
1003.0 68.209
1004.0 68.169
1005.0 68.152999
1006.0 68.137
1007.0 68.111999
1008.0 68.093
1009.0 68.077
1010.0 68.053
1011.0 68.036
1012.0 68.008
1013.0 67.997
1014.0 67.967999
1015.0 67.95
1016.0 67.939
1017.0 67.908999
1018.0 67.893
1019.0 67.856
1020.0 67.86
1021.0 67.819
1022.0 67.809
1023.0 67.793
1024.0 67.766
1025.0 67.725
1026.0 67.73
1027.0 67.693
1028.0 67.667
1029.0 67.664
1030.0 67.632
1031.0 67.62
1032.0 67.605999
1033.0 67.568
1034.0 67.565
1035.0 67.529
1036.0 67.517
1037.0 67.522
1038.0 67.501
1039.0 67.462
1040.0 67.447
1041.0 67.44
1042.0 67.4
1043.0 67.361999
1044.0 67.371
1045.0 67.333
1046.0 67.32
1047.0 67.291
1048.0 67.29
1049.0 67.304
1050.0 67.265
1051.0 67.249
1052.0 67.215999
1053.0 67.191999
1054.0 67.175
1055.0 67.169
1056.0 67.148
1057.0 67.163
1058.0 67.136
1059.0 67.125999
1060.0 67.087
1061.0 67.087
1062.0 67.098
1063.0 67.039
1064.0 67.044
1065.0 66.986
1066.0 66.974999
1067.0 66.967
1068.0 66.993
1069.0 66.956
1070.0 66.947
1071.0 66.919
1072.0 66.903
1073.0 66.92
1074.0 66.926
1075.0 66.881
1076.0 66.864
1077.0 66.825999
1078.0 66.845
1079.0 66.846999
1080.0 66.837
1081.0 66.798
1082.0 66.855
1083.0 66.861999
1084.0 66.759999
1085.0 66.769
1086.0 66.741
1087.0 66.735
1088.0 66.685
1089.0 66.685
1090.0 66.698
1091.0 66.700999
1092.0 66.695
1093.0 66.659
1094.0 66.608999
1095.0 66.657
1096.0 66.611
1097.0 66.684
1098.0 66.628
1099.0 66.569999
1100.0 66.66
