190.0 0.055
191.0 0.116
192.0 0.035
193.0 0.045
194.0 0.053
195.0 0.099
196.0 0.034
197.0 0.046
198.0 0.023
199.0 0.037
200.0 0.027
201.0 0.017
202.0 0.045
203.0 0.053
204.0 0.026
205.0 0.027
206.0 0.014
207.0 0.023
208.0 0.027
209.0 0.024
210.0 0.016
211.0 0.033
212.0 0.013
213.0 0.03
214.0 0.025
215.0 0.024
216.0 0.026
217.0 0.029
218.0 0.028
219.0 0.032
220.0 0.033
221.0 0.024
222.0 0.012
223.0 0.034
224.0 0.023
225.0 0.021
226.0 0.006
227.0 0.03
228.0 0.023
229.0 0.006
230.0 0.019
231.0 0.02
232.0 0.016
233.0 0.011
234.0 0.016
235.0 0.027
236.0 0.018
237.0 0.016
238.0 0.011
239.0 0.016
240.0 0.012
241.0 0.01
242.0 0.022
243.0 0.022
244.0 0.003
245.0 0.01
246.0 0.012
247.0 0.025
248.0 0.017
249.0 0.025
250.0 0.016
251.0 0.052
252.0 0.021
253.0 0.016
254.0 0.006
255.0 0.03
256.0 0.022
257.0 0.025
258.0 0.021
259.0 0.05
260.0 0.021
261.0 0.028
262.0 0.028
263.0 0.033
264.0 0.034
265.0 0.025
266.0 0.022
267.0 0.064
268.0 0.032
269.0 0.023
270.0 0.023
271.0 0.01
272.0 0.057
273.0 0.031
274.0 0.032
275.0 0.037
276.0 0.039
277.0 0.023
278.0 0.05
279.0 0.019
280.0 0.031
281.0 0.03
282.0 0.034
283.0 0.06
284.0 0.03
285.0 0.043
286.0 0.026
287.0 0.035
288.0 0.032
289.0 0.028
290.0 0.063
291.0 0.045
292.0 0.054
293.0 0.034
294.0 0.029
295.0 0.062
296.0 0.052
297.0 0.028
298.0 0.055999
299.0 0.083
300.0 0.046
301.0 0.024
302.0 0.042
303.0 0.067
304.0 0.05
305.0 0.048
306.0 0.052
307.0 0.092
308.0 0.068999
309.0 0.071
310.0 0.062
311.0 0.06
312.0 0.1
313.0 0.116
314.0 0.118
315.0 0.123
316.0 0.161
317.0 0.147
318.0 0.144
319.0 0.182
320.0 0.156
321.0 0.185
322.0 0.146
323.0 0.216
324.0 0.237
325.0 0.225
326.0 0.231
327.0 0.282
328.0 0.256
329.0 0.293
330.0 0.318
331.0 0.313
332.0 0.312
333.0 0.309
334.0 0.295
335.0 0.33
336.0 0.337
337.0 0.321
338.0 0.354
339.0 0.378
340.0 0.375
341.0 0.39
342.0 0.393
343.0 0.408
344.0 0.432999
345.0 0.437
346.0 0.469
347.0 0.504
348.0 0.51
349.0 0.54
350.0 0.566
351.0 0.629
352.0 0.661
353.0 0.733
354.0 0.809999
355.0 0.907999
356.0 1.014
357.0 1.161
358.0 1.327
359.0 1.557
360.0 1.835
361.0 2.191
362.0 2.638
363.0 3.215
364.0 3.916
365.0 4.8
366.0 5.918
367.0 7.3
368.0 8.984999
369.0 10.957
370.0 13.243
371.0 15.834
372.0 18.694
373.0 21.782
374.0 25.052
375.0 28.374
376.0 31.696
377.0 34.944
378.0 38.089
379.0 41.005
380.0 43.675999
381.0 46.134
382.0 48.346
383.0 50.467
384.0 52.377
385.0 54.014
386.0 55.482
387.0 56.824
388.0 58.050999
389.0 59.203
390.0 60.28
391.0 61.312
392.0 62.29
393.0 63.278
394.0 64.217
395.0 65.185999
396.0 66.143
397.0 67.12
398.0 68.063
399.0 69.041
400.0 70.027
401.0 70.976
402.0 71.958
403.0 72.929999
404.0 73.869
405.0 74.836
406.0 75.763
407.0 76.709999
408.0 77.592
409.0 78.452
410.0 79.313
411.0 80.125999
412.0 80.892
413.0 81.626
414.0 82.306
415.0 82.964
416.0 83.581999
417.0 84.151
418.0 84.619999
419.0 85.11
420.0 85.489999
421.0 85.762
422.0 86.002
423.0 86.226
424.0 86.462
425.0 86.623
426.0 86.685999
427.0 86.78
428.0 86.756
429.0 86.702
430.0 86.617999
431.0 86.496
432.0 86.355
433.0 86.178999
434.0 85.917
435.0 85.692
436.0 85.453999
437.0 85.143
438.0 84.863
439.0 84.575999
440.0 84.277
441.0 83.992999
442.0 83.667999
443.0 83.36
444.0 83.123
445.0 82.787
446.0 82.517
447.0 82.254
448.0 81.993
449.0 81.702
450.0 81.455
451.0 81.239999
452.0 81.006
453.0 80.759
454.0 80.571
455.0 80.334
456.0 80.143
457.0 79.968999
458.0 79.798999
459.0 79.675
460.0 79.51
461.0 79.369999
462.0 79.29
463.0 79.195
464.0 79.111
465.0 79.013
466.0 78.968
467.0 78.940999
468.0 78.903
469.0 78.884
470.0 78.854
471.0 78.856
472.0 78.893
473.0 78.932999
474.0 78.952999
475.0 78.999
476.0 79.092
477.0 79.16
478.0 79.262999
479.0 79.364
480.0 79.497
481.0 79.623
482.0 79.767
483.0 79.918
484.0 80.108
485.0 80.273
486.0 80.467999
487.0 80.632
488.0 80.875
489.0 81.067
490.0 81.3
491.0 81.515
492.0 81.75
493.0 81.967
494.0 82.237
495.0 82.471
496.0 82.726
497.0 82.958
498.0 83.248
499.0 83.489999
500.0 83.756
501.0 84.027
502.0 84.283
503.0 84.55
504.0 84.821
505.0 85.086
506.0 85.321
507.0 85.586
508.0 85.839
509.0 86.075
510.0 86.319999
511.0 86.556999
512.0 86.8
513.0 87.051999
514.0 87.252
515.0 87.480999
516.0 87.669
517.0 87.904
518.0 88.097
519.0 88.309
520.0 88.461999
521.0 88.664
522.0 88.822
523.0 88.980999
524.0 89.137
525.0 89.285
526.0 89.402
527.0 89.512
528.0 89.642
529.0 89.727
530.0 89.844
531.0 89.913
532.0 89.982
533.0 90.039999
534.0 90.117999
535.0 90.153
536.0 90.199
537.0 90.230999
538.0 90.234
539.0 90.274
540.0 90.271
541.0 90.245
542.0 90.259
543.0 90.214
544.0 90.2
545.0 90.187
546.0 90.105999
547.0 90.096
548.0 90.014
549.0 89.947
550.0 89.871
551.0 89.798999
552.0 89.688
553.0 89.614
554.0 89.513
555.0 89.407
556.0 89.310999
557.0 89.195
558.0 89.068
559.0 88.936
560.0 88.744
561.0 88.63
562.0 88.48
563.0 88.372
564.0 88.22
565.0 88.055
566.0 87.921
567.0 87.797
568.0 87.633
569.0 87.491
570.0 87.338
571.0 87.205999
572.0 87.055
573.0 86.901
574.0 86.765
575.0 86.616
576.0 86.473
577.0 86.321
578.0 86.157
579.0 86.017
580.0 85.851
581.0 85.673
582.0 85.509999
583.0 85.342
584.0 85.15
585.0 84.949
586.0 84.751
587.0 84.542
588.0 84.338
589.0 84.129
590.0 83.919999
591.0 83.706999
592.0 83.538
593.0 83.35
594.0 83.161
595.0 83.008
596.0 82.827
597.0 82.675
598.0 82.505
599.0 82.363
600.0 82.226999
601.0 82.095
602.0 81.959
603.0 81.836
604.0 81.727999
605.0 81.576
606.0 81.489999
607.0 81.372999
608.0 81.268
609.0 81.159
610.0 81.062
611.0 80.976
612.0 80.867999
613.0 80.781
614.0 80.697
615.0 80.625
616.0 80.55
617.0 80.476
618.0 80.394
619.0 80.322
620.0 80.246
621.0 80.199
622.0 80.132
623.0 80.081
624.0 80.029
625.0 79.971999
626.0 79.935
627.0 79.893
628.0 79.842
629.0 79.816
630.0 79.781
631.0 79.742
632.0 79.726
633.0 79.703999
634.0 79.684
635.0 79.663
636.0 79.64
637.0 79.623
638.0 79.627
639.0 79.625999
640.0 79.623
641.0 79.615
642.0 79.617999
643.0 79.637
644.0 79.642
645.0 79.644
646.0 79.655
647.0 79.664
648.0 79.684
649.0 79.717
650.0 79.745
651.0 79.756
652.0 79.796
653.0 79.815
654.0 79.845
655.0 79.89
656.0 79.917
657.0 79.959999
658.0 79.991999
659.0 80.041
660.0 80.076
661.0 80.108
662.0 80.166
663.0 80.208
664.0 80.279
665.0 80.345
666.0 80.366
667.0 80.435999
668.0 80.511
669.0 80.545999
670.0 80.611999
671.0 80.681
672.0 80.735
673.0 80.813
674.0 80.855
675.0 80.927
676.0 81.003
677.0 81.077999
678.0 81.128
679.0 81.206999
680.0 81.276
681.0 81.349999
682.0 81.388
683.0 81.491
684.0 81.622
685.0 81.741
686.0 81.808
687.0 81.876
688.0 81.947
689.0 82.036
690.0 82.104999
691.0 82.178
692.0 82.25
693.0 82.337
694.0 82.42
695.0 82.489999
696.0 82.578
697.0 82.643
698.0 82.726
699.0 82.809
700.0 82.875
701.0 82.97
702.0 83.043
703.0 83.124
704.0 83.202
705.0 83.287
706.0 83.357
707.0 83.431
708.0 83.524
709.0 83.584999
710.0 83.654
711.0 83.73
712.0 83.81
713.0 83.875999
714.0 83.953
715.0 84.023
716.0 84.089
717.0 84.158999
718.0 84.255
719.0 84.312
720.0 84.387
721.0 84.447
722.0 84.518
723.0 84.567
724.0 84.639
725.0 84.699
726.0 84.758
727.0 84.83
728.0 84.886
729.0 84.948
730.0 85.007
731.0 85.068
732.0 85.121
733.0 85.165
734.0 85.226
735.0 85.276
736.0 85.316
737.0 85.367
738.0 85.418
739.0 85.462
740.0 85.515
741.0 85.533
742.0 85.577
743.0 85.637
744.0 85.665
745.0 85.715
746.0 85.733
747.0 85.786
748.0 85.807
749.0 85.822
750.0 85.871
751.0 85.895
752.0 85.924
753.0 85.950999
754.0 85.958
755.0 85.997
756.0 85.992999
757.0 86.024
758.0 86.044
759.0 86.062
760.0 86.068999
761.0 86.079
762.0 86.102999
763.0 86.105
764.0 86.126
765.0 86.13
766.0 86.119
767.0 86.14
768.0 86.143
769.0 86.157
770.0 86.144
771.0 86.162
772.0 86.16
773.0 86.13
774.0 86.082
775.0 86.077
776.0 86.023
777.0 85.995
778.0 85.914999
779.0 85.848
780.0 85.804999
781.0 85.807
782.0 85.816999
783.0 85.854
784.0 85.887999
785.0 85.914
786.0 85.919
787.0 85.885
788.0 85.846
789.0 85.827
790.0 85.77
791.0 85.745
792.0 85.701
793.0 85.653
794.0 85.64
795.0 85.636
796.0 85.59
797.0 85.548
798.0 85.477999
799.0 85.432
800.0 85.41
801.0 85.339
802.0 85.277
803.0 85.236999
804.0 85.187
805.0 85.142
806.0 85.094
807.0 85.026
808.0 84.985999
809.0 84.935
810.0 84.875999
811.0 84.813
812.0 84.75
813.0 84.708
814.0 84.654
815.0 84.59
816.0 84.533999
817.0 84.482
818.0 84.411
819.0 84.352999
820.0 84.287
821.0 84.236999
822.0 84.166
823.0 84.108
824.0 84.027
825.0 83.982
826.0 83.901
827.0 83.851
828.0 83.777999
829.0 83.713
830.0 83.647
831.0 83.571
832.0 83.531
833.0 83.431
834.0 83.381
835.0 83.288
836.0 83.235
837.0 83.162
838.0 83.103
839.0 83.019
840.0 82.947
841.0 82.869
842.0 82.816999
843.0 82.738999
844.0 82.659
845.0 82.578
846.0 82.503
847.0 82.443
848.0 82.347
849.0 82.274999
850.0 82.217
851.0 82.134
852.0 82.027
853.0 81.997
854.0 81.888
855.0 81.824
856.0 81.745
857.0 81.663
858.0 81.584999
859.0 81.506999
860.0 81.457
861.0 81.355999
862.0 81.296
863.0 81.202
864.0 81.119
865.0 81.057
866.0 80.966
867.0 80.893
868.0 80.828
869.0 80.715999
870.0 80.651
871.0 80.561
872.0 80.467999
873.0 80.415
874.0 80.324
875.0 80.242999
876.0 80.157
877.0 80.069
878.0 80.0
879.0 79.904
880.0 79.836
881.0 79.746
882.0 79.634
883.0 79.483
884.0 79.39
885.0 79.277
886.0 79.144
887.0 79.049
888.0 78.982
889.0 78.878
890.0 78.782
891.0 78.724999
892.0 78.652
893.0 78.537
894.0 78.492999
895.0 78.4
896.0 78.339
897.0 78.268
898.0 78.183
899.0 78.144
900.0 78.041
901.0 77.988
902.0 77.938
903.0 77.892
904.0 77.845
905.0 77.807
906.0 77.77
907.0 77.751
908.0 77.727999
909.0 77.736
910.0 77.727999
911.0 77.726
912.0 77.719
913.0 77.715
914.0 77.712999
915.0 77.724
916.0 77.697
917.0 77.681
918.0 77.691
919.0 77.642
920.0 77.608
921.0 77.6
922.0 77.565
923.0 77.542999
924.0 77.488
925.0 77.444999
926.0 77.393
927.0 77.351
928.0 77.302
929.0 77.261
930.0 77.194
931.0 77.169
932.0 77.093
933.0 77.059
934.0 76.985
935.0 76.964999
936.0 76.899
937.0 76.837
938.0 76.775
939.0 76.747
940.0 76.679
941.0 76.646
942.0 76.578
943.0 76.537
944.0 76.482
945.0 76.404
946.0 76.378999
947.0 76.305
948.0 76.259999
949.0 76.203
950.0 76.154
951.0 76.122
952.0 76.042
953.0 76.024
954.0 75.941
955.0 75.914
956.0 75.866
957.0 75.843999
958.0 75.782
959.0 75.754
960.0 75.705999
961.0 75.685999
962.0 75.654
963.0 75.602999
964.0 75.569
965.0 75.523
966.0 75.464
967.0 75.441
968.0 75.417
969.0 75.366
970.0 75.346
971.0 75.283999
972.0 75.258
973.0 75.229999
974.0 75.195
975.0 75.136
976.0 75.146999
977.0 75.078999
978.0 75.072
979.0 75.017
980.0 74.931
981.0 74.864
982.0 74.87
983.0 74.806
984.0 74.789
985.0 74.765
986.0 74.747
987.0 74.723
988.0 74.68
989.0 74.654
990.0 74.631
991.0 74.602
992.0 74.582
993.0 74.548999
994.0 74.533
995.0 74.507
996.0 74.479
997.0 74.444999
998.0 74.444
999.0 74.412
1000.0 74.402999
1001.0 74.381
1002.0 74.371
1003.0 74.35
1004.0 74.325
1005.0 74.33
1006.0 74.304999
1007.0 74.307999
1008.0 74.268
1009.0 74.258
1010.0 74.256
1011.0 74.224
1012.0 74.231
1013.0 74.229
1014.0 74.199
1015.0 74.194
1016.0 74.188
1017.0 74.179
1018.0 74.191
1019.0 74.161
1020.0 74.123
1021.0 74.138
1022.0 74.121
1023.0 74.116
1024.0 74.095999
1025.0 74.092
1026.0 74.093
1027.0 74.109
1028.0 74.068
1029.0 74.098
1030.0 74.066
1031.0 74.095
1032.0 74.098
1033.0 74.098
1034.0 74.102
1035.0 74.098
1036.0 74.11
1037.0 74.09
1038.0 74.107
1039.0 74.095999
1040.0 74.097
1041.0 74.102
1042.0 74.113
1043.0 74.099
1044.0 74.114999
1045.0 74.105
1046.0 74.094
1047.0 74.090999
1048.0 74.099
1049.0 74.117999
1050.0 74.111999
1051.0 74.113
1052.0 74.151
1053.0 74.117999
1054.0 74.168
1055.0 74.15
1056.0 74.164
1057.0 74.199
1058.0 74.202
1059.0 74.217
1060.0 74.214
1061.0 74.217999
1062.0 74.25
1063.0 74.251
1064.0 74.249
1065.0 74.252
1066.0 74.298
1067.0 74.255
1068.0 74.316999
1069.0 74.283
1070.0 74.321
1071.0 74.327
1072.0 74.355
1073.0 74.36
1074.0 74.341
1075.0 74.388
1076.0 74.392
1077.0 74.407
1078.0 74.4
1079.0 74.394
1080.0 74.416
1081.0 74.444999
1082.0 74.489999
1083.0 74.536
1084.0 74.562
1085.0 74.553
1086.0 74.514
1087.0 74.539
1088.0 74.638
1089.0 74.569
1090.0 74.58
1091.0 74.587
1092.0 74.678
1093.0 74.617
1094.0 74.626
1095.0 74.664
1096.0 74.707
1097.0 74.744999
1098.0 74.786
1099.0 74.811
1100.0 74.798
