190.0 0.03
191.0 0.1
192.0 0.023
193.0 0.091
194.0 0.039
195.0 0.05
196.0 0.027
197.0 0.006
198.0 0.052
199.0 0.044
200.0 0.018
201.0 0.014
202.0 0.01
203.0 0.045
204.0 0.022
205.0 0.027
206.0 0.022
207.0 0.024
208.0 0.02
209.0 0.019
210.0 0.028
211.0 0.04
212.0 0.018
213.0 0.024
214.0 0.019
215.0 0.023
216.0 0.014
217.0 0.037
218.0 0.014
219.0 0.039
220.0 0.02
221.0 0.018
222.0 0.028
223.0 0.014
224.0 0.017
225.0 0.016
226.0 0.021
227.0 0.034
228.0 0.01
229.0 0.01
230.0 0.009
231.0 0.018
232.0 0.012
233.0 0.015
234.0 0.024
235.0 0.028
236.0 0.006999
237.0 0.011
238.0 0.012
239.0 0.023
240.0 0.004
241.0 0.006
242.0 0.006999
243.0 0.021
244.0 0.012
245.0 0.014
246.0 0.022
247.0 0.0
248.0 0.01
249.0 0.014
250.0 0.027
251.0 0.027
252.0 0.033
253.0 0.005
254.0 0.015
255.0 0.01
256.0 0.017
257.0 0.016
258.0 0.021
259.0 0.03
260.0 0.019
261.0 0.019
262.0 0.014
263.0 0.043
264.0 0.011
265.0 0.019
266.0 0.023
267.0 0.059
268.0 0.015
269.0 0.042
270.0 0.036
271.0 0.023
272.0 -0.006999
273.0 0.036
274.0 0.039
275.0 0.076
276.0 0.013
277.0 0.009
278.0 0.017
279.0 0.02
280.0 0.022
281.0 0.032
282.0 0.043
283.0 0.053
284.0 0.037
285.0 0.026
286.0 0.049
287.0 0.02
288.0 0.009
289.0 0.044
290.0 0.044
291.0 0.057
292.0 0.04
293.0 0.034
294.0 0.015
295.0 0.027
296.0 0.034
297.0 0.009
298.0 0.031
299.0 0.046
300.0 0.034
301.0 0.02
302.0 0.026
303.0 0.027
304.0 0.039
305.0 0.029
306.0 0.052
307.0 0.054
308.0 0.033
309.0 0.034
310.0 0.033
311.0 0.042
312.0 0.037
313.0 0.054
314.0 0.029
315.0 0.086999
316.0 0.039
317.0 0.037
318.0 0.058
319.0 0.06
320.0 0.047
321.0 0.04
322.0 0.071
323.0 0.101
324.0 0.041
325.0 0.104
326.0 0.054
327.0 0.402
328.0 0.405
329.0 0.417
330.0 0.394
331.0 0.42
332.0 0.37
333.0 0.406
334.0 0.372
335.0 0.376
336.0 0.382
337.0 0.388
338.0 0.375
339.0 0.406
340.0 0.387
341.0 0.427
342.0 0.424
343.0 0.462
344.0 0.505
345.0 0.545
346.0 0.621
347.0 0.689
348.0 0.775
349.0 0.881
350.0 1.037
351.0 1.21
352.0 1.432
353.0 1.704
354.0 2.041
355.0 2.442
356.0 2.917
357.0 3.51
358.0 4.191
359.0 5.021
360.0 5.976999
361.0 7.07
362.0 8.304
363.0 9.706
364.0 11.206
365.0 12.872
366.0 14.661
367.0 16.573
368.0 18.564
369.0 20.688
370.0 22.816
371.0 24.976
372.0 27.191
373.0 29.316
374.0 31.486
375.0 33.52
376.0 35.572
377.0 37.508
378.0 39.434
379.0 41.2
380.0 42.898
381.0 44.488
382.0 46.013
383.0 47.366
384.0 48.54
385.0 49.647
386.0 50.632
387.0 51.522
388.0 52.3
389.0 52.965
390.0 53.546
391.0 54.045
392.0 54.47
393.0 54.831
394.0 55.151
395.0 55.43
396.0 55.667
397.0 55.891
398.0 56.103
399.0 56.309
400.0 56.493
401.0 56.684
402.0 56.886
403.0 57.086
404.0 57.241
405.0 57.469
406.0 57.704
407.0 57.97
408.0 58.229
409.0 58.516
410.0 58.815
411.0 59.134
412.0 59.443
413.0 59.803
414.0 60.163999
415.0 60.556
416.0 60.956
417.0 61.377
418.0 61.806
419.0 62.23
420.0 62.656
421.0 63.227
422.0 63.688
423.0 64.124
424.0 64.59
425.0 65.058
426.0 65.525
427.0 66.030999
428.0 66.476
429.0 66.935
430.0 67.352
431.0 67.794
432.0 68.198
433.0 68.604
434.0 68.999
435.0 69.37
436.0 69.711999
437.0 70.035
438.0 70.333
439.0 70.637
440.0 70.918
441.0 71.186
442.0 71.404
443.0 71.608999
444.0 71.785
445.0 71.974
446.0 72.111999
447.0 72.209999
448.0 72.340999
449.0 72.426999
450.0 72.474
451.0 72.527
452.0 72.532
453.0 72.556
454.0 72.552
455.0 72.533999
456.0 72.48
457.0 72.448
458.0 72.372
459.0 72.3
460.0 72.212
461.0 72.122
462.0 72.006
463.0 71.905
464.0 71.780999
465.0 71.677
466.0 71.545999
467.0 71.435999
468.0 71.311
469.0 71.191999
470.0 71.065
471.0 70.958
472.0 70.845
473.0 70.746
474.0 70.638
475.0 70.527
476.0 70.450999
477.0 70.342
478.0 70.249
479.0 70.173
480.0 70.101
481.0 70.012
482.0 69.952
483.0 69.902
484.0 69.843999
485.0 69.81
486.0 69.765
487.0 69.718999
488.0 69.727999
489.0 69.721
490.0 69.697
491.0 69.702
492.0 69.73
493.0 69.738999
494.0 69.776
495.0 69.825
496.0 69.860999
497.0 69.92
498.0 69.982999
499.0 70.045
500.0 70.14
501.0 70.221
502.0 70.319
503.0 70.408
504.0 70.533
505.0 70.657
506.0 70.767
507.0 70.894
508.0 71.029
509.0 71.181
510.0 71.315
511.0 71.5
512.0 71.64
513.0 71.815
514.0 71.968
515.0 72.146999
516.0 72.323
517.0 72.512
518.0 72.688
519.0 72.877
520.0 73.080999
521.0 73.298
522.0 73.503
523.0 73.696
524.0 73.913
525.0 74.114
526.0 74.322
527.0 74.533
528.0 74.741
529.0 74.956999
530.0 75.176
531.0 75.389
532.0 75.613
533.0 75.831999
534.0 76.03
535.0 76.279
536.0 76.473
537.0 76.688
538.0 76.904
539.0 77.095
540.0 77.315
541.0 77.539
542.0 77.736999
543.0 77.936
544.0 78.129
545.0 78.304
546.0 78.497
547.0 78.678
548.0 78.857
549.0 79.036
550.0 79.191
551.0 79.368
552.0 79.517
553.0 79.671
554.0 79.829
555.0 79.979
556.0 80.089
557.0 80.235999
558.0 80.355
559.0 80.478
560.0 80.616
561.0 80.714
562.0 80.824
563.0 80.92
564.0 81.023
565.0 81.142
566.0 81.203999
567.0 81.28
568.0 81.34
569.0 81.416
570.0 81.483999
571.0 81.533999
572.0 81.566
573.0 81.584999
574.0 81.621
575.0 81.657
576.0 81.676
577.0 81.697
578.0 81.698
579.0 81.705
580.0 81.691
581.0 81.686
582.0 81.676
583.0 81.681
584.0 81.669
585.0 81.652
586.0 81.639
587.0 81.631
588.0 81.62
589.0 81.608999
590.0 81.581
591.0 81.572
592.0 81.537
593.0 81.521999
594.0 81.482
595.0 81.422
596.0 81.38
597.0 81.331
598.0 81.273
599.0 81.215
600.0 81.146
601.0 81.075
602.0 81.017
603.0 80.931
604.0 80.864
605.0 80.791
606.0 80.694
607.0 80.601999
608.0 80.499
609.0 80.425
610.0 80.319
611.0 80.237
612.0 80.14
613.0 80.051
614.0 79.943
615.0 79.839
616.0 79.75
617.0 79.663
618.0 79.574
619.0 79.459
620.0 79.357999
621.0 79.262
622.0 79.172
623.0 79.071
624.0 78.986
625.0 78.892
626.0 78.788
627.0 78.703999
628.0 78.601
629.0 78.518
630.0 78.43
631.0 78.34
632.0 78.265
633.0 78.176999
634.0 78.084
635.0 78.015
636.0 77.922
637.0 77.84
638.0 77.782
639.0 77.708
640.0 77.632
641.0 77.56
642.0 77.476999
643.0 77.444999
644.0 77.356
645.0 77.307
646.0 77.241
647.0 77.181999
648.0 77.121
649.0 77.068
650.0 77.005
651.0 76.95
652.0 76.926
653.0 76.897
654.0 76.819999
655.0 76.807999
656.0 76.77
657.0 76.712
658.0 76.681999
659.0 76.663
660.0 76.634
661.0 76.614999
662.0 76.562
663.0 76.53
664.0 76.508
665.0 76.504
666.0 76.476
667.0 76.453
668.0 76.465
669.0 76.467
670.0 76.456
671.0 76.453
672.0 76.456
673.0 76.461
674.0 76.456
675.0 76.49
676.0 76.491
677.0 76.48
678.0 76.503
679.0 76.542
680.0 76.544
681.0 76.574
682.0 76.59
683.0 76.637999
684.0 76.661
685.0 76.679
686.0 76.709
687.0 76.742
688.0 76.79
689.0 76.821
690.0 76.858999
691.0 76.887
692.0 76.934
693.0 76.983
694.0 77.027999
695.0 77.09
696.0 77.142
697.0 77.200999
698.0 77.244999
699.0 77.297
700.0 77.354999
701.0 77.419
702.0 77.464999
703.0 77.536
704.0 77.601
705.0 77.654
706.0 77.727999
707.0 77.775
708.0 77.846999
709.0 77.908999
710.0 77.983999
711.0 78.054999
712.0 78.125999
713.0 78.199
714.0 78.281
715.0 78.346999
716.0 78.42
717.0 78.501
718.0 78.572
719.0 78.652999
720.0 78.726
721.0 78.808
722.0 78.878
723.0 78.973
724.0 79.051
725.0 79.117
726.0 79.202
727.0 79.279
728.0 79.371
729.0 79.45
730.0 79.52
731.0 79.625
732.0 79.700999
733.0 79.782
734.0 79.876
735.0 79.951
736.0 80.018999
737.0 80.13
738.0 80.193
739.0 80.285
740.0 80.374
741.0 80.45
742.0 80.518
743.0 80.628999
744.0 80.703999
745.0 80.793
746.0 80.874
747.0 80.955999
748.0 81.023
749.0 81.115
750.0 81.194
751.0 81.281
752.0 81.352999
753.0 81.449
754.0 81.508
755.0 81.599999
756.0 81.675
757.0 81.758
758.0 81.825
759.0 81.913
760.0 81.976
761.0 82.068
762.0 82.139
763.0 82.215
764.0 82.274
765.0 82.346
766.0 82.426999
767.0 82.481
768.0 82.545999
769.0 82.604
770.0 82.679999
771.0 82.748
772.0 82.822
773.0 82.904
774.0 82.981
775.0 83.06
776.0 83.134
777.0 83.212
778.0 83.286
779.0 83.395
780.0 83.464
781.0 83.506
782.0 83.557999
783.0 83.565
784.0 83.596
785.0 83.622
786.0 83.672
787.0 83.745
788.0 83.792999
789.0 83.857
790.0 83.93
791.0 83.97
792.0 84.055
793.0 84.099
794.0 84.176
795.0 84.233
796.0 84.273
797.0 84.319999
798.0 84.37
799.0 84.418
800.0 84.458999
801.0 84.533
802.0 84.551
803.0 84.607
804.0 84.638
805.0 84.691
806.0 84.723
807.0 84.751
808.0 84.799
809.0 84.827
810.0 84.857
811.0 84.906
812.0 84.938999
813.0 84.957
814.0 84.992
815.0 85.032
816.0 85.043
817.0 85.067
818.0 85.11
819.0 85.129
820.0 85.151
821.0 85.175
822.0 85.182999
823.0 85.188
824.0 85.214
825.0 85.241
826.0 85.25
827.0 85.261
828.0 85.272
829.0 85.292
830.0 85.291
831.0 85.294
832.0 85.294
833.0 85.323
834.0 85.334
835.0 85.316999
836.0 85.307999
837.0 85.326
838.0 85.345
839.0 85.340999
840.0 85.345
841.0 85.324
842.0 85.343999
843.0 85.324
844.0 85.319
845.0 85.31
846.0 85.309
847.0 85.286
848.0 85.292
849.0 85.252
850.0 85.253999
851.0 85.258
852.0 85.235
853.0 85.227
854.0 85.190999
855.0 85.206999
856.0 85.187
857.0 85.16
858.0 85.148
859.0 85.11
860.0 85.099999
861.0 85.072
862.0 85.063
863.0 85.043
864.0 85.018
865.0 85.002
866.0 84.962999
867.0 84.944
868.0 84.907
869.0 84.905
870.0 84.875
871.0 84.846
872.0 84.804999
873.0 84.786
874.0 84.775
875.0 84.706999
876.0 84.717
877.0 84.663
878.0 84.611999
879.0 84.568
880.0 84.524
881.0 84.47
882.0 84.465999
883.0 84.44
884.0 84.421
885.0 84.389
886.0 84.378
887.0 84.352999
888.0 84.343999
889.0 84.304999
890.0 84.257
891.0 84.236
892.0 84.218999
893.0 84.181
894.0 84.15
895.0 84.121
896.0 84.079
897.0 84.048
898.0 84.005
899.0 83.955
900.0 83.922
901.0 83.872999
902.0 83.822
903.0 83.791
904.0 83.747
905.0 83.667999
906.0 83.623
907.0 83.592
908.0 83.548
909.0 83.484
910.0 83.447
911.0 83.411
912.0 83.354
913.0 83.283
914.0 83.245
915.0 83.225
916.0 83.17
917.0 83.131999
918.0 83.107
919.0 83.072999
920.0 83.053999
921.0 83.002
922.0 82.946
923.0 82.893
924.0 82.882
925.0 82.834
926.0 82.816999
927.0 82.775
928.0 82.76
929.0 82.699999
930.0 82.669
931.0 82.623
932.0 82.604999
933.0 82.559
934.0 82.513
935.0 82.479
936.0 82.434
937.0 82.37
938.0 82.340999
939.0 82.315
940.0 82.24
941.0 82.218999
942.0 82.155999
943.0 82.12
944.0 82.071
945.0 82.0
946.0 81.986999
947.0 81.95
948.0 81.914
949.0 81.884999
950.0 81.845
951.0 81.816999
952.0 81.789
953.0 81.736
954.0 81.715
955.0 81.646
956.0 81.635
957.0 81.581
958.0 81.516
959.0 81.51
960.0 81.458
961.0 81.416
962.0 81.39
963.0 81.345999
964.0 81.309
965.0 81.264
966.0 81.223
967.0 81.182
968.0 81.183
969.0 81.134
970.0 81.083
971.0 81.081
972.0 81.026
973.0 81.021
974.0 80.965
975.0 80.894
976.0 80.886
977.0 80.845999
978.0 80.788
979.0 80.774999
980.0 80.81
981.0 80.807
982.0 80.771
983.0 80.733999
984.0 80.691999
985.0 80.655
986.0 80.616
987.0 80.572
988.0 80.550999
989.0 80.532
990.0 80.486
991.0 80.482
992.0 80.462999
993.0 80.388
994.0 80.39
995.0 80.375
996.0 80.344
997.0 80.347
998.0 80.306999
999.0 80.295
1000.0 80.261
1001.0 80.246
1002.0 80.221
1003.0 80.199
1004.0 80.169
1005.0 80.15
1006.0 80.143
1007.0 80.098
1008.0 80.078
1009.0 80.052
1010.0 80.03
1011.0 80.018999
1012.0 79.997
1013.0 80.003999
1014.0 79.941
1015.0 79.941
1016.0 79.928
1017.0 79.906
1018.0 79.878
1019.0 79.861
1020.0 79.847
1021.0 79.837
1022.0 79.822
1023.0 79.816
1024.0 79.810999
1025.0 79.77
1026.0 79.762999
1027.0 79.727999
1028.0 79.706
1029.0 79.745
1030.0 79.699
1031.0 79.705
1032.0 79.691999
1033.0 79.662
1034.0 79.679
1035.0 79.643
1036.0 79.637
1037.0 79.629
1038.0 79.615
1039.0 79.62
1040.0 79.586
1041.0 79.577
1042.0 79.548
1043.0 79.557999
1044.0 79.532
1045.0 79.502
1046.0 79.524
1047.0 79.553
1048.0 79.529
1049.0 79.54
1050.0 79.515
1051.0 79.530999
1052.0 79.527999
1053.0 79.501
1054.0 79.518999
1055.0 79.503999
1056.0 79.464
1057.0 79.499
1058.0 79.49
1059.0 79.523
1060.0 79.506
1061.0 79.471
1062.0 79.418
1063.0 79.449
1064.0 79.431
1065.0 79.525
1066.0 79.454
1067.0 79.462999
1068.0 79.47
1069.0 79.488
1070.0 79.496
1071.0 79.522
1072.0 79.517
1073.0 79.502
1074.0 79.511
1075.0 79.491
1076.0 79.521
1077.0 79.529
1078.0 79.586
1079.0 79.583
1080.0 79.578999
1081.0 79.551
1082.0 79.537
1083.0 79.562999
1084.0 79.501
1085.0 79.62
1086.0 79.571
1087.0 79.581999
1088.0 79.596999
1089.0 79.587
1090.0 79.613999
1091.0 79.647
1092.0 79.644
1093.0 79.637999
1094.0 79.688
1095.0 79.65
1096.0 79.637
1097.0 79.656
1098.0 79.676999
1099.0 79.655
1100.0 79.584999
