190.0 0.058
191.0 0.132
192.0 0.06
193.0 0.066
194.0 0.047
195.0 0.071
196.0 0.049
197.0 0.037
198.0 0.038
199.0 0.025
200.0 0.035
201.0 0.013
202.0 0.036
203.0 0.046
204.0 0.044
205.0 0.029
206.0 0.022
207.0 0.041
208.0 0.028
209.0 0.041
210.0 0.017
211.0 0.041
212.0 0.016
213.0 0.028
214.0 0.031
215.0 0.03
216.0 0.03
217.0 0.034
218.0 0.016
219.0 0.05
220.0 0.022
221.0 0.031
222.0 0.015
223.0 0.026
224.0 0.017
225.0 0.031
226.0 0.024
227.0 0.044
228.0 0.015
229.0 0.022
230.0 0.023
231.0 0.024
232.0 0.015
233.0 0.032
234.0 0.016
235.0 0.037
236.0 0.021
237.0 0.015
238.0 0.022
239.0 0.035
240.0 0.017
241.0 0.021
242.0 0.035
243.0 0.033
244.0 0.022
245.0 0.025
246.0 0.018
247.0 0.015
248.0 0.018
249.0 0.015
250.0 0.027
251.0 0.032
252.0 0.02
253.0 0.033
254.0 0.023
255.0 0.034
256.0 0.031
257.0 0.034
258.0 0.021
259.0 0.042
260.0 0.035
261.0 0.025
262.0 0.044
263.0 0.028
264.0 0.053
265.0 0.024
266.0 0.026
267.0 0.054
268.0 0.046
269.0 0.031
270.0 0.025
271.0 0.047
272.0 0.042
273.0 0.048
274.0 0.062
275.0 0.064
276.0 0.042
277.0 0.025
278.0 0.046
279.0 0.038
280.0 0.052
281.0 0.061
282.0 0.05
283.0 0.064
284.0 0.072
285.0 0.035
286.0 0.043
287.0 0.045
288.0 0.038
289.0 0.048
290.0 0.037
291.0 0.073
292.0 0.05
293.0 0.049
294.0 0.044
295.0 0.043
296.0 0.038
297.0 0.044
298.0 0.044
299.0 0.067
300.0 0.033
301.0 0.055999
302.0 0.04
303.0 0.045
304.0 0.024
305.0 0.053
306.0 0.061
307.0 0.08
308.0 0.043
309.0 0.05
310.0 0.033
311.0 0.048
312.0 0.068999
313.0 0.058
314.0 0.045
315.0 0.125
316.0 0.106
317.0 0.072
318.0 0.079
319.0 0.089
320.0 0.09
321.0 0.091
322.0 0.124
323.0 0.123
324.0 0.1
325.0 0.116
326.0 0.093
327.0 0.441
328.0 0.417
329.0 0.428
330.0 0.406
331.0 0.456
332.0 0.414
333.0 0.434
334.0 0.399
335.0 0.42
336.0 0.413
337.0 0.42
338.0 0.444
339.0 0.471
340.0 0.459
341.0 0.49
342.0 0.515
343.0 0.551999
344.0 0.593
345.0 0.64
346.0 0.723
347.0 0.795
348.0 0.892
349.0 1.022
350.0 1.181
351.0 1.375
352.0 1.589
353.0 1.874
354.0 2.232
355.0 2.624
356.0 3.088
357.0 3.675
358.0 4.352
359.0 5.165
360.0 6.106
361.0 7.188999
362.0 8.391999
363.0 9.772
364.0 11.285
365.0 12.935
366.0 14.726
367.0 16.628
368.0 18.622
369.0 20.644
370.0 22.655
371.0 24.606
372.0 26.463
373.0 28.214
374.0 29.87
375.0 31.392
376.0 32.797
377.0 34.119
378.0 35.332
379.0 36.494
380.0 37.594
381.0 38.681
382.0 39.765
383.0 40.727
384.0 41.673
385.0 42.626
386.0 43.575
387.0 44.553
388.0 45.479
389.0 46.404
390.0 47.315
391.0 48.221
392.0 49.089
393.0 49.959
394.0 50.818
395.0 51.654
396.0 52.486
397.0 53.278
398.0 54.089
399.0 54.838
400.0 55.584999
401.0 56.287
402.0 56.953
403.0 57.594
404.0 58.160999
405.0 58.753
406.0 59.289
407.0 59.784
408.0 60.283
409.0 60.688
410.0 61.096
411.0 61.448
412.0 61.752
413.0 62.062
414.0 62.303
415.0 62.543
416.0 62.741
417.0 62.926
418.0 63.054
419.0 63.176
420.0 63.276
421.0 63.401
422.0 63.466
423.0 63.486
424.0 63.515
425.0 63.512
426.0 63.493
427.0 63.477
428.0 63.48
429.0 63.442
430.0 63.398
431.0 63.325
432.0 63.294
433.0 63.2
434.0 63.173
435.0 63.104
436.0 63.027
437.0 62.954
438.0 62.886
439.0 62.855
440.0 62.79
441.0 62.761999
442.0 62.72
443.0 62.686
444.0 62.655
445.0 62.632
446.0 62.605
447.0 62.598
448.0 62.631
449.0 62.651
450.0 62.649999
451.0 62.688
452.0 62.712999
453.0 62.787
454.0 62.836
455.0 62.903
456.0 62.958
457.0 63.024
458.0 63.125
459.0 63.209
460.0 63.309
461.0 63.414
462.0 63.541
463.0 63.684
464.0 63.814
465.0 63.966
466.0 64.119
467.0 64.283
468.0 64.431
469.0 64.610999
470.0 64.798
471.0 64.980999
472.0 65.185999
473.0 65.404
474.0 65.598999
475.0 65.822999
476.0 66.066999
477.0 66.268
478.0 66.501
479.0 66.734
480.0 66.965
481.0 67.174
482.0 67.420999
483.0 67.67
484.0 67.904
485.0 68.154
486.0 68.403
487.0 68.625
488.0 68.888
489.0 69.128
490.0 69.358
491.0 69.611
492.0 69.852
493.0 70.075
494.0 70.325
495.0 70.571
496.0 70.786
497.0 71.015
498.0 71.246
499.0 71.448
500.0 71.67
501.0 71.889
502.0 72.099999
503.0 72.291
504.0 72.492999
505.0 72.682
506.0 72.865
507.0 73.048999
508.0 73.235
509.0 73.398
510.0 73.559
511.0 73.724
512.0 73.877
513.0 74.02
514.0 74.148
515.0 74.285
516.0 74.406
517.0 74.515
518.0 74.614
519.0 74.721
520.0 74.83
521.0 74.907
522.0 75.012999
523.0 75.073
524.0 75.143
525.0 75.2
526.0 75.252
527.0 75.303
528.0 75.331
529.0 75.378999
530.0 75.417
531.0 75.435
532.0 75.451
533.0 75.468
534.0 75.459
535.0 75.498
536.0 75.477999
537.0 75.471999
538.0 75.459
539.0 75.431
540.0 75.428
541.0 75.411
542.0 75.392
543.0 75.343
544.0 75.306
545.0 75.274
546.0 75.22
547.0 75.172
548.0 75.136
549.0 75.065
550.0 75.004
551.0 74.96
552.0 74.875
553.0 74.836
554.0 74.767
555.0 74.691
556.0 74.622
557.0 74.573
558.0 74.482
559.0 74.41
560.0 74.361
561.0 74.292999
562.0 74.212
563.0 74.161
564.0 74.081
565.0 74.021
566.0 73.926
567.0 73.855999
568.0 73.791
569.0 73.729
570.0 73.664
571.0 73.595
572.0 73.516
573.0 73.473999
574.0 73.407
575.0 73.358
576.0 73.280999
577.0 73.215
578.0 73.158999
579.0 73.087999
580.0 73.024
581.0 72.971
582.0 72.914
583.0 72.879
584.0 72.819999
585.0 72.786
586.0 72.758
587.0 72.723
588.0 72.714
589.0 72.687
590.0 72.658
591.0 72.666
592.0 72.643999
593.0 72.639
594.0 72.621
595.0 72.602999
596.0 72.596
597.0 72.592
598.0 72.583
599.0 72.575
600.0 72.571
601.0 72.563
602.0 72.557
603.0 72.558
604.0 72.56
605.0 72.562
606.0 72.553
607.0 72.55
608.0 72.553
609.0 72.563
610.0 72.574
611.0 72.586
612.0 72.599999
613.0 72.604
614.0 72.619
615.0 72.636
616.0 72.658999
617.0 72.68
618.0 72.711
619.0 72.718999
620.0 72.751
621.0 72.777
622.0 72.821
623.0 72.83
624.0 72.886
625.0 72.918
626.0 72.952
627.0 73.004
628.0 73.033
629.0 73.087999
630.0 73.139
631.0 73.179
632.0 73.229
633.0 73.282
634.0 73.342
635.0 73.387
636.0 73.453999
637.0 73.516
638.0 73.572999
639.0 73.636
640.0 73.701
641.0 73.778
642.0 73.831
643.0 73.909
644.0 73.984
645.0 74.055
646.0 74.114999
647.0 74.199
648.0 74.266
649.0 74.353
650.0 74.426999
651.0 74.507
652.0 74.586
653.0 74.679
654.0 74.744
655.0 74.848
656.0 74.917999
657.0 75.015
658.0 75.114
659.0 75.204
660.0 75.27
661.0 75.355
662.0 75.437
663.0 75.541
664.0 75.636
665.0 75.721999
666.0 75.818
667.0 75.904
668.0 76.015
669.0 76.099
670.0 76.209999
671.0 76.31
672.0 76.411
673.0 76.504
674.0 76.614
675.0 76.705
676.0 76.819
677.0 76.912
678.0 77.011
679.0 77.108
680.0 77.197
681.0 77.305
682.0 77.403
683.0 77.508
684.0 77.614999
685.0 77.708
686.0 77.809
687.0 77.903
688.0 78.01
689.0 78.101
690.0 78.208999
691.0 78.294
692.0 78.39
693.0 78.483999
694.0 78.578
695.0 78.686
696.0 78.789
697.0 78.887
698.0 78.982
699.0 79.068
700.0 79.166
701.0 79.258
702.0 79.34
703.0 79.429
704.0 79.52
705.0 79.590999
706.0 79.698
707.0 79.75
708.0 79.848
709.0 79.928999
710.0 80.02
711.0 80.087
712.0 80.176
713.0 80.262999
714.0 80.333
715.0 80.407
716.0 80.476
717.0 80.561
718.0 80.616
719.0 80.686
720.0 80.754
721.0 80.83
722.0 80.889
723.0 80.947999
724.0 81.026
725.0 81.066
726.0 81.126
727.0 81.174
728.0 81.250999
729.0 81.312
730.0 81.351
731.0 81.416
732.0 81.455
733.0 81.521
734.0 81.556
735.0 81.583
736.0 81.634
737.0 81.676999
738.0 81.721
739.0 81.752
740.0 81.8
741.0 81.825999
742.0 81.867999
743.0 81.899
744.0 81.935999
745.0 81.97
746.0 81.981
747.0 82.018
748.0 82.029
749.0 82.057
750.0 82.076
751.0 82.099
752.0 82.124
753.0 82.152999
754.0 82.143
755.0 82.157
756.0 82.182999
757.0 82.199
758.0 82.193
759.0 82.198
760.0 82.199999
761.0 82.208
762.0 82.206
763.0 82.203
764.0 82.193
765.0 82.179999
766.0 82.185
767.0 82.159
768.0 82.152
769.0 82.12
770.0 82.114
771.0 82.108
772.0 82.11
773.0 82.113
774.0 82.101
775.0 82.107
776.0 82.108
777.0 82.103
778.0 82.102
779.0 82.099999
780.0 82.12
781.0 82.071
782.0 82.052
783.0 81.989999
784.0 81.93
785.0 81.891
786.0 81.864999
787.0 81.848
788.0 81.831
789.0 81.808
790.0 81.777
791.0 81.776
792.0 81.737
793.0 81.686
794.0 81.693
795.0 81.687
796.0 81.648
797.0 81.636
798.0 81.608999
799.0 81.560999
800.0 81.521999
801.0 81.524
802.0 81.486
803.0 81.44
804.0 81.405
805.0 81.363
806.0 81.324
807.0 81.295
808.0 81.267
809.0 81.242
810.0 81.191999
811.0 81.164999
812.0 81.128999
813.0 81.096
814.0 81.069
815.0 81.033999
816.0 80.971999
817.0 80.943
818.0 80.892
819.0 80.874
820.0 80.821
821.0 80.786
822.0 80.741
823.0 80.688999
824.0 80.659
825.0 80.613
826.0 80.572999
827.0 80.525
828.0 80.486
829.0 80.458
830.0 80.392
831.0 80.361999
832.0 80.324
833.0 80.283
834.0 80.247999
835.0 80.182
836.0 80.128
837.0 80.101
838.0 80.084999
839.0 80.014
840.0 79.958
841.0 79.926
842.0 79.892
843.0 79.856
844.0 79.792
845.0 79.766
846.0 79.718
847.0 79.667
848.0 79.625999
849.0 79.571
850.0 79.544
851.0 79.491999
852.0 79.453
853.0 79.377
854.0 79.357999
855.0 79.329
856.0 79.288
857.0 79.239
858.0 79.203999
859.0 79.161
860.0 79.115
861.0 79.052
862.0 79.017
863.0 78.979
864.0 78.940999
865.0 78.879
866.0 78.846
867.0 78.816
868.0 78.778
869.0 78.73
870.0 78.676
871.0 78.658
872.0 78.593999
873.0 78.557999
874.0 78.526
875.0 78.458
876.0 78.449
877.0 78.395
878.0 78.348
879.0 78.307999
880.0 78.259999
881.0 78.202
882.0 78.184
883.0 78.169
884.0 78.169
885.0 78.124
886.0 78.101
887.0 78.051999
888.0 78.038
889.0 78.007
890.0 77.971
891.0 77.947
892.0 77.912
893.0 77.897
894.0 77.854999
895.0 77.857
896.0 77.81
897.0 77.768
898.0 77.757
899.0 77.724
900.0 77.699
901.0 77.658
902.0 77.635
903.0 77.612
904.0 77.578
905.0 77.523
906.0 77.479
907.0 77.455
908.0 77.42
909.0 77.41
910.0 77.384
911.0 77.352
912.0 77.316
913.0 77.283999
914.0 77.248
915.0 77.241
916.0 77.199
917.0 77.197999
918.0 77.199
919.0 77.173
920.0 77.153
921.0 77.12
922.0 77.107
923.0 77.083
924.0 77.090999
925.0 77.077
926.0 77.07
927.0 77.039
928.0 77.026
929.0 77.026
930.0 76.992
931.0 76.988
932.0 76.992
933.0 76.966
934.0 76.94
935.0 76.936
936.0 76.919
937.0 76.892
938.0 76.893
939.0 76.858
940.0 76.834
941.0 76.846999
942.0 76.807999
943.0 76.789
944.0 76.782
945.0 76.744999
946.0 76.754
947.0 76.742
948.0 76.736999
949.0 76.748
950.0 76.715
951.0 76.73
952.0 76.719
953.0 76.709999
954.0 76.688999
955.0 76.683
956.0 76.681
957.0 76.67
958.0 76.639
959.0 76.651
960.0 76.648
961.0 76.622
962.0 76.63
963.0 76.619
964.0 76.626
965.0 76.622999
966.0 76.61
967.0 76.607
968.0 76.614
969.0 76.609
970.0 76.605999
971.0 76.621
972.0 76.575
973.0 76.589
974.0 76.598999
975.0 76.571
976.0 76.578
977.0 76.566
978.0 76.566
979.0 76.597
980.0 76.632
981.0 76.661
982.0 76.663
983.0 76.634
984.0 76.636
985.0 76.657
986.0 76.653
987.0 76.637999
988.0 76.661999
989.0 76.665
990.0 76.658
991.0 76.684
992.0 76.691
993.0 76.667
994.0 76.675
995.0 76.731
996.0 76.720999
997.0 76.759999
998.0 76.722
999.0 76.738
1000.0 76.759999
1001.0 76.773
1002.0 76.783999
1003.0 76.791
1004.0 76.787
1005.0 76.812
1006.0 76.821
1007.0 76.837999
1008.0 76.834999
1009.0 76.853
1010.0 76.851
1011.0 76.858999
1012.0 76.885
1013.0 76.889
1014.0 76.899
1015.0 76.913
1016.0 76.937
1017.0 76.944
1018.0 76.968
1019.0 76.985
1020.0 76.996
1021.0 77.003999
1022.0 77.027999
1023.0 77.035
1024.0 77.066999
1025.0 77.075999
1026.0 77.098999
1027.0 77.104
1028.0 77.108
1029.0 77.163
1030.0 77.183
1031.0 77.193
1032.0 77.203999
1033.0 77.211
1034.0 77.246
1035.0 77.274
1036.0 77.263
1037.0 77.31
1038.0 77.324
1039.0 77.319
1040.0 77.358999
1041.0 77.356
1042.0 77.381
1043.0 77.386
1044.0 77.428
1045.0 77.411
1046.0 77.471999
1047.0 77.505
1048.0 77.526
1049.0 77.569
1050.0 77.561
1051.0 77.612
1052.0 77.631
1053.0 77.633
1054.0 77.692
1055.0 77.732
1056.0 77.679
1057.0 77.741
1058.0 77.742
1059.0 77.803
1060.0 77.802
1061.0 77.822
1062.0 77.846999
1063.0 77.864999
1064.0 77.896
1065.0 77.978
1066.0 77.986
1067.0 78.013
1068.0 78.01
1069.0 78.086999
1070.0 78.108999
1071.0 78.155
1072.0 78.159
1073.0 78.18
1074.0 78.18
1075.0 78.22
1076.0 78.246
1077.0 78.281
1078.0 78.305
1079.0 78.345
1080.0 78.388
1081.0 78.354999
1082.0 78.38
1083.0 78.424
1084.0 78.422
1085.0 78.5
1086.0 78.478
1087.0 78.507
1088.0 78.561
1089.0 78.589
1090.0 78.617999
1091.0 78.67
1092.0 78.672
1093.0 78.693
1094.0 78.817
1095.0 78.735
1096.0 78.732
1097.0 78.834
1098.0 78.93
1099.0 78.935999
1100.0 78.899
