190.0 0.046
191.0 0.116
192.0 0.039
193.0 0.049
194.0 0.035
195.0 0.048
196.0 0.042
197.0 0.025
198.0 0.015
199.0 0.01
200.0 0.031
201.0 0.015
202.0 0.022
203.0 0.039
204.0 0.024
205.0 0.017
206.0 0.03
207.0 0.006999
208.0 0.033
209.0 0.011
210.0 0.023
211.0 0.043
212.0 0.012
213.0 0.018
214.0 0.013
215.0 0.014
216.0 0.01
217.0 0.015
218.0 0.016
219.0 0.035
220.0 0.019
221.0 0.014
222.0 0.013
223.0 0.015
224.0 0.019
225.0 0.02
226.0 0.013
227.0 0.023
228.0 0.008
229.0 0.003
230.0 0.015
231.0 0.024
232.0 0.016
233.0 0.018
234.0 0.017
235.0 0.035
236.0 0.009
237.0 0.006
238.0 0.014
239.0 0.014
240.0 0.006999
241.0 0.019
242.0 0.022
243.0 0.029
244.0 0.013
245.0 0.009
246.0 0.009
247.0 0.008
248.0 0.006999
249.0 0.023
250.0 0.008
251.0 0.038
252.0 0.006999
253.0 0.01
254.0 0.021
255.0 0.023
256.0 0.021
257.0 0.018
258.0 0.021
259.0 0.046
260.0 0.012
261.0 0.024
262.0 0.021
263.0 0.023
264.0 0.014
265.0 0.028
266.0 0.027
267.0 0.04
268.0 0.024
269.0 0.043
270.0 0.021
271.0 0.006999
272.0 0.041
273.0 0.014
274.0 0.019
275.0 0.054
276.0 0.012
277.0 0.04
278.0 0.015
279.0 0.027
280.0 0.021
281.0 0.024
282.0 0.018
283.0 0.052
284.0 0.052
285.0 0.023
286.0 0.035
287.0 0.023
288.0 0.039
289.0 0.044
290.0 0.034
291.0 0.061
292.0 0.013
293.0 0.027
294.0 0.013
295.0 0.04
296.0 0.017
297.0 0.029
298.0 0.019
299.0 0.055
300.0 0.018
301.0 0.018
302.0 0.026
303.0 0.033
304.0 0.016
305.0 0.042
306.0 0.012
307.0 0.063
308.0 0.036
309.0 0.033
310.0 0.04
311.0 0.048
312.0 0.038
313.0 0.059
314.0 0.055999
315.0 0.073
316.0 0.057
317.0 0.035
318.0 0.041
319.0 0.039
320.0 0.037
321.0 0.057
322.0 0.071
323.0 0.088
324.0 0.063
325.0 0.068999
326.0 0.067
327.0 0.121
328.0 0.108
329.0 0.106
330.0 0.109
331.0 0.127
332.0 0.108
333.0 0.126
334.0 0.118
335.0 0.137
336.0 0.144
337.0 0.158
338.0 0.149
339.0 0.194
340.0 0.192
341.0 0.219
342.0 0.241
343.0 0.28
344.0 0.314
345.0 0.356
346.0 0.415
347.0 0.51
348.0 0.589
349.0 0.695
350.0 0.83
351.0 1.011
352.0 1.215
353.0 1.47
354.0 1.791
355.0 2.178
356.0 2.627
357.0 3.184
358.0 3.849
359.0 4.635
360.0 5.529
361.0 6.571
362.0 7.736
363.0 9.065
364.0 10.488
365.0 12.078
366.0 13.786
367.0 15.599
368.0 17.54
369.0 19.503
370.0 21.561
371.0 23.613
372.0 25.685
373.0 27.731
374.0 29.771
375.0 31.765
376.0 33.666
377.0 35.54
378.0 37.329
379.0 39.0
380.0 40.605
381.0 42.117
382.0 43.471
383.0 44.937
384.0 46.19
385.0 47.263
386.0 48.229
387.0 49.07
388.0 49.814
389.0 50.465
390.0 51.051
391.0 51.51
392.0 51.941
393.0 52.298999
394.0 52.625
395.0 52.919
396.0 53.159
397.0 53.393
398.0 53.617
399.0 53.818
400.0 53.999
401.0 54.188
402.0 54.386999
403.0 54.577
404.0 54.811
405.0 54.995
406.0 55.242999
407.0 55.499
408.0 55.766
409.0 56.045
410.0 56.337
411.0 56.642
412.0 56.98
413.0 57.311
414.0 57.68
415.0 58.036
416.0 58.424
417.0 58.834
418.0 59.24
419.0 59.652
420.0 60.071
421.0 60.514
422.0 60.949
423.0 61.402
424.0 61.834
425.0 62.318
426.0 62.748
427.0 63.191
428.0 63.629
429.0 64.045
430.0 64.444
431.0 64.845
432.0 65.241
433.0 65.613
434.0 65.961
435.0 66.330999
436.0 66.622
437.0 66.962
438.0 67.252
439.0 67.530999
440.0 67.774
441.0 68.006
442.0 68.255
443.0 68.447
444.0 68.614
445.0 68.798999
446.0 68.934
447.0 69.04
448.0 69.135
449.0 69.214
450.0 69.28
451.0 69.32
452.0 69.346
453.0 69.394
454.0 69.382
455.0 69.366
456.0 69.331
457.0 69.282
458.0 69.246
459.0 69.152
460.0 69.099
461.0 69.003
462.0 68.923999
463.0 68.82
464.0 68.718999
465.0 68.596
466.0 68.51
467.0 68.419
468.0 68.309
469.0 68.188
470.0 68.078
471.0 67.994
472.0 67.883
473.0 67.8
474.0 67.702
475.0 67.601999
476.0 67.517
477.0 67.419
478.0 67.342
479.0 67.28
480.0 67.205
481.0 67.157
482.0 67.105
483.0 67.047
484.0 67.014
485.0 66.982
486.0 66.961
487.0 66.926
488.0 66.926
489.0 66.913
490.0 66.920999
491.0 66.938
492.0 66.944
493.0 66.979999
494.0 67.005
495.0 67.057999
496.0 67.093999
497.0 67.158
498.0 67.217
499.0 67.27
500.0 67.369
501.0 67.427
502.0 67.523
503.0 67.625999
504.0 67.739
505.0 67.825999
506.0 67.935
507.0 68.066
508.0 68.194
509.0 68.345
510.0 68.461
511.0 68.611
512.0 68.774999
513.0 68.920999
514.0 69.079
515.0 69.248
516.0 69.399
517.0 69.592
518.0 69.774999
519.0 69.946
520.0 70.138
521.0 70.331
522.0 70.519
523.0 70.716
524.0 70.909
525.0 71.092999
526.0 71.319999
527.0 71.511
528.0 71.697
529.0 71.925
530.0 72.167
531.0 72.355999
532.0 72.552
533.0 72.782
534.0 72.986999
535.0 73.165
536.0 73.389
537.0 73.609
538.0 73.816
539.0 74.014
540.0 74.2
541.0 74.388
542.0 74.578
543.0 74.775
544.0 74.967
545.0 75.136
546.0 75.326
547.0 75.503
548.0 75.681
549.0 75.851
550.0 75.992999
551.0 76.127
552.0 76.281
553.0 76.439
554.0 76.595
555.0 76.709999
556.0 76.837999
557.0 76.983999
558.0 77.101
559.0 77.220999
560.0 77.348
561.0 77.483
562.0 77.593
563.0 77.702
564.0 77.768
565.0 77.884
566.0 77.929
567.0 78.02
568.0 78.093
569.0 78.129
570.0 78.176
571.0 78.224999
572.0 78.282
573.0 78.307
574.0 78.336
575.0 78.354999
576.0 78.376
577.0 78.391
578.0 78.412
579.0 78.414
580.0 78.426
581.0 78.417999
582.0 78.408999
583.0 78.396999
584.0 78.396
585.0 78.372
586.0 78.388
587.0 78.369999
588.0 78.356
589.0 78.336
590.0 78.325999
591.0 78.310999
592.0 78.295999
593.0 78.263
594.0 78.244
595.0 78.217
596.0 78.18
597.0 78.13
598.0 78.098
599.0 78.029
600.0 77.983
601.0 77.927
602.0 77.861
603.0 77.807999
604.0 77.749
605.0 77.668
606.0 77.625999
607.0 77.532
608.0 77.458
609.0 77.383
610.0 77.319
611.0 77.223
612.0 77.146
613.0 77.086
614.0 76.996
615.0 76.905999
616.0 76.84
617.0 76.759
618.0 76.672
619.0 76.585
620.0 76.506
621.0 76.412
622.0 76.336
623.0 76.254
624.0 76.173
625.0 76.089
626.0 76.005
627.0 75.935
628.0 75.852
629.0 75.780999
630.0 75.705
631.0 75.637
632.0 75.568
633.0 75.487
634.0 75.426
635.0 75.351
636.0 75.280999
637.0 75.212999
638.0 75.132
639.0 75.095999
640.0 75.012999
641.0 74.949
642.0 74.9
643.0 74.85
644.0 74.788
645.0 74.733999
646.0 74.685
647.0 74.634
648.0 74.586
649.0 74.548
650.0 74.505
651.0 74.456
652.0 74.408
653.0 74.363
654.0 74.33
655.0 74.299
656.0 74.263
657.0 74.224
658.0 74.187
659.0 74.161
660.0 74.149
661.0 74.137
662.0 74.11
663.0 74.086
664.0 74.075
665.0 74.05
666.0 74.031
667.0 74.031
668.0 74.03
669.0 74.003
670.0 73.973
671.0 73.975
672.0 73.964
673.0 73.982
674.0 73.968
675.0 73.989999
676.0 73.979
677.0 74.0
678.0 74.005
679.0 74.011
680.0 74.042
681.0 74.053
682.0 74.060999
683.0 74.081
684.0 74.085
685.0 74.099999
686.0 74.121
687.0 74.148
688.0 74.18
689.0 74.206999
690.0 74.248
691.0 74.273
692.0 74.313
693.0 74.345
694.0 74.394
695.0 74.436
696.0 74.47
697.0 74.505
698.0 74.55
699.0 74.611
700.0 74.658
701.0 74.716
702.0 74.758
703.0 74.803
704.0 74.876
705.0 74.928
706.0 74.983999
707.0 75.027
708.0 75.078999
709.0 75.161
710.0 75.227
711.0 75.286
712.0 75.353
713.0 75.402999
714.0 75.48
715.0 75.547
716.0 75.610999
717.0 75.688999
718.0 75.759
719.0 75.834
720.0 75.909
721.0 75.98
722.0 76.063999
723.0 76.139
724.0 76.215999
725.0 76.285
726.0 76.352
727.0 76.429
728.0 76.526
729.0 76.595
730.0 76.69
731.0 76.753
732.0 76.836
733.0 76.912
734.0 76.985
735.0 77.083
736.0 77.155
737.0 77.242
738.0 77.319
739.0 77.405
740.0 77.480999
741.0 77.578999
742.0 77.652
743.0 77.738
744.0 77.819999
745.0 77.899
746.0 77.979
747.0 78.062
748.0 78.13
749.0 78.226
750.0 78.305
751.0 78.396999
752.0 78.462
753.0 78.542
754.0 78.614999
755.0 78.672
756.0 78.774
757.0 78.855
758.0 78.93
759.0 79.003999
760.0 79.069999
761.0 79.157
762.0 79.224
763.0 79.294
764.0 79.371
765.0 79.440999
766.0 79.5
767.0 79.58
768.0 79.648
769.0 79.708
770.0 79.77
771.0 79.836
772.0 79.908999
773.0 79.974
774.0 80.054
775.0 80.12
776.0 80.182
777.0 80.271
778.0 80.331
779.0 80.423999
780.0 80.483
781.0 80.547
782.0 80.578
783.0 80.617
784.0 80.651
785.0 80.671
786.0 80.759
787.0 80.783
788.0 80.84
789.0 80.908999
790.0 80.971
791.0 81.023
792.0 81.086
793.0 81.136
794.0 81.196
795.0 81.249
796.0 81.291
797.0 81.34
798.0 81.39
799.0 81.429
800.0 81.474
801.0 81.518999
802.0 81.559
803.0 81.598
804.0 81.624
805.0 81.667999
806.0 81.694
807.0 81.75
808.0 81.746
809.0 81.809
810.0 81.839
811.0 81.867
812.0 81.884
813.0 81.927
814.0 81.949
815.0 81.989
816.0 82.005
817.0 82.001
818.0 82.057
819.0 82.065
820.0 82.099999
821.0 82.093
822.0 82.123
823.0 82.15
824.0 82.159
825.0 82.182999
826.0 82.194999
827.0 82.213
828.0 82.233999
829.0 82.221
830.0 82.211999
831.0 82.242999
832.0 82.238999
833.0 82.244
834.0 82.277
835.0 82.272
836.0 82.272
837.0 82.277
838.0 82.279
839.0 82.261
840.0 82.274999
841.0 82.276
842.0 82.27
843.0 82.262999
844.0 82.265999
845.0 82.279
846.0 82.258
847.0 82.255
848.0 82.242
849.0 82.232
850.0 82.23
851.0 82.242
852.0 82.208
853.0 82.191
854.0 82.178
855.0 82.177
856.0 82.162
857.0 82.148
858.0 82.123
859.0 82.137
860.0 82.083
861.0 82.099999
862.0 82.072999
863.0 82.053
864.0 82.021
865.0 81.998
866.0 81.994
867.0 81.950999
868.0 81.955
869.0 81.915
870.0 81.892
871.0 81.852999
872.0 81.839
873.0 81.821999
874.0 81.772
875.0 81.793
876.0 81.723999
877.0 81.703
878.0 81.667999
879.0 81.669
880.0 81.622
881.0 81.562
882.0 81.571
883.0 81.538
884.0 81.513
885.0 81.502
886.0 81.486999
887.0 81.447
888.0 81.417
889.0 81.404
890.0 81.355999
891.0 81.337999
892.0 81.295
893.0 81.277999
894.0 81.249
895.0 81.225
896.0 81.19
897.0 81.151
898.0 81.108999
899.0 81.071
900.0 81.033999
901.0 81.005
902.0 80.966
903.0 80.918
904.0 80.832
905.0 80.842
906.0 80.779
907.0 80.75
908.0 80.691999
909.0 80.637
910.0 80.593999
911.0 80.564
912.0 80.499
913.0 80.464
914.0 80.414
915.0 80.373
916.0 80.340999
917.0 80.296
918.0 80.259999
919.0 80.22
920.0 80.179
921.0 80.152
922.0 80.131
923.0 80.093999
924.0 80.028
925.0 79.999
926.0 79.958
927.0 79.928
928.0 79.884999
929.0 79.867999
930.0 79.825999
931.0 79.796
932.0 79.767
933.0 79.742
934.0 79.664999
935.0 79.637999
936.0 79.584999
937.0 79.56
938.0 79.501
939.0 79.480999
940.0 79.425
941.0 79.415
942.0 79.351
943.0 79.333
944.0 79.281
945.0 79.247999
946.0 79.203999
947.0 79.17
948.0 79.145
949.0 79.088
950.0 79.057
951.0 79.018
952.0 78.974
953.0 78.93
954.0 78.895
955.0 78.886
956.0 78.857999
957.0 78.817
958.0 78.771999
959.0 78.754
960.0 78.721
961.0 78.672
962.0 78.637999
963.0 78.623
964.0 78.574
965.0 78.537
966.0 78.505
967.0 78.502
968.0 78.452
969.0 78.437
970.0 78.396999
971.0 78.330999
972.0 78.310999
973.0 78.265
974.0 78.255
975.0 78.254
976.0 78.215999
977.0 78.145
978.0 78.152
979.0 78.085
980.0 78.081999
981.0 78.084
982.0 78.045
983.0 78.019
984.0 78.006
985.0 77.973
986.0 77.94
987.0 77.922
988.0 77.887
989.0 77.851
990.0 77.819999
991.0 77.779
992.0 77.77
993.0 77.741
994.0 77.729
995.0 77.679
996.0 77.673999
997.0 77.632
998.0 77.632
999.0 77.614
1000.0 77.585
1001.0 77.588
1002.0 77.575999
1003.0 77.536
1004.0 77.515999
1005.0 77.499
1006.0 77.486
1007.0 77.471999
1008.0 77.438
1009.0 77.427
1010.0 77.407
1011.0 77.408
1012.0 77.361999
1013.0 77.363
1014.0 77.328
1015.0 77.310999
1016.0 77.315
1017.0 77.275
1018.0 77.268
1019.0 77.252
1020.0 77.265
1021.0 77.246
1022.0 77.205
1023.0 77.222
1024.0 77.179
1025.0 77.157
1026.0 77.142
1027.0 77.161999
1028.0 77.155
1029.0 77.134
1030.0 77.125
1031.0 77.125
1032.0 77.087999
1033.0 77.086
1034.0 77.085
1035.0 77.083
1036.0 77.053
1037.0 77.063999
1038.0 77.054999
1039.0 77.042999
1040.0 77.032
1041.0 77.017
1042.0 77.005
1043.0 77.008
1044.0 76.99
1045.0 76.968
1046.0 76.963
1047.0 76.974
1048.0 76.937
1049.0 76.961
1050.0 76.983999
1051.0 76.967
1052.0 76.976
1053.0 76.980999
1054.0 76.958
1055.0 76.947
1056.0 76.967
1057.0 76.983999
1058.0 76.966
1059.0 76.999
1060.0 76.955
1061.0 76.95
1062.0 76.962
1063.0 76.953999
1064.0 76.961
1065.0 76.928
1066.0 76.951
1067.0 76.932999
1068.0 76.959999
1069.0 76.964999
1070.0 76.958
1071.0 76.916
1072.0 76.964999
1073.0 76.962
1074.0 76.985
1075.0 77.003
1076.0 77.025
1077.0 77.013
1078.0 77.048
1079.0 77.002
1080.0 76.979
1081.0 77.005
1082.0 77.049
1083.0 77.051999
1084.0 77.062
1085.0 77.047
1086.0 77.072
1087.0 77.003999
1088.0 77.051999
1089.0 77.051
1090.0 77.051
1091.0 77.129
1092.0 77.108
1093.0 77.073
1094.0 77.105
1095.0 77.09
1096.0 77.128
1097.0 77.090999
1098.0 77.134
1099.0 77.239999
1100.0 77.144
