190.0 0.02
191.0 0.098
192.0 0.054
193.0 0.079
194.0 0.036
195.0 0.055
196.0 0.03
197.0 0.03
198.0 0.041
199.0 0.02
200.0 0.038
201.0 0.025
202.0 0.046
203.0 0.05
204.0 0.023
205.0 0.031
206.0 0.033
207.0 0.037
208.0 0.006999
209.0 0.015
210.0 0.014
211.0 0.032
212.0 0.02
213.0 0.016
214.0 0.023
215.0 0.025
216.0 0.025
217.0 0.013
218.0 0.015
219.0 0.042
220.0 0.022
221.0 0.027
222.0 0.025
223.0 0.012
224.0 0.027
225.0 0.016
226.0 0.017
227.0 0.031
228.0 0.02
229.0 0.015
230.0 0.027
231.0 0.021
232.0 0.018
233.0 0.021
234.0 0.01
235.0 0.032
236.0 0.02
237.0 0.018
238.0 0.013
239.0 0.02
240.0 0.016
241.0 0.017
242.0 0.017
243.0 0.016
244.0 0.023
245.0 0.017
246.0 0.009
247.0 0.016
248.0 0.012
249.0 0.013
250.0 0.02
251.0 0.04
252.0 0.027
253.0 0.019
254.0 0.021
255.0 0.025
256.0 0.023
257.0 0.015
258.0 0.021
259.0 0.042
260.0 0.024
261.0 0.027
262.0 0.027
263.0 0.032
264.0 0.018
265.0 0.04
266.0 0.033
267.0 0.049
268.0 0.029
269.0 0.02
270.0 0.031
271.0 0.053
272.0 0.03
273.0 0.025
274.0 0.017
275.0 0.063
276.0 0.042
277.0 0.034
278.0 0.032
279.0 0.047
280.0 0.03
281.0 0.052
282.0 0.033
283.0 0.068999
284.0 0.025
285.0 0.05
286.0 0.037
287.0 0.044
288.0 0.04
289.0 0.061
290.0 0.045
291.0 0.048
292.0 0.046
293.0 0.018
294.0 0.012
295.0 0.017
296.0 0.038
297.0 0.035
298.0 0.055
299.0 0.044
300.0 0.033
301.0 0.022
302.0 0.026
303.0 0.042
304.0 0.037
305.0 0.049
306.0 0.055
307.0 0.098
308.0 0.04
309.0 0.04
310.0 0.055999
311.0 0.099
312.0 0.069999
313.0 0.073
314.0 0.1
315.0 0.113
316.0 0.124
317.0 0.118
318.0 0.109
319.0 0.124
320.0 0.144
321.0 0.159
322.0 0.163
323.0 0.203
324.0 0.181
325.0 0.179
326.0 0.162
327.0 0.575
328.0 0.584
329.0 0.564999
330.0 0.608
331.0 0.606
332.0 0.627
333.0 0.617
334.0 0.64
335.0 0.631
336.0 0.670999
337.0 0.691999
338.0 0.726
339.0 0.775
340.0 0.792
341.0 0.827
342.0 0.885
343.0 0.959
344.0 1.037
345.0 1.159
346.0 1.29
347.0 1.432
348.0 1.585
349.0 1.822
350.0 2.051
351.0 2.348
352.0 2.707
353.0 3.144
354.0 3.64
355.0 4.272
356.0 4.952999
357.0 5.773
358.0 6.76
359.0 7.892
360.0 9.186
361.0 10.633
362.0 12.277
363.0 14.088
364.0 16.062
365.0 18.241
366.0 20.566
367.0 23.114
368.0 25.779
369.0 28.524
370.0 31.379
371.0 34.212
372.0 37.068
373.0 39.869
374.0 42.581
375.0 45.136
376.0 47.628
377.0 49.958
378.0 52.205
379.0 54.259
380.0 56.157
381.0 57.964
382.0 59.548
383.0 61.021
384.0 62.285
385.0 63.439
386.0 64.471
387.0 65.391
388.0 66.196999
389.0 66.861999
390.0 67.455
391.0 67.954
392.0 68.355999
393.0 68.694
394.0 68.986999
395.0 69.211
396.0 69.402
397.0 69.581
398.0 69.733999
399.0 69.864
400.0 69.982999
401.0 70.107
402.0 70.213
403.0 70.336
404.0 70.406
405.0 70.551
406.0 70.682999
407.0 70.825
408.0 71.001
409.0 71.165
410.0 71.371
411.0 71.577
412.0 71.780999
413.0 72.02
414.0 72.246
415.0 72.533
416.0 72.83
417.0 73.142
418.0 73.437
419.0 73.812
420.0 74.14
421.0 74.783
422.0 75.184
423.0 75.524
424.0 75.953999
425.0 76.343999
426.0 76.748
427.0 77.173999
428.0 77.624
429.0 78.051999
430.0 78.45
431.0 78.902
432.0 79.333
433.0 79.756
434.0 80.226
435.0 80.637
436.0 81.069999
437.0 81.504
438.0 81.908999
439.0 82.355999
440.0 82.76
441.0 83.159
442.0 83.541
443.0 83.906
444.0 84.291
445.0 84.655
446.0 85.026
447.0 85.321
448.0 85.654
449.0 85.973999
450.0 86.231
451.0 86.515
452.0 86.753999
453.0 87.000999
454.0 87.25
455.0 87.441999
456.0 87.632
457.0 87.788
458.0 87.949
459.0 88.081
460.0 88.217999
461.0 88.314
462.0 88.431
463.0 88.514
464.0 88.575999
465.0 88.643
466.0 88.712
467.0 88.744
468.0 88.771999
469.0 88.817
470.0 88.824
471.0 88.854
472.0 88.842
473.0 88.861
474.0 88.828
475.0 88.818
476.0 88.818
477.0 88.762
478.0 88.702
479.0 88.661999
480.0 88.571
481.0 88.536
482.0 88.46
483.0 88.374
484.0 88.298
485.0 88.197999
486.0 88.102999
487.0 87.985
488.0 87.886
489.0 87.787
490.0 87.661999
491.0 87.541
492.0 87.444999
493.0 87.271
494.0 87.202
495.0 87.099
496.0 86.948
497.0 86.821
498.0 86.694999
499.0 86.560999
500.0 86.453
501.0 86.318
502.0 86.196
503.0 86.058
504.0 85.937
505.0 85.819
506.0 85.709
507.0 85.563
508.0 85.445
509.0 85.358999
510.0 85.244
511.0 85.138
512.0 85.021
513.0 84.928
514.0 84.812
515.0 84.72
516.0 84.621
517.0 84.548
518.0 84.453999
519.0 84.382
520.0 84.316999
521.0 84.264
522.0 84.201
523.0 84.131999
524.0 84.087
525.0 84.016
526.0 83.997
527.0 83.944
528.0 83.903
529.0 83.886
530.0 83.848
531.0 83.842
532.0 83.825
533.0 83.822
534.0 83.792999
535.0 83.804
536.0 83.804
537.0 83.833
538.0 83.835
539.0 83.848
540.0 83.889
541.0 83.923999
542.0 83.962999
543.0 83.992999
544.0 84.029
545.0 84.069
546.0 84.094
547.0 84.13
548.0 84.182999
549.0 84.238
550.0 84.25
551.0 84.319999
552.0 84.358
553.0 84.437
554.0 84.489999
555.0 84.572
556.0 84.641
557.0 84.729
558.0 84.788
559.0 84.864999
560.0 84.968
561.0 85.065
562.0 85.182999
563.0 85.289999
564.0 85.404
565.0 85.497999
566.0 85.567
567.0 85.684
568.0 85.791
569.0 85.906
570.0 86.039
571.0 86.144
572.0 86.268999
573.0 86.361
574.0 86.489999
575.0 86.609
576.0 86.715
577.0 86.822999
578.0 86.972
579.0 87.066
580.0 87.203
581.0 87.337
582.0 87.473999
583.0 87.661
584.0 87.8
585.0 87.996
586.0 88.185
587.0 88.388
588.0 88.613
589.0 88.837
590.0 89.053
591.0 89.279
592.0 89.494
593.0 89.724
594.0 89.941999
595.0 90.141
596.0 90.354999
597.0 90.546
598.0 90.746
599.0 90.941
600.0 91.119
601.0 91.286999
602.0 91.473
603.0 91.622
604.0 91.797
605.0 91.965
606.0 92.113999
607.0 92.267
608.0 92.4
609.0 92.573
610.0 92.702
611.0 92.855
612.0 92.991999
613.0 93.111
614.0 93.242999
615.0 93.367999
616.0 93.496
617.0 93.617999
618.0 93.742
619.0 93.855
620.0 93.988
621.0 94.095
622.0 94.208
623.0 94.306
624.0 94.418
625.0 94.517
626.0 94.627
627.0 94.726999
628.0 94.809
629.0 94.914
630.0 95.004
631.0 95.099
632.0 95.179
633.0 95.279
634.0 95.358
635.0 95.44
636.0 95.513
637.0 95.589
638.0 95.655
639.0 95.736
640.0 95.791
641.0 95.875999
642.0 95.921
643.0 95.982
644.0 96.031
645.0 96.11
646.0 96.154
647.0 96.204
648.0 96.25
649.0 96.304
650.0 96.304
651.0 96.352
652.0 96.407
653.0 96.45
654.0 96.449
655.0 96.496
656.0 96.511
657.0 96.536999
658.0 96.571
659.0 96.584
660.0 96.583
661.0 96.611999
662.0 96.596
663.0 96.631999
664.0 96.623
665.0 96.64
666.0 96.611999
667.0 96.619999
668.0 96.61
669.0 96.614999
670.0 96.604
671.0 96.594
672.0 96.595
673.0 96.572999
674.0 96.547
675.0 96.542
676.0 96.529
677.0 96.492999
678.0 96.474
679.0 96.453999
680.0 96.411
681.0 96.382
682.0 96.339
683.0 96.292
684.0 96.223
685.0 96.137
686.0 96.114999
687.0 96.068
688.0 96.021999
689.0 95.997
690.0 95.947999
691.0 95.887999
692.0 95.835
693.0 95.795
694.0 95.741
695.0 95.702
696.0 95.646
697.0 95.596
698.0 95.545
699.0 95.486
700.0 95.423
701.0 95.355999
702.0 95.292
703.0 95.233999
704.0 95.178
705.0 95.101
706.0 95.04
707.0 94.971999
708.0 94.899999
709.0 94.837999
710.0 94.773
711.0 94.709
712.0 94.637
713.0 94.56
714.0 94.498
715.0 94.41
716.0 94.347
717.0 94.289999
718.0 94.215
719.0 94.131
720.0 94.062
721.0 93.989999
722.0 93.907
723.0 93.84
724.0 93.773
725.0 93.682
726.0 93.598
727.0 93.525
728.0 93.438
729.0 93.375
730.0 93.3
731.0 93.222
732.0 93.136
733.0 93.078
734.0 92.989999
735.0 92.9
736.0 92.808
737.0 92.747999
738.0 92.669
739.0 92.577
740.0 92.491
741.0 92.44
742.0 92.345999
743.0 92.28
744.0 92.208
745.0 92.133
746.0 92.036
747.0 91.97
748.0 91.892
749.0 91.82
750.0 91.733
751.0 91.668
752.0 91.584
753.0 91.527999
754.0 91.423
755.0 91.348
756.0 91.283999
757.0 91.200999
758.0 91.121
759.0 91.054999
760.0 90.976
761.0 90.907
762.0 90.828
763.0 90.754
764.0 90.678
765.0 90.576
766.0 90.501
767.0 90.389
768.0 90.288
769.0 90.191
770.0 90.13
771.0 90.048
772.0 90.003
773.0 89.951
774.0 89.907
775.0 89.9
776.0 89.854
777.0 89.839
778.0 89.858999
779.0 89.872
780.0 89.854999
781.0 89.712
782.0 89.627
783.0 89.483
784.0 89.343999
785.0 89.211
786.0 89.137999
787.0 89.077
788.0 89.026
789.0 88.992999
790.0 88.961
791.0 88.920999
792.0 88.881
793.0 88.818
794.0 88.81
795.0 88.744999
796.0 88.7
797.0 88.646999
798.0 88.617999
799.0 88.58
800.0 88.521
801.0 88.519
802.0 88.452
803.0 88.419
804.0 88.390999
805.0 88.327999
806.0 88.301
807.0 88.263
808.0 88.231
809.0 88.185
810.0 88.151
811.0 88.121
812.0 88.093999
813.0 88.069
814.0 88.027999
815.0 88.012
816.0 87.951
817.0 87.932
818.0 87.904
819.0 87.878
820.0 87.841
821.0 87.829
822.0 87.794
823.0 87.768
824.0 87.741
825.0 87.729
826.0 87.705
827.0 87.675
828.0 87.634999
829.0 87.644
830.0 87.609
831.0 87.602
832.0 87.571
833.0 87.555
834.0 87.562
835.0 87.51
836.0 87.505
837.0 87.496
838.0 87.485999
839.0 87.461999
840.0 87.449
841.0 87.422
842.0 87.429999
843.0 87.414
844.0 87.417
845.0 87.402
846.0 87.385
847.0 87.371
848.0 87.378999
849.0 87.37
850.0 87.366
851.0 87.367999
852.0 87.361
853.0 87.355
854.0 87.346
855.0 87.361999
856.0 87.358
857.0 87.366
858.0 87.36
859.0 87.349
860.0 87.346
861.0 87.327
862.0 87.355
863.0 87.366999
864.0 87.355
865.0 87.363
866.0 87.35
867.0 87.387
868.0 87.378999
869.0 87.394
870.0 87.419
871.0 87.424
872.0 87.402
873.0 87.429
874.0 87.45
875.0 87.438
876.0 87.471
877.0 87.48
878.0 87.458
879.0 87.463
880.0 87.476
881.0 87.473999
882.0 87.499
883.0 87.56
884.0 87.631
885.0 87.670999
886.0 87.744999
887.0 87.780999
888.0 87.825
889.0 87.849999
890.0 87.875
891.0 87.892
892.0 87.949999
893.0 87.967
894.0 87.994
895.0 88.053
896.0 88.068
897.0 88.068
898.0 88.126
899.0 88.153
900.0 88.168
901.0 88.172
902.0 88.217999
903.0 88.224
904.0 88.224
905.0 88.195
906.0 88.247
907.0 88.231
908.0 88.243
909.0 88.217999
910.0 88.244
911.0 88.236
912.0 88.263
913.0 88.255
914.0 88.256999
915.0 88.303
916.0 88.315999
917.0 88.358999
918.0 88.443
919.0 88.456
920.0 88.511
921.0 88.543
922.0 88.607
923.0 88.663
924.0 88.7
925.0 88.753
926.0 88.795999
927.0 88.837
928.0 88.896
929.0 88.929
930.0 88.962
931.0 89.031
932.0 89.074
933.0 89.110999
934.0 89.154
935.0 89.188
936.0 89.22
937.0 89.252
938.0 89.317
939.0 89.353
940.0 89.366999
941.0 89.41
942.0 89.437999
943.0 89.473
944.0 89.535
945.0 89.529
946.0 89.587999
947.0 89.633
948.0 89.673999
949.0 89.75
950.0 89.769
951.0 89.813
952.0 89.854999
953.0 89.908
954.0 89.973
955.0 89.991
956.0 90.035
957.0 90.071
958.0 90.102999
959.0 90.149999
960.0 90.215
961.0 90.244
962.0 90.297
963.0 90.348
964.0 90.377
965.0 90.417
966.0 90.452999
967.0 90.518
968.0 90.577
969.0 90.624
970.0 90.661999
971.0 90.736
972.0 90.753
973.0 90.782
974.0 90.844
975.0 90.867
976.0 90.968
977.0 90.991999
978.0 91.036
979.0 91.089
980.0 91.232
981.0 91.330999
982.0 91.384
983.0 91.423
984.0 91.471
985.0 91.522
986.0 91.568
987.0 91.621
988.0 91.672
989.0 91.718999
990.0 91.764
991.0 91.805
992.0 91.837
993.0 91.864
994.0 91.940999
995.0 92.037
996.0 92.054
997.0 92.101
998.0 92.15
999.0 92.208
1000.0 92.259999
1001.0 92.325999
1002.0 92.348
1003.0 92.412
1004.0 92.467999
1005.0 92.512
1006.0 92.562999
1007.0 92.608
1008.0 92.663
1009.0 92.7
1010.0 92.746
1011.0 92.793
1012.0 92.844
1013.0 92.919
1014.0 92.94
1015.0 92.993
1016.0 93.048
1017.0 93.101
1018.0 93.166
1019.0 93.188999
1020.0 93.26
1021.0 93.291
1022.0 93.337
1023.0 93.41
1024.0 93.435999
1025.0 93.511
1026.0 93.545
1027.0 93.601999
1028.0 93.631
1029.0 93.699
1030.0 93.764
1031.0 93.786
1032.0 93.837
1033.0 93.869
1034.0 93.957
1035.0 93.971
1036.0 94.047
1037.0 94.088
1038.0 94.140999
1039.0 94.185
1040.0 94.227999
1041.0 94.237
1042.0 94.332
1043.0 94.352999
1044.0 94.411
1045.0 94.417
1046.0 94.494
1047.0 94.565
1048.0 94.589
1049.0 94.643
1050.0 94.675
1051.0 94.757
1052.0 94.801
1053.0 94.8
1054.0 94.892
1055.0 94.931
1056.0 94.938
1057.0 94.994999
1058.0 95.032
1059.0 95.121
1060.0 95.146
1061.0 95.182
1062.0 95.201
1063.0 95.262999
1064.0 95.298
1065.0 95.384
1066.0 95.421
1067.0 95.421
1068.0 95.509
1069.0 95.53
1070.0 95.572
1071.0 95.658
1072.0 95.631
1073.0 95.706999
1074.0 95.72
1075.0 95.724
1076.0 95.862
1077.0 95.879
1078.0 95.961
1079.0 96.009
1080.0 96.021
1081.0 96.017
1082.0 96.075999
1083.0 96.184
1084.0 96.111999
1085.0 96.269
1086.0 96.229
1087.0 96.244
1088.0 96.313
1089.0 96.399
1090.0 96.429
1091.0 96.450999
1092.0 96.435
1093.0 96.468
1094.0 96.592
1095.0 96.582
1096.0 96.526
1097.0 96.623
1098.0 96.718999
1099.0 96.773
1100.0 96.69
